-0.605239  
2.14952  
-0.685245  
-0.892761  
-0.592967  
-0.328969  
-0.47023  
-0.675541  
0.21209  
1.89781  
-0.719912  
-0.506433  
-0.494902  
-0.222015  
-0.706538  
-0.0243572  
-0.325715  
-0.451142  
-0.317163  
-0.080067  
-0.481142  
-0.714001  
-0.548332  
-0.184926  
-0.38867  
1.72364  
1.48258  
-0.63576  
-0.122772  
1.95831  
0.148874  
-0.229762  
-0.515449  
-0.503571  
-0.301184  
1.89837  
-0.534475  
-0.047536  
-0.648028  
-0.642011  
1.72156  
-0.228007  
-0.991723  
2.38535  
-0.636023  
-0.645584  
0.719806  
-0.318984  
-0.486664  
-0.159322  
-0.311829  
-0.44116  
3.5599  
-0.425558  
-0.616147  
