-0.372836  
-5.45981  
-0.0637985  
-0.537167  
-0.510667  
-0.0290357  
-0.00631057  
-0.401388  
0.242918  
2.81388  
-0.0638889  
-0.379181  
0.0223766  
0.165641  
-0.599824  
0.697758  
-0.093892  
0.0335358  
-0.293829  
1.42466  
0.0354935  
-0.447438  
-0.35456  
-0.238969  
-0.147537  
1.41142  
0.908456  
-0.185687  
-0.115405  
0.824328  
0.8313  
-0.129465  
0.0247486  
-0.323863  
-0.0630847  
0.817641  
-0.50122  
0.311895  
-0.506675  
-0.183257  
1.18526  
0.27176  
-0.286877  
0.571203  
-0.167428  
0.0379913  
-1.50929  
-0.217192  
0.010939  
-0.121896  
0.439133  
-0.0919002  
1.27939  
0.161326  
-0.119689  
