0.21657  
-2.0541  
0.189093  
0.438364  
0.310292  
0.134081  
0.189742  
0.333892  
0.0281364  
-2.01034  
0.325126  
0.288503  
0.229765  
0.11062  
0.110521  
-0.219263  
0.363193  
0.212638  
0.264788  
-0.803782  
0.198266  
0.137025  
0.423588  
0.0838192  
0.129884  
-1.23902  
5.73968  
0.0372812  
0.116744  
-1.18594  
-0.50907  
0.164135  
0.153476  
0.354708  
0.281599  
-1.07363  
0.43921  
-0.393061  
0.226216  
0.164967  
-0.722013  
-0.443568  
0.24249  
-0.95094  
-0.0906717  
0.0880869  
0.453606  
0.0269384  
0.0146051  
-0.0913621  
-0.133288  
0.215009  
-1.91855  
0.226962  
0.17498  
