-0.412977  
2.48554  
-0.379781  
-0.794838  
-0.591675  
-0.0883356  
-0.306242  
-0.590174  
0.0589357  
1.98041  
-0.487974  
-0.342169  
-0.393914  
-0.154699  
-0.691858  
0.176578  
-0.424104  
-0.414831  
-0.300226  
0.418475  
-0.373704  
-0.484716  
-0.595252  
-0.19422  
-0.432302  
1.79378  
1.33127  
-0.469092  
-0.266106  
1.819  
0.567974  
-0.173551  
-0.257748  
-0.503765  
-0.21482  
-3.1043  
-0.464961  
0.110002  
-0.612723  
-0.561128  
1.2846  
-0.0229636  
-0.679674  
2.20078  
-0.432114  
-0.480569  
0.256832  
-0.149443  
-0.190062  
0.072633  
0.00114736  
-0.204349  
3.44035  
-0.420545  
-0.336416  
