-0.0809269  
1.54756  
-0.056834  
-0.154128  
-0.112265  
0.204973  
-0.128427  
-0.261279  
0.0359002  
1.04544  
-0.045617  
-0.0499872  
-0.155713  
-0.044719  
-0.142795  
0.235166  
-0.104692  
-0.158143  
-0.10439  
0.636373  
-0.158052  
-0.0947182  
-0.0268674  
0.061732  
-0.109254  
1.17483  
0.784128  
-0.111201  
0.0247266  
0.923773  
0.524465  
-0.140001  
0.0712199  
-0.156911  
0.0351627  
0.651804  
-0.10748  
0.225623  
-0.209372  
-0.0608408  
0.740215  
0.0757939  
-0.237777  
0.967973  
-0.191094  
-0.0574204  
-0.162917  
-0.0121213  
-0.00591697  
0.158584  
0.187152  
-0.0898259  
-6.65672  
-0.115482  
-0.0087074  
