-0.345821  
2.38711  
-0.261343  
-0.652244  
-0.351513  
0.0240149  
-0.40286  
-0.482043  
-0.214469  
-1.12946  
-0.435232  
-0.365025  
-0.307672  
-0.217631  
-0.468537  
0.285945  
-0.277439  
-0.56129  
-0.109585  
-0.0790652  
-0.473098  
-0.511793  
-0.336582  
-0.0141158  
-0.421491  
1.81699  
1.4611  
-0.35145  
-0.0641888  
1.96642  
0.476377  
-0.266058  
-0.1561  
-0.318684  
-0.242842  
1.47687  
-0.247005  
0.437138  
-0.447843  
-0.294124  
1.74608  
-0.0616957  
-0.612615  
2.21052  
-0.500424  
-0.475248  
-3.36114  
-0.228301  
-0.17507  
-0.163055  
0.0275456  
-0.41786  
3.25438  
-0.417651  
-0.35083  
