-0.335194  
2.7051  
-0.328314  
-0.755894  
-0.556107  
-0.0816356  
-0.302703  
-0.674575  
0.196889  
2.45279  
-0.523008  
-0.455977  
-0.484116  
-0.177495  
-0.593994  
0.0985505  
-0.357468  
-0.251554  
-0.339513  
1.08464  
-0.271285  
-0.508058  
-0.396296  
-0.263667  
-0.301496  
-3.18971  
1.47019  
-0.571751  
-0.431804  
1.95035  
0.597081  
-0.253279  
-0.204664  
-0.362474  
-0.144608  
1.7177  
-0.384281  
0.204608  
-0.726055  
-0.339014  
1.3604  
-0.0240771  
-0.721798  
1.65226  
-0.548657  
-0.405162  
-0.401285  
-0.411618  
-0.214459  
-0.191828  
0.213297  
-0.325095  
2.87165  
-0.3103  
-0.455233  
