-0.218245  
-0.97669  
-0.140838  
0.505965  
0.42738  
-0.247003  
0.765598  
0.238569  
0.866934  
2.51836  
0.4892  
0.21567  
0.9713  
0.899154  
-0.387005  
-0.0445518  
0.970926  
0.943438  
0.140664  
-2.20165  
0.862418  
-0.0617169  
0.0980477  
-0.155803  
1.01888  
-0.687537  
-0.732883  
0.375704  
0.382636  
-2.07645  
-1.54361  
0.94006  
0.482737  
0.129113  
0.704847  
-0.661177  
-0.167849  
-0.836389  
0.807847  
0.159193  
-0.790397  
-0.538582  
0.866361  
-2.27529  
0.371147  
0.608885  
-2.29364  
0.464802  
-0.114104  
-0.155125  
-0.391615  
0.859999  
-2.7236  
1.16821  
0.167704  
