-0.130601  
1.34808  
-0.00353366  
-0.169251  
-0.120789  
0.143727  
0.119627  
-0.232193  
-0.178463  
0.662343  
0.101873  
-0.157345  
0.126937  
0.0172379  
-0.342048  
0.381378  
0.0558285  
0.0344649  
-0.0179866  
0.470127  
-0.016596  
-0.153626  
-0.0826112  
-0.0354307  
-0.0284668  
0.92377  
0.700933  
-0.00835622  
-0.0131105  
0.561739  
0.338447  
0.0353419  
0.172743  
-0.17241  
0.191856  
0.502728  
-0.185319  
0.13022  
-0.0531857  
-0.0668321  
0.855419  
0.150888  
0.0255313  
-6.87293  
-0.202142  
-0.000265812  
-0.106287  
-0.0375943  
-0.0159774  
0.0557365  
0.279395  
0.0613016  
0.815251  
0.092341  
0.048085  
