-0.328477  
2.24466  
-0.208311  
-0.499079  
-0.383971  
-0.0720996  
-0.200038  
-0.405822  
-0.0127046  
1.19333  
-0.399998  
-0.376836  
-0.371371  
-0.171146  
-0.545198  
0.370367  
-0.393381  
-0.195322  
-0.322921  
0.700617  
-0.243287  
-0.240056  
-0.376842  
-0.0708235  
-0.344278  
1.43731  
1.1433  
-0.256399  
-0.108418  
-5.26698  
0.724937  
-0.216638  
-0.0369427  
-0.254143  
-0.115571  
0.9612  
-0.398841  
0.397714  
-0.334317  
-0.291888  
1.39667  
0.0700175  
-0.476488  
1.54158  
-0.16871  
-0.271125  
0.239593  
-0.0759556  
-0.0677143  
-0.0342202  
0.211235  
-0.321398  
2.54833  
-0.163839  
-0.159299  
