-0.408999  
2.08303  
-0.189556  
-0.670143  
-0.781911  
-0.0410681  
-0.0654281  
-0.608884  
0.208426  
1.50292  
-0.213546  
-0.440816  
-0.114078  
-0.00610476  
-0.600406  
0.483652  
-0.092004  
-0.191885  
-0.272842  
0.684206  
-0.252311  
-0.560972  
-0.364561  
-0.484747  
-0.301002  
2.04302  
1.39838  
-0.454347  
-0.134968  
1.17732  
0.586628  
-0.12445  
-0.0159321  
-0.144914  
-0.0377278  
1.34938  
-0.191313  
0.54401  
-0.561274  
-0.289971  
-4.95307  
0.0296628  
-0.398578  
1.03327  
-0.53889  
-0.172546  
-0.177192  
-0.597556  
-0.00416173  
0.112141  
0.219114  
-0.127095  
2.48077  
-0.104747  
-0.245933  
