102.469  
549.707  
303.041  
124.922  
229.308  
587.147  
8.77355  
42.0284  
1212.78  
611.313  
414.831  
1275.28  
7.67389  
245.891  
83.3144  
455.891  
462.521  
310.547  
176.829  
132.66  
138.232  
221.172  
617.313  
332.342  
37.7768  
396.498  
267.66  
280.33  
36.6657  
17.2875  
0.144964  
36.4848  
4.50566  
1.3827  
0.567714  
0.177326  
0.0637194  
0.0994478  
0.123394  
0.127597  
0.11936  
0.155895  
0.163867  
0.163162  
0.175516  
0.165006  
0.163059  
0.184851  
0.159404  
0.163302  
0.148201  
0.147624  
0.148847  
0.125736  
0.156494  
0.130146  
0.122993  
0.133111  
0.12277  
0.12594  
0.14024  
0.140403  
0.108033  
0.127594  
0.11969  
0.115196  
0.115838  
0.102949  
0.117405  
0.125244  
