312.765  
90.2535  
172.771  
72.1231  
465.155  
295.908  
90.2921  
1787.83  
25.455  
462.977  
511.875  
262.18  
1097.76  
45.5258  
601.21  
182.813  
416.144  
376.432  
336.209  
39.529  
56.5422  
195.428  
566.229  
614.371  
127.642  
197.46  
26.8372  
62.9562  
184.091  
1.90679  
37.3568  
4.48967  
2.70794  
2.89252  
0.446038  
0.369879  
0.391941  
0.290022  
0.255893  
0.180102  
0.203116  
0.177014  
0.157414  
0.151024  
0.125047  
0.111601  
0.108167  
0.102478  
0.0816632  
0.0835342  
0.0636099  
0.0595839  
0.0565  
0.0503347  
0.0447366  
0.0362648  
0.0398275  
0.0378886  
0.0303846  
0.0297399  
0.0253193  
0.0258281  
0.0264846  
0.0236603  
0.0197978  
0.0220833  
0.0211458  
0.0161342  
0.0197032  
0.0180833  
