1435.63  
176.296  
107.652  
153.974  
155.114  
814.145  
115.417  
1303.81  
477.189  
226.827  
362.92  
1323.89  
788.513  
285.637  
187.031  
298.253  
50.0364  
100.014  
80.9568  
311.095  
159.017  
34.5194  
63.0762  
122.043  
280.502  
97.0635  
148.552  
17.287  
8.87439  
13.5206  
7.95196  
18.9431  
0.307153  
0.968494  
0.837358  
0.268259  
0.187419  
0.179114  
0.159325  
0.12679  
0.121108  
0.073206  
0.0906573  
0.0705422  
0.0642976  
0.0610279  
0.0481348  
0.0523036  
0.0443421  
0.040365  
0.0345608  
0.0420197  
0.0414361  
0.0443969  
0.0373166  
0.0207511  
0.0342101  
0.0226372  
0.0299554  
0.0262821  
0.0295487  
0.0209644  
0.0221727  
0.0259967  
0.0197956  
0.0242079  
0.0244688  
0.0179391  
0.0278126  
0.0188182  
