194.037  
262.761  
302.022  
92.2683  
31.4355  
42.8706  
215.339  
8.55758  
259.365  
580.911  
1720.4  
1023.21  
843.426  
90.5981  
405.802  
178.823  
332.755  
728.339  
13.9111  
24.0869  
146.351  
38.0872  
11.8866  
315.361  
387.654  
604.032  
429.455  
51.2088  
103.188  
38.7049  
168.056  
41.8371  
3.23027  
20.7931  
2.88305  
3.24277  
1.72571  
1.34596  
1.10936  
0.867342  
0.778891  
0.695648  
0.5993  
0.528781  
0.473882  
0.366859  
0.369232  
0.320578  
0.284681  
0.287142  
0.264559  
0.245033  
0.227655  
0.229088  
0.21152  
0.191505  
0.177762  
0.17314  
0.157714  
0.169045  
0.156134  
0.150095  
0.140889  
0.125235  
0.143756  
0.132731  
0.13656  
0.132281  
0.122  
0.139264  
