134.588  
449.424  
99.73  
536.211  
68.5418  
427.318  
333.271  
826.33  
272.554  
249.901  
42.3253  
2325.9  
21.3948  
328.823  
211.897  
177.087  
84.5672  
194.413  
350.917  
68.7719  
367.206  
380.472  
254.755  
177.698  
379.341  
29.136  
594.346  
15.1932  
204.469  
69.7604  
18.3776  
16.4827  
4.06714  
6.84406  
2.82573  
1.23514  
0.734313  
0.521133  
0.364937  
0.281061  
0.259248  
0.187429  
0.12586  
0.122639  
0.110189  
0.0991419  
0.078596  
0.0700682  
0.0711586  
0.0670489  
0.0707266  
0.0442377  
0.0474579  
0.0385079  
0.0531301  
0.0463166  
0.0322509  
0.0440182  
0.0381439  
0.0409763  
0.0316671  
0.0336376  
0.0310954  
0.0302268  
0.0308318  
0.027176  
0.0226283  
0.0294486  
0.0272344  
0.0243518  
