600.762  
198.737  
322.146  
99.7815  
145.341  
364.055  
594.19  
1778.61  
931.611  
77.697  
370.546  
194.91  
485.066  
176.137  
189.924  
373.225  
753.213  
61.1412  
141.738  
30.8132  
430.767  
429.084  
92.5639  
76.0371  
201.543  
145.683  
8.4899  
99.4946  
94.9134  
196.582  
11.7577  
35.8273  
4.23128  
1.33533  
1.97503  
0.821534  
0.92769  
0.827451  
0.763256  
0.628731  
0.566403  
0.487228  
0.442555  
0.380071  
0.353285  
0.321353  
0.285301  
0.259204  
0.243915  
0.213401  
0.209219  
0.186812  
0.178703  
0.171536  
0.155497  
0.145978  
0.137978  
0.126014  
0.116658  
0.117559  
0.111944  
0.11104  
0.108567  
0.106766  
0.105977  
0.0992527  
0.102055  
0.103945  
0.100537  
0.0989784  
