401.146  
103.438  
141.327  
65.557  
41.8892  
604.97  
394.211  
1634.04  
381.21  
158.318  
205.693  
54.5603  
500.199  
458.205  
399.399  
615.837  
807.934  
10.8899  
181.81  
28.4649  
420.053  
488.541  
287.495  
31.7371  
513.822  
267.9  
136.995  
16.0561  
111.423  
157.508  
29.4676  
25.1202  
1.20636  
5.15955  
2.59042  
2.67766  
2.76407  
2.59287  
2.46349  
2.1842  
2.05669  
1.80533  
1.75376  
1.64391  
1.51054  
1.48796  
1.38181  
1.32216  
1.27487  
1.16156  
1.09962  
1.07527  
1.11822  
1.02867  
1.05032  
0.93728  
0.965886  
0.925301  
0.854565  
0.865763  
0.832681  
0.831019  
0.832838  
0.850185  
0.832302  
0.831258  
0.832613  
0.786692  
0.815252  
0.759977  
