41.3665  
2.20558  
33.2485  
56.426  
222.742  
142.603  
15.3318  
393.972  
302.592  
138.051  
652.35  
1009.75  
72.2722  
1182.35  
444.887  
116.478  
43.933  
67.1326  
524.416  
459.414  
28.1193  
189.364  
732.471  
556.084  
422.02  
719.008  
392.968  
453.368  
38.7852  
128.692  
107.095  
13.6193  
17.7933  
4.68344  
0.728707  
0.860863  
0.440865  
0.30612  
0.232055  
0.219325  
0.168899  
0.1129  
0.119977  
0.101804  
0.0845928  
0.072351  
0.0696039  
0.0672672  
0.0687408  
0.0546732  
0.0471293  
0.0437303  
0.0487074  
0.0460872  
0.0469549  
0.0435948  
0.0356411  
0.0356126  
0.0353469  
0.0293413  
0.029724  
0.0206901  
0.0399169  
0.0330993  
0.0301596  
0.0306318  
0.0270435  
0.0269549  
0.0305779  
0.0283947  
