91.3174  
2.90039  
39.0675  
91.2836  
46.9322  
370.676  
84.6229  
256.251  
172.387  
593.328  
1205.69  
676.488  
190.165  
1268.46  
75.7736  
470.975  
132.502  
698.33  
72.0732  
435.773  
369.863  
379.822  
285.825  
285.357  
106.064  
276.158  
351.21  
341.746  
127.488  
142.658  
16.8103  
11.4961  
9.66059  
15.6187  
0.253205  
3.37013  
3.27519  
2.35507  
2.11503  
1.79416  
1.45094  
1.38818  
1.3622  
1.13089  
1.1335  
0.980992  
0.899329  
0.885272  
0.832624  
0.766387  
0.712353  
0.686622  
0.727943  
0.607638  
0.647713  
0.589819  
0.584785  
0.550168  
0.559574  
0.54004  
0.547026  
0.562699  
0.574434  
0.531381  
0.511438  
0.494981  
0.482963  
0.550746  
0.511101  
0.511323  
