18.6079  
90.3931  
210.961  
456.987  
475.916  
700.541  
899.758  
811.846  
809.546  
128.788  
108.671  
284.245  
78.6849  
473.846  
398.795  
258.567  
17.3646  
0.286701  
179.135  
60.1211  
138.881  
621.754  
258.29  
182.687  
865.617  
236.437  
242.038  
232.526  
361.126  
53.615  
15.5394  
38.7895  
8.41004  
0.224546  
2.06216  
1.96429  
0.91679  
0.66114  
0.501041  
0.411626  
0.40541  
0.346174  
0.297769  
0.267947  
0.247165  
0.225791  
0.181927  
0.179193  
0.167552  
0.141876  
0.148802  
0.120446  
0.124239  
0.113529  
0.111661  
0.11249  
0.121655  
0.106864  
0.109624  
0.110677  
0.105908  
0.0978189  
0.0933272  
0.0847306  
0.0846532  
0.0995762  
0.0859697  
0.0846112  
0.0771765  
0.0717163  
