26.015  
13.014  
54.58  
376.763  
588.49  
418.015  
227.26  
2198.37  
1318.75  
78.1393  
561.898  
142.489  
364.134  
323.401  
22.4144  
108.8  
325.504  
241.994  
316.68  
0.241148  
85.2212  
148.59  
75.3299  
105.286  
52.7567  
231.084  
698.857  
199.044  
36.3129  
168.432  
26.2601  
44.7176  
65.2336  
10.7058  
3.32863  
5.66837  
4.8386  
4.09857  
3.61797  
3.18633  
2.99432  
2.76352  
2.55981  
2.38544  
2.23197  
2.11345  
2.01584  
1.9555  
1.8559  
1.78183  
1.72631  
1.65076  
1.63122  
1.5926  
1.53666  
1.47933  
1.42491  
1.45257  
1.39765  
1.40099  
1.33675  
1.36479  
1.39046  
1.28015  
1.32473  
1.29512  
1.29172  
1.30844  
1.28799  
1.28912  
