17.0188  
9.46794  
138.334  
342.394  
292.663  
516.276  
276.85  
1289.89  
1043.36  
292.099  
91.9221  
418.232  
48.1011  
228.899  
21.3573  
31.4626  
489.05  
576.853  
455.337  
112.834  
130.447  
149.831  
11.4594  
245.524  
14.7817  
785.494  
1184.28  
56.3671  
46.0213  
123.733  
222.187  
60.1089  
0.242082  
4.35398  
1.2965  
0.281948  
0.241757  
0.160589  
0.155675  
0.114937  
0.0792758  
0.0575581  
0.057174  
0.0425613  
0.0472413  
0.0343164  
0.0260953  
0.0235608  
0.0152423  
0.0172396  
0.0149635  
0.0127849  
0.0104588  
0.00797818  
0.00902718  
0.00775372  
0.00775251  
0.0051296  
0.0039464  
0.00320177  
0.00666007  
0.00408267  
0.00393235  
0.00415205  
0.00258211  
0.00332854  
0.00144616  
0.00234945  
0.00203023  
0.00278651  
