2293.46  
1180.86  
667.441  
52.9164  
244.344  
574.72  
601.663  
573.969  
199.998  
37.1608  
51.1597  
329.732  
273.957  
189.661  
21.4405  
48.4665  
266.712  
214.504  
241.125  
147.649  
108.563  
108.434  
256.127  
260.625  
119.73  
9.80104  
40.9866  
48.7482  
126.524  
141.544  
63.0972  
18.4345  
23.4979  
38.2626  
18.5993  
12.8728  
10.8517  
9.41446  
8.17515  
7.16311  
6.13332  
5.56429  
5.10622  
4.66501  
4.31018  
3.97621  
3.68428  
3.51429  
3.26386  
3.12462  
2.93292  
2.843  
2.72172  
2.60723  
2.46174  
2.38908  
2.3371  
2.28592  
2.22277  
2.18569  
2.15565  
2.06951  
2.10975  
2.01309  
2.02287  
1.99279  
1.97938  
1.98123  
1.97232  
1.96938  
