121.98  
850.305  
627.688  
188.254  
411.493  
1081.89  
128.266  
97.6176  
822.845  
560.842  
55.1419  
999.358  
3.41473  
6.7112  
117.77  
646.173  
241.892  
79.141  
297.485  
381.407  
93.4294  
309.729  
761.981  
52.4162  
11.2985  
107.38  
260.609  
97.3054  
80.2782  
55.8687  
83.2995  
16.6494  
2.14675  
13.0208  
8.77214  
8.16955  
5.41247  
4.57142  
3.85335  
3.39704  
2.87908  
2.54099  
2.26463  
2.00272  
1.77607  
1.62679  
1.46836  
1.33971  
1.22369  
1.12562  
1.03408  
0.953536  
0.898532  
0.840996  
0.759288  
0.709279  
0.681774  
0.652303  
0.616546  
0.586335  
0.545236  
0.535363  
0.535486  
0.511274  
0.494436  
0.488832  
0.473786  
0.478745  
0.457624  
0.471761  
