1735.31  
776.779  
72.407  
220.042  
339.421  
870.855  
55.4335  
187.982  
858.469  
652.754  
320.609  
833.59  
350.98  
66.4546  
335.503  
84.2726  
189.914  
140.24  
133.522  
122.798  
82.3403  
115.851  
56.4621  
527.666  
30.3802  
181.961  
3.25732  
36.977  
20.9799  
235.364  
44.5727  
37.3898  
0.296533  
2.36956  
2.8891  
0.937614  
0.350551  
0.297753  
0.256029  
0.231372  
0.17824  
0.152497  
0.115573  
0.120479  
0.0938633  
0.11102  
0.0823808  
0.0682582  
0.0615629  
0.0676352  
0.0517701  
0.0494863  
0.048757  
0.0559116  
0.0444325  
0.0364783  
0.0467752  
0.0443967  
0.0397917  
0.0375139  
0.0265873  
0.0347882  
0.0411139  
0.039862  
0.0318411  
0.0331067  
0.0348067  
0.0354719  
0.0354478  
0.0214402  
