1691.06  
468.989  
417.434  
434.011  
387.797  
200.793  
360.393  
1443.64  
113.128  
550.967  
1341.84  
332.074  
198.244  
157.563  
48.0821  
127.728  
80.2244  
216.6  
40.1107  
56.6487  
199.122  
50.3295  
67.8831  
18.8937  
187.592  
165.08  
116.21  
131.915  
49.6575  
42.657  
10.4052  
6.62896  
1.04919  
5.92734  
1.64293  
1.49753  
1.05525  
0.744249  
0.638685  
0.514104  
0.459873  
0.37052  
0.313198  
0.27468  
0.229513  
0.215979  
0.172508  
0.148766  
0.138057  
0.103866  
0.0977188  
0.0778895  
0.0766029  
0.0857439  
0.0564452  
0.0552066  
0.0459513  
0.0481282  
0.0363106  
0.0334908  
0.0255867  
0.0237821  
0.0201685  
0.0243425  
0.019682  
0.0193446  
0.016889  
0.0125964  
0.018971  
0.0121046  
