158.224  
290.16  
128.041  
42.056  
138.377  
432.971  
222.86  
468.251  
937.981  
1068.97  
195.897  
1542.45  
259.237  
437.823  
4.64849  
83.3618  
466.838  
89.6633  
150.355  
24.8237  
55.8814  
145.839  
156.411  
435.919  
455.492  
238.633  
511.817  
15.5688  
187.772  
57.3759  
267.068  
1.6197  
0.718653  
2.85752  
8.58983  
3.73187  
2.67565  
2.45079  
2.36374  
2.10825  
1.88239  
1.87338  
1.68434  
1.57116  
1.47535  
1.42308  
1.34855  
1.25398  
1.1764  
1.13372  
1.13249  
1.05591  
1.03607  
0.974271  
0.964178  
0.939787  
0.916671  
0.895599  
0.879467  
0.841648  
0.849435  
0.824067  
0.786167  
0.83144  
0.786109  
0.803991  
0.801131  
0.772189  
0.813559  
0.789408  
