18.3111  
31.9568  
81.4146  
92.3235  
75.5291  
83.5679  
85.7159  
1295.8  
57.8231  
80.3774  
1304.48  
51.479  
268.43  
252.373  
26.054  
212.67  
340.282  
611.197  
763.003  
54.192  
220.482  
163.491  
792.075  
60.8852  
181.284  
807.972  
951.7  
261.664  
76.4001  
51.3703  
334.197  
3.27448  
20.573  
1.19057  
2.70773  
2.76437  
2.05418  
1.57182  
1.24783  
0.931109  
0.80397  
0.723807  
0.556949  
0.489163  
0.409246  
0.331621  
0.307686  
0.261855  
0.19825  
0.181916  
0.163742  
0.143029  
0.0990112  
0.0960211  
0.0917984  
0.0654486  
0.0564876  
0.0589278  
0.0370107  
0.0318546  
0.0205365  
0.0195575  
0.0174093  
0.00959994  
0.00559215  
0.00459002  
0.0047496  
0.000711186  
0.000843698  
0.00133965  
