299.004  
115.831  
392.373  
259.719  
93.5786  
24.5151  
20.7532  
8.31921  
253.052  
346.51  
761.499  
2206.7  
227.238  
575.399  
298.705  
310.921  
55.2382  
0.0306906  
82.0356  
447.891  
308.884  
96.5837  
89.3123  
381.537  
39.3993  
369.916  
1045.18  
144.311  
182.179  
143.758  
50.8084  
18.993  
2.9884  
14.0402  
6.21243  
6.46949  
4.60236  
3.90566  
3.47802  
3.08859  
2.6765  
2.50261  
2.15001  
2.01864  
1.79468  
1.65731  
1.56583  
1.43169  
1.32567  
1.27017  
1.19436  
1.0981  
1.04514  
1.02751  
0.946836  
0.954463  
0.897269  
0.874954  
0.821702  
0.793991  
0.804831  
0.777333  
0.745318  
0.758501  
0.720408  
0.720462  
0.713451  
0.701935  
0.725099  
0.669504  
