2502.94  
277.642  
400.638  
323.246  
275.126  
551.615  
107.231  
1393.51  
35.541  
473.728  
809.466  
765.27  
175.586  
231.123  
51.7102  
166.395  
144.265  
11.9844  
61.9498  
163.982  
68.3222  
17.0561  
67.1332  
37.2583  
209.214  
82.4398  
77.716  
33.3733  
136.188  
62.064  
1.09024  
6.09808  
0.429297  
3.90121  
0.218776  
0.877349  
0.541048  
0.426666  
0.346583  
0.303842  
0.278473  
0.209464  
0.19654  
0.161978  
0.143827  
0.120441  
0.108209  
0.0934274  
0.0804086  
0.0728481  
0.0722674  
0.0567692  
0.0538822  
0.0501653  
0.0407448  
0.036776  
0.0328966  
0.0287597  
0.0315159  
0.0254777  
0.0217585  
0.019516  
0.0199538  
0.0199494  
0.0145639  
0.0130691  
0.0137734  
0.0134113  
0.0144015  
0.0127713  
