626.415  
484.546  
602.22  
235.678  
959.702  
350.373  
604.967  
46.3966  
753.488  
194.978  
204.671  
0.667928  
4.81327  
851.683  
126.452  
295.689  
81.821  
18.2871  
58.3919  
185.564  
368.02  
341.528  
97.2939  
256.915  
403.302  
493.24  
231.147  
85.1105  
14.3361  
482.543  
32.3022  
14.7841  
65.9914  
27.479  
16.9396  
12.7358  
10.2896  
8.79933  
7.61579  
6.70769  
5.70748  
5.02534  
4.5468  
3.96851  
3.57452  
3.32104  
3.10167  
2.82656  
2.60005  
2.37698  
2.18237  
2.02799  
1.89915  
1.87194  
1.80235  
1.69962  
1.55253  
1.52137  
1.46085  
1.34982  
1.37092  
1.30908  
1.26932  
1.23781  
1.19285  
1.25126  
1.22127  
1.14463  
1.13402  
1.14208  
