280.438  
69.8832  
397.573  
43.8003  
327.837  
523.862  
654.836  
1693.62  
1931.03  
25.1033  
298.989  
120.369  
476.322  
238.241  
211.179  
395.762  
328.964  
5.63945  
76.1315  
8.70919  
216.229  
344.507  
210.368  
115.21  
245.309  
165.841  
9.96386  
162.44  
4.107  
74.2579  
44.6023  
2.93319  
3.1996  
0.488829  
1.3774  
1.52522  
1.87434  
1.69146  
1.49715  
1.28095  
1.1869  
1.04436  
0.952149  
0.909726  
0.7663  
0.69492  
0.617705  
0.605722  
0.545802  
0.495453  
0.418015  
0.412408  
0.375084  
0.315472  
0.354397  
0.29803  
0.295699  
0.260322  
0.255288  
0.234331  
0.252329  
0.246536  
0.20537  
0.204151  
0.220154  
0.192541  
0.188242  
0.187826  
0.174505  
0.198457  
