32.382  
51.6859  
25.7431  
41.2335  
50.5477  
1169.15  
160.055  
144.516  
230.426  
293.567  
1624.34  
365.845  
320.875  
200.511  
314.155  
268.061  
809.722  
289.343  
163.546  
75.7603  
155.521  
100.437  
247.209  
170.321  
299.06  
1051.97  
491.976  
96.0985  
29.8865  
124.514  
275.412  
33.7528  
4.22708  
10.9787  
0.725299  
0.662505  
0.495789  
0.426434  
0.356147  
0.30043  
0.311527  
0.307527  
0.25144  
0.234246  
0.197138  
0.207471  
0.208102  
0.173695  
0.189987  
0.144169  
0.139868  
0.133703  
0.134521  
0.118829  
0.118735  
0.110543  
0.118033  
0.102081  
0.0877269  
0.101831  
0.0845151  
0.104079  
0.0806155  
0.081212  
0.0925372  
0.0897889  
0.0873182  
0.0847582  
0.077868  
0.0682664  
