683.775  
39.2645  
299.101  
18.3705  
270.631  
207.52  
421.018  
1031.42  
557.354  
582.036  
585.649  
148.374  
845.722  
37.5801  
1074.02  
8.05993  
100.565  
27.2887  
357.052  
362.412  
137.405  
157.726  
375.227  
424.811  
209.259  
221.179  
71.71  
14.1651  
290.79  
119.124  
4.27305  
4.87109  
2.54151  
9.98608  
3.28298  
2.51027  
2.40488  
1.94723  
1.69149  
1.40441  
1.33885  
1.19516  
1.05865  
0.930822  
0.817609  
0.771041  
0.756267  
0.680691  
0.598418  
0.593073  
0.543812  
0.520369  
0.471833  
0.516506  
0.431348  
0.405782  
0.413044  
0.42469  
0.386947  
0.39541  
0.357844  
0.342593  
0.364126  
0.351594  
0.333609  
0.351492  
0.346262  
0.311462  
0.321173  
0.307909  
