1868.97  
1092.61  
618.974  
13.6839  
281.991  
156.755  
344.897  
262.419  
682.275  
372.127  
871.406  
240.119  
253.959  
124.887  
138.161  
112.312  
136.917  
199.944  
104.771  
182.142  
346.353  
76.4068  
478.728  
34.9108  
82.4296  
57.5942  
286.067  
42.079  
19.6592  
12.97  
24.3332  
43.8167  
1.92316  
14.3596  
18.9776  
10.8113  
8.77042  
7.85668  
6.93229  
6.12102  
5.32921  
4.9769  
4.69216  
4.33837  
4.03254  
3.82926  
3.50161  
3.56793  
3.29325  
3.15219  
3.08032  
2.96177  
2.87537  
2.82352  
2.74166  
2.64332  
2.55303  
2.53134  
2.46877  
2.43167  
2.37931  
2.34835  
2.34037  
2.28415  
2.27638  
2.24797  
2.2376  
2.25549  
2.28  
2.20256  
