26.7098  
111.759  
63.9418  
61.8506  
215.792  
234.191  
288.504  
2544.17  
387.679  
343.245  
668.448  
561.976  
815.096  
230.017  
391.752  
138.66  
523.121  
123.252  
340.253  
30.2327  
222.537  
384.503  
244.147  
186.379  
12.0556  
251.035  
79.0972  
162.328  
2.10776  
19.4646  
39.9666  
6.83025  
1.59167  
7.72685  
2.26879  
0.679181  
0.92095  
0.725387  
0.590759  
0.539013  
0.477206  
0.354236  
0.332499  
0.292543  
0.249276  
0.232914  
0.198481  
0.186468  
0.167095  
0.143121  
0.125704  
0.119762  
0.102949  
0.0892233  
0.078293  
0.0746785  
0.064676  
0.0669332  
0.0653318  
0.063412  
0.0531836  
0.0429635  
0.0474839  
0.047699  
0.0358197  
0.0371057  
0.0326151  
0.0308119  
0.0354334  
0.0263776  
