112.977  
82.6812  
273.716  
101.268  
378.651  
198.773  
595.908  
3005.42  
385.715  
1806.79  
149.457  
251.203  
366.656  
383.231  
66.1998  
130.628  
171.437  
233.745  
111.628  
37.2154  
16.5411  
238.622  
160.385  
9.45151  
8.31712  
66.4485  
150.167  
15.7952  
2.87913  
157.305  
44.4752  
7.90576  
0.150537  
0.862034  
1.23897  
1.06833  
0.575054  
0.463741  
0.372853  
0.302211  
0.262258  
0.237745  
0.205467  
0.184225  
0.174082  
0.147056  
0.140414  
0.141337  
0.123864  
0.102925  
0.105333  
0.115949  
0.0894232  
0.106186  
0.0929748  
0.0806376  
0.0909721  
0.0869151  
0.0846568  
0.0901389  
0.0833967  
0.0825414  
0.0725734  
0.0699365  
0.0680961  
0.080598  
0.0717177  
0.0686096  
0.0777713  
0.0759624  
