108.348  
12.9647  
55.8101  
485.042  
111.258  
42.8375  
462.905  
411.54  
66.0457  
634.367  
751.864  
29.533  
1954.24  
354.576  
824.482  
87.4425  
577.161  
82.8776  
224.503  
39.2251  
213.986  
839.341  
324.937  
41.9764  
21.1758  
374.805  
172.247  
3.86209  
29.6254  
170.772  
50.5697  
15.0143  
38.2057  
18.1934  
5.57623  
7.64653  
6.58522  
5.59313  
4.83372  
4.34894  
3.89529  
3.53635  
3.29065  
3.12902  
2.74847  
2.75651  
2.56011  
2.43025  
2.44182  
2.25991  
2.17026  
2.09838  
2.03955  
1.92512  
1.9549  
1.88179  
1.84288  
1.79814  
1.74529  
1.7479  
1.65398  
1.6845  
1.68832  
1.61063  
1.67426  
1.60542  
1.60957  
1.57749  
1.554  
1.55477  
