1893.7  
163.495  
504.582  
286.887  
180.777  
90.6366  
691.025  
1942.74  
85.4559  
394.698  
927.983  
481.044  
220.722  
143.118  
53.5841  
141.469  
232.081  
58.257  
42.9656  
62.3723  
115.786  
138.808  
63.8547  
16.7141  
284.506  
254.341  
58.5147  
48.364  
62.2856  
77.6472  
3.92272  
2.86516  
1.44789  
0.549248  
0.01787  
0.231788  
0.142404  
0.129983  
0.127859  
0.110673  
0.114467  
0.088316  
0.0967678  
0.0863338  
0.0896783  
0.0818931  
0.0803747  
0.0733774  
0.0771049  
0.0647898  
0.0700848  
0.0649381  
0.0729123  
0.0771427  
0.0612298  
0.058734  
0.0597786  
0.0615375  
0.0576737  
0.0649552  
0.0567173  
0.0569222  
0.0549039  
0.0620254  
0.054212  
0.0626999  
0.0554785  
0.0500004  
0.0555959  
0.0525428  
