558.122  
171.128  
344.614  
118.369  
167.338  
459.758  
573.706  
1590.38  
1405.56  
47.3155  
192.765  
648.854  
218.968  
143.324  
159.684  
316.11  
739.579  
56.2104  
106.345  
24.4854  
262.194  
500.05  
130.738  
14.3514  
89.3601  
181.067  
60.4491  
59.9695  
99.6458  
217.623  
33.4078  
26.3865  
1.06264  
1.63106  
1.22262  
1.08076  
0.975592  
0.837596  
0.722135  
0.610063  
0.525415  
0.43928  
0.381939  
0.315337  
0.269229  
0.255886  
0.209327  
0.178353  
0.162022  
0.145086  
0.124734  
0.106937  
0.113103  
0.087305  
0.0842881  
0.0681415  
0.066224  
0.0596104  
0.0452809  
0.0498433  
0.0394784  
0.0394012  
0.0378682  
0.0356239  
0.0288218  
0.0293872  
0.0318864  
0.0307551  
0.0302058  
0.022465  
