-0.698705  0.381944  
0.345773  0.381944  
0.501466  0.381944  
-0.138763  0.381944  
-0.155743  0.381944  
0.797434  0.381944  
0.378964  0.381944  
0.35841  0.381944  
1.07166  0.381944  
0.330489  0.381944  
-8.38374  0.381944  
-0.543229  0.381944  
1.36244  0.381944  
0.81595  0.381944  
0.635545  0.381944  
16.6108  0.381944  
2.73928  0.381944  
0.576659  0.381944  
-0.683665  0.381944  
-1.27289  0.381944  
0.562255  0.381944  
0.590391  0.381944  
-0.0131686  0.381944  
0.355111  0.381944  
0.284671  0.381944  
1.34977  0.381944  
-0.798167  0.381944  
-0.0515753  0.381944  
0.701743  0.381944  
0.670943  0.381944  
0.428913  0.381944  
-0.616704  0.381944  
0.631516  0.381944  
0.423735  0.381944  
-0.285062  0.381944  
0.148367  0.381944  
0.0363979  0.381944  
-0.705872  0.381944  
-2.88798  0.381944  
-0.491897  0.381944  
0.678193  0.381944  
