1.39434  0.644673  
0.647862  0.644673  
0.826676  0.644673  
0.497454  0.644673  
0.872904  0.644673  
19.1645  0.644673  
0.819055  0.644673  
1.52121  0.644673  
2.55061  0.644673  
-0.980343  0.644673  
-4.94937  0.644673  
-0.545806  0.644673  
-1.13784  0.644673  
-0.329078  0.644673  
0.095905  0.644673  
-2.54536  0.644673  
-0.367596  0.644673  
-0.0536615  0.644673  
1.11259  0.644673  
1.0659  0.644673  
-1.4417  0.644673  
0.168095  0.644673  
1.94156  0.644673  
0.744637  0.644673  
-0.673361  0.644673  
1.09353  0.644673  
2.41425  0.644673  
0.0924703  0.644673  
-0.379084  0.644673  
-0.169725  0.644673  
0.218483  0.644673  
1.51235  0.644673  
-0.143443  0.644673  
0.176976  0.644673  
0.123935  0.644673  
0.250873  0.644673  
1.28431  0.644673  
-0.625067  0.644673  
0.579164  0.644673  
0.00024329  0.644673  
-0.396836  0.644673  
