0.305875  0.648625  
0.133505  0.648625  
0.406197  0.648625  
0.508429  0.648625  
1.28837  0.648625  
4.91954  0.648625  
0.482315  0.648625  
-0.50683  0.648625  
1.68918  0.648625  
-0.67688  0.648625  
-0.696309  0.648625  
0.0641048  0.648625  
1.40414  0.648625  
-0.254987  0.648625  
0.358191  0.648625  
-3.46333  0.648625  
0.182985  0.648625  
-0.252847  0.648625  
-0.384581  0.648625  
0.1742  0.648625  
-0.76228  0.648625  
0.203862  0.648625  
17.5229  0.648625  
-0.811406  0.648625  
-2.03415  0.648625  
-0.226486  0.648625  
-0.513824  0.648625  
0.106741  0.648625  
-0.217956  0.648625  
0.68352  0.648625  
-0.311788  0.648625  
0.145323  0.648625  
1.18785  0.648625  
-0.404446  0.648625  
-0.297548  0.648625  
-0.00221931  0.648625  
0.364491  0.648625  
1.04065  0.648625  
4.00443  0.648625  
1.08854  0.648625  
0.146175  0.648625  
