0.643413  0.431032  
-0.146291  0.431032  
0.138902  0.431032  
-0.999544  0.431032  
0.443157  0.431032  
13.4428  0.431032  
-0.179718  0.431032  
0.693918  0.431032  
0.123483  0.431032  
-0.0132896  0.431032  
0.861451  0.431032  
0.799751  0.431032  
1.41488  0.431032  
-0.121972  0.431032  
1.3652  0.431032  
6.16229  0.431032  
-0.289337  0.431032  
0.102025  0.431032  
0.386562  0.431032  
-0.151318  0.431032  
0.0464721  0.431032  
-1.04543  0.431032  
1.63532  0.431032  
-0.0763825  0.431032  
1.20872  0.431032  
0.27781  0.431032  
-1.39929  0.431032  
-0.0453213  0.431032  
-0.0672825  0.431032  
-2.31855  0.431032  
-0.215859  0.431032  
1.21975  0.431032  
0.013493  0.431032  
0.394816  0.431032  
0.560456  0.431032  
-0.104121  0.431032  
0.59096  0.431032  
0.754964  0.431032  
-8.97862  0.431032  
0.717668  0.431032  
-0.173625  0.431032  
