-0.251896  0.242929  
0.517938  0.242929  
-1.25412  0.242929  
0.535213  0.242929  
-1.20134  0.242929  
-3.78446  0.242929  
-0.440224  0.242929  
-0.0014305  0.242929  
-0.500694  0.242929  
0.358746  0.242929  
9.57812  0.242929  
-0.259647  0.242929  
0.813453  0.242929  
-0.187753  0.242929  
0.667118  0.242929  
5.56036  0.242929  
1.3199  0.242929  
0.206845  0.242929  
0.104143  0.242929  
0.697475  0.242929  
0.432398  0.242929  
0.905023  0.242929  
-6.81968  0.242929  
-0.269599  0.242929  
0.776198  0.242929  
0.590176  0.242929  
-0.241277  0.242929  
-0.146161  0.242929  
1.77342  0.242929  
0.290223  0.242929  
-0.48534  0.242929  
-0.817471  0.242929  
-0.00251872  0.242929  
1.17685  0.242929  
-1.318  0.242929  
0.645748  0.242929  
0.143548  0.242929  
0.980885  0.242929  
-0.327056  0.242929  
0.119373  0.242929  
0.0756059  0.242929  
