2.42054  1.00515  
0.61847  1.00515  
-0.157157  1.00515  
0.055461  1.00515  
0.466804  1.00515  
1.01366  1.00515  
0.114972  1.00515  
-0.331656  1.00515  
0.746264  1.00515  
-0.0302167  1.00515  
0.653303  1.00515  
-0.33782  1.00515  
0.165203  1.00515  
0.545324  1.00515  
-0.351185  1.00515  
0.49942  1.00515  
0.187256  1.00515  
-0.0392195  1.00515  
-0.0140495  1.00515  
-0.284656  1.00515  
-0.496224  1.00515  
-0.377367  1.00515  
-1.11453  1.00515  
-0.368208  1.00515  
34.6989  1.00515  
0.476648  1.00515  
0.598824  1.00515  
0.392622  1.00515  
-0.193033  1.00515  
-0.599485  1.00515  
0.894114  1.00515  
-1.91411  1.00515  
1.3669  1.00515  
-0.0463045  1.00515  
1.28217  1.00515  
0.114674  1.00515  
-0.34124  1.00515  
-1.3026  1.00515  
0.364122  1.00515  
0.227724  1.00515  
1.60671  1.00515  
