1.73803  0.366338  
0.323138  0.366338  
-0.720521  0.366338  
0.0857761  0.366338  
0.048129  0.366338  
2.7516  0.366338  
0.0393102  0.366338  
0.531785  0.366338  
0.696001  0.366338  
0.14289  0.366338  
-0.237835  0.366338  
0.11268  0.366338  
0.406042  0.366338  
0.327322  0.366338  
-0.122526  0.366338  
-0.165873  0.366338  
-0.530297  0.366338  
0.213596  0.366338  
-0.412296  0.366338  
-0.717036  0.366338  
0.586546  0.366338  
-0.197232  0.366338  
-6.03702  0.366338  
0.818688  0.366338  
14.9264  0.366338  
-0.414022  0.366338  
0.115573  0.366338  
-0.0443071  0.366338  
0.0502867  0.366338  
1.15941  0.366338  
-0.533224  0.366338  
0.167247  0.366338  
1.99219  0.366338  
0.134733  0.366338  
-0.0857412  0.366338  
0.177844  0.366338  
-0.423809  0.366338  
-3.50503  0.366338  
1.33822  0.366338  
-0.0627817  0.366338  
0.34599  0.366338  
