-0.353461  0.363233  
-0.110406  0.363233  
0.252987  0.363233  
-0.305646  0.363233  
-1.08812  0.363233  
-1.40688  0.363233  
0.166731  0.363233  
-0.341022  0.363233  
-9.52213  0.363233  
-0.467882  0.363233  
-0.258851  0.363233  
0.109419  0.363233  
10.3694  0.363233  
-0.208494  0.363233  
-0.187273  0.363233  
1.59571  0.363233  
1.89473  0.363233  
0.133865  0.363233  
0.459739  0.363233  
0.363474  0.363233  
-2.17806  0.363233  
1.35159  0.363233  
0.0509773  0.363233  
0.0304841  0.363233  
-0.686389  0.363233  
0.310917  0.363233  
7.58446  0.363233  
-0.482917  0.363233  
0.730291  0.363233  
1.74586  0.363233  
0.845018  0.363233  
3.5774  0.363233  
1.32374  0.363233  
0.543148  0.363233  
1.93337  0.363233  
0.0833711  0.363233  
1.48142  0.363233  
-4.29372  0.363233  
-0.143654  0.363233  
0.466444  0.363233  
-0.477089  0.363233  
