0.589421  0.460568  
0.659082  0.460568  
-0.243895  0.460568  
-1.65096  0.460568  
1.9706  0.460568  
14.9592  0.460568  
0.425853  0.460568  
-0.458005  0.460568  
2.06291  0.460568  
0.366468  0.460568  
0.330065  0.460568  
-0.665408  0.460568  
-0.762755  0.460568  
0.102574  0.460568  
1.03999  0.460568  
-1.3391  0.460568  
-1.70318  0.460568  
-0.675381  0.460568  
0.0105965  0.460568  
-0.275696  0.460568  
1.26804  0.460568  
0.252527  0.460568  
-1.57904  0.460568  
0.516783  0.460568  
0.231992  0.460568  
1.43724  0.460568  
-0.0171063  0.460568  
-0.222287  0.460568  
-0.773739  0.460568  
-0.495684  0.460568  
-0.538509  0.460568  
0.359314  0.460568  
1.14008  0.460568  
0.480447  0.460568  
1.15084  0.460568  
0.053007  0.460568  
-0.571655  0.460568  
1.37976  0.460568  
1.23842  0.460568  
-0.556198  0.460568  
-0.613335  0.460568  
