0.631881  0.442923  
-0.546142  0.442923  
0.12365  0.442923  
-0.127587  0.442923  
-0.629901  0.442923  
0.707602  0.442923  
0.122701  0.442923  
-1.72498  0.442923  
15.1213  0.442923  
-0.0453068  0.442923  
0.24949  0.442923  
-0.562301  0.442923  
0.695  0.442923  
0.280631  0.442923  
-0.0762979  0.442923  
-0.150865  0.442923  
-1.85021  0.442923  
0.6766  0.442923  
-0.0298614  0.442923  
0.28234  0.442923  
-0.367223  0.442923  
-0.481419  0.442923  
-0.370638  0.442923  
0.840317  0.442923  
3.1844  0.442923  
0.296888  0.442923  
-0.0412143  0.442923  
0.210103  0.442923  
-0.561701  0.442923  
0.0834484  0.442923  
0.602865  0.442923  
2.69835  0.442923  
-1.07457  0.442923  
-0.838405  0.442923  
-0.368271  0.442923  
0.612324  0.442923  
0.029187  0.442923  
-1.10744  0.442923  
0.279703  0.442923  
0.51162  0.442923  
0.87376  0.442923  
