-0.765485  0.680953  
0.0359894  0.680953  
-0.177271  0.680953  
-0.16179  0.680953  
-0.233845  0.680953  
26.9738  0.680953  
0.377075  0.680953  
-1.2466  0.680953  
-0.324014  0.680953  
0.263761  0.680953  
0.4518  0.680953  
0.15728  0.680953  
-0.287801  0.680953  
0.636712  0.680953  
-0.010183  0.680953  
-0.942998  0.680953  
0.496577  0.680953  
-0.944363  0.680953  
0.858433  0.680953  
-0.0175131  0.680953  
-0.133092  0.680953  
-0.766659  0.680953  
1.42741  0.680953  
-0.287117  0.680953  
0.999532  0.680953  
-0.693559  0.680953  
1.3727  0.680953  
0.822516  0.680953  
0.484244  0.680953  
0.0808316  0.680953  
0.123577  0.680953  
0.261537  0.680953  
0.730076  0.680953  
-0.343948  0.680953  
0.774761  0.680953  
0.328676  0.680953  
-2.54351  0.680953  
0.966337  0.680953  
-0.908206  0.680953  
0.102345  0.680953  
-0.0189884  0.680953  
