-0.0882482  0.632778  
-0.326399  0.632778  
0.287284  0.632778  
1.12096  0.632778  
-0.103133  0.632778  
23.4478  0.632778  
-0.161249  0.632778  
-0.431965  0.632778  
-1.45113  0.632778  
0.394965  0.632778  
1.89247  0.632778  
-0.0222658  0.632778  
-1.27584  0.632778  
-0.167834  0.632778  
-0.819001  0.632778  
-5.11797  0.632778  
0.109222  0.632778  
0.351987  0.632778  
0.618337  0.632778  
-0.790272  0.632778  
1.58111  0.632778  
1.13515  0.632778  
3.36731  0.632778  
0.674638  0.632778  
0.468233  0.632778  
0.34779  0.632778  
1.28453  0.632778  
0.269445  0.632778  
-0.581581  0.632778  
0.366768  0.632778  
0.663739  0.632778  
0.468094  0.632778  
0.716848  0.632778  
0.228743  0.632778  
0.145327  0.632778  
-0.220831  0.632778  
-0.308268  0.632778  
0.149386  0.632778  
-3.05325  0.632778  
0.3662  0.632778  
0.406842  0.632778  
