0.434561  0.668289  
-1.06843  0.668289  
-0.040886  0.668289  
0.265578  0.668289  
0.0161634  0.668289  
0.278168  0.668289  
-0.281097  0.668289  
0.560801  0.668289  
2.71939  0.668289  
0.0864201  0.668289  
-0.425683  0.668289  
-0.462927  0.668289  
0.266342  0.668289  
0.668745  0.668289  
-0.116532  0.668289  
-2.12258  0.668289  
0.325305  0.668289  
0.0999437  0.668289  
1.31584  0.668289  
0.921335  0.668289  
-0.153063  0.668289  
-0.184619  0.668289  
-4.45046  0.668289  
0.0618383  0.668289  
-0.257535  0.668289  
-0.088887  0.668289  
0.840821  0.668289  
0.101849  0.668289  
0.0037861  0.668289  
-0.133251  0.668289  
-0.00884207  0.668289  
0.123169  0.668289  
-0.271695  0.668289  
0.09466  0.668289  
-0.183397  0.668289  
-0.386379  0.668289  
1.62458  0.668289  
0.381087  0.668289  
26.0682  0.668289  
0.745269  0.668289  
0.0322463  0.668289  
