-0.357057  0.0440948  
0.415025  0.0440948  
-0.373449  0.0440948  
0.842072  0.0440948  
-0.245428  0.0440948  
-2.01821  0.0440948  
-0.0334755  0.0440948  
0.51426  0.0440948  
0.0952165  0.0440948  
0.0449783  0.0440948  
-11.055  0.0440948  
-0.243035  0.0440948  
1.22471  0.0440948  
0.502957  0.0440948  
-0.227  0.0440948  
17.5695  0.0440948  
3.2346  0.0440948  
0.292597  0.0440948  
-1.81538  0.0440948  
-1.47143  0.0440948  
1.00233  0.0440948  
-0.681104  0.0440948  
1.47679  0.0440948  
1.01281  0.0440948  
0.97603  0.0440948  
0.477997  0.0440948  
-0.235214  0.0440948  
0.586998  0.0440948  
0.853448  0.0440948  
1.40151  0.0440948  
1.4956  0.0440948  
-2.11227  0.0440948  
-0.301513  0.0440948  
-0.0927409  0.0440948  
-0.170658  0.0440948  
-0.350978  0.0440948  
1.68858  0.0440948  
-0.45959  0.0440948  
-10.992  0.0440948  
-0.966811  0.0440948  
0.302302  0.0440948  
