0.235035  0.101334  
-0.0302147  0.101334  
0.128336  0.101334  
0.0902644  0.101334  
-0.404357  0.101334  
-3.14398  0.101334  
-0.00670521  0.101334  
-0.381538  0.101334  
2.33313  0.101334  
0.293111  0.101334  
-0.605148  0.101334  
0.366222  0.101334  
2.77183  0.101334  
0.382821  0.101334  
0.651273  0.101334  
-10.1624  0.101334  
-0.507238  0.101334  
0.157054  0.101334  
-1.12886  0.101334  
-0.121055  0.101334  
0.0384618  0.101334  
0.0126777  0.101334  
-0.153734  0.101334  
0.244333  0.101334  
0.0242335  0.101334  
0.254724  0.101334  
-1.53587  0.101334  
0.0904436  0.101334  
0.294101  0.101334  
-1.0236  0.101334  
-0.680828  0.101334  
-0.338699  0.101334  
0.288459  0.101334  
-0.304791  0.101334  
0.494635  0.101334  
-0.174134  0.101334  
-1.4464  0.101334  
1.377  0.101334  
14.9776  0.101334  
0.0588298  0.101334  
0.739604  0.101334  
