0.403638  0.612888  
-0.489079  0.612888  
0.0255573  0.612888  
-0.296291  0.612888  
-0.409408  0.612888  
2.99236  0.612888  
0.0244892  0.612888  
0.302334  0.612888  
-0.276852  0.612888  
-0.337953  0.612888  
0.222008  0.612888  
0.354254  0.612888  
-0.718071  0.612888  
-0.89747  0.612888  
-0.248766  0.612888  
-0.132827  0.612888  
1.14326  0.612888  
0.141572  0.612888  
-0.48487  0.612888  
-0.132446  0.612888  
0.49131  0.612888  
-0.0922754  0.612888  
19.6776  0.612888  
-0.0965507  0.612888  
1.12985  0.612888  
-0.595972  0.612888  
0.316262  0.612888  
-0.183015  0.612888  
-0.522701  0.612888  
1.47396  0.612888  
0.0682291  0.612888  
0.675076  0.612888  
0.688006  0.612888  
-0.114042  0.612888  
0.503681  0.612888  
0.336785  0.612888  
0.516171  0.612888  
-0.921619  0.612888  
0.00522184  0.612888  
0.0542715  0.612888  
0.532753  0.612888  
