0.176133  0.149823  
-0.136842  0.149823  
-0.299941  0.149823  
-0.659846  0.149823  
-0.296905  0.149823  
2.00701  0.149823  
-0.0987006  0.149823  
-0.0113155  0.149823  
-2.17715  0.149823  
0.506699  0.149823  
-1.45594  0.149823  
-1.08636  0.149823  
1.13056  0.149823  
0.227978  0.149823  
0.0970066  0.149823  
17.7656  0.149823  
0.342518  0.149823  
0.346237  0.149823  
-0.0210263  0.149823  
0.294752  0.149823  
0.0464959  0.149823  
-0.144875  0.149823  
-1.73558  0.149823  
0.97839  0.149823  
-1.04131  0.149823  
-0.334833  0.149823  
-0.181598  0.149823  
0.518453  0.149823  
0.307433  0.149823  
0.220129  0.149823  
0.516057  0.149823  
0.0951908  0.149823  
-0.260922  0.149823  
0.262076  0.149823  
-0.145541  0.149823  
-0.151508  0.149823  
-0.755387  0.149823  
-3.3617  0.149823  
-5.62396  0.149823  
-0.335898  0.149823  
0.621203  0.149823  
