-0.153515  0.595883  
-0.137612  0.595883  
-0.193299  0.595883  
0.464067  0.595883  
-0.0750324  0.595883  
18.0565  0.595883  
0.374357  0.595883  
-0.219511  0.595883  
0.0298066  0.595883  
-0.0249851  0.595883  
-1.36871  0.595883  
-0.234184  0.595883  
-1.07704  0.595883  
-0.567408  0.595883  
-0.0520235  0.595883  
-2.05692  0.595883  
1.40797  0.595883  
-1.06627  0.595883  
0.543853  0.595883  
-0.118572  0.595883  
-0.351043  0.595883  
0.1198  0.595883  
6.69149  0.595883  
0.364124  0.595883  
0.523311  0.595883  
1.32755  0.595883  
0.363906  0.595883  
0.622649  0.595883  
-0.826674  0.595883  
5.63183  0.595883  
1.62087  0.595883  
-0.638706  0.595883  
0.587086  0.595883  
0.725266  0.595883  
-0.013314  0.595883  
0.257002  0.595883  
-1.08733  0.595883  
-0.827082  0.595883  
-3.99599  0.595883  
-0.0140926  0.595883  
-0.180921  0.595883  
