-2.25089  0.182291  
0.816872  0.182291  
0.500296  0.182291  
-0.350372  0.182291  
-0.797414  0.182291  
1.16733  0.182291  
-0.117951  0.182291  
-0.77509  0.182291  
-3.20849  0.182291  
0.621375  0.182291  
-1.04472  0.182291  
-0.38648  0.182291  
0.431675  0.182291  
-0.473109  0.182291  
0.933556  0.182291  
9.24203  0.182291  
3.84125  0.182291  
-0.0512529  0.182291  
0.727202  0.182291  
-0.387623  0.182291  
0.661689  0.182291  
-0.189392  0.182291  
0.766402  0.182291  
0.618175  0.182291  
-0.177768  0.182291  
0.193252  0.182291  
-0.893557  0.182291  
0.217262  0.182291  
-0.295373  0.182291  
-1.12054  0.182291  
-1.592  0.182291  
2.83524  0.182291  
0.837513  0.182291  
0.175224  0.182291  
1.40594  0.182291  
-0.748283  0.182291  
0.977063  0.182291  
-2.45472  0.182291  
-2.37784  0.182291  
-0.339497  0.182291  
0.536965  0.182291  
