0.35864  0.356046  
-0.373637  0.356046  
0.31728  0.356046  
-0.280143  0.356046  
-0.0907649  0.356046  
0.873976  0.356046  
1.38425  0.356046  
0.169323  0.356046  
1.0042  0.356046  
-0.0639441  0.356046  
-0.21705  0.356046  
0.675831  0.356046  
-1.11726  0.356046  
-0.634271  0.356046  
0.283791  0.356046  
-0.602711  0.356046  
-1.61163  0.356046  
-0.247972  0.356046  
-2.31178  0.356046  
-0.562285  0.356046  
0.178661  0.356046  
1.44581  0.356046  
21.711  0.356046  
-0.203756  0.356046  
-2.82795  0.356046  
0.131063  0.356046  
0.213402  0.356046  
0.00306916  0.356046  
0.342877  0.356046  
0.040247  0.356046  
0.487983  0.356046  
-0.183395  0.356046  
1.15806  0.356046  
-0.788827  0.356046  
0.410669  0.356046  
-0.679132  0.356046  
-0.618141  0.356046  
-0.613439  0.356046  
-2.52747  0.356046  
-0.0983764  0.356046  
0.0616575  0.356046  
