-0.00890717  0.244927  
-0.109255  0.244927  
0.401893  0.244927  
0.640439  0.244927  
-0.168446  0.244927  
13.8193  0.244927  
-0.0957827  0.244927  
-1.48627  0.244927  
1.67203  0.244927  
-0.148295  0.244927  
4.4807  0.244927  
0.0417452  0.244927  
0.570612  0.244927  
-0.403447  0.244927  
-0.228832  0.244927  
-1.08826  0.244927  
-7.43819  0.244927  
-1.26029  0.244927  
-0.764219  0.244927  
-0.515049  0.244927  
0.317596  0.244927  
1.0195  0.244927  
-2.02927  0.244927  
1.04544  0.244927  
-0.0777002  0.244927  
0.392617  0.244927  
-0.346008  0.244927  
-0.700085  0.244927  
-2.03927  0.244927  
-0.295888  0.244927  
1.29976  0.244927  
1.89259  0.244927  
-0.528522  0.244927  
0.121552  0.244927  
-0.227373  0.244927  
0.963806  0.244927  
-1.04236  0.244927  
0.501459  0.244927  
1.90692  0.244927  
-0.0302417  0.244927  
-0.0140165  0.244927  
