0.989237  0.30524  
0.0749037  0.30524  
0.318596  0.30524  
-1.23464  0.30524  
0.798561  0.30524  
1.35018  0.30524  
-0.140034  0.30524  
0.847985  0.30524  
-0.763699  0.30524  
-0.214622  0.30524  
0.243647  0.30524  
-0.383955  0.30524  
1.25791  0.30524  
1.20892  0.30524  
-1.17636  0.30524  
-1.2291  0.30524  
-1.15983  0.30524  
-0.46031  0.30524  
-0.969264  0.30524  
1.09248  0.30524  
0.685757  0.30524  
-0.128647  0.30524  
2.77352  0.30524  
-0.252601  0.30524  
13.8899  0.30524  
-0.773175  0.30524  
0.578224  0.30524  
0.12224  0.30524  
-1.91967  0.30524  
0.126398  0.30524  
-1.07865  0.30524  
-0.222695  0.30524  
-0.273747  0.30524  
-0.59894  0.30524  
0.228946  0.30524  
-0.0517166  0.30524  
0.0539352  0.30524  
-0.790075  0.30524  
-0.506934  0.30524  
-0.658749  0.30524  
0.860956  0.30524  
