0.473757  0.654771  
0.958764  0.654771  
-0.00710901  0.654771  
0.181159  0.654771  
0.0876665  0.654771  
15.4769  0.654771  
0.183912  0.654771  
0.776108  0.654771  
-2.80483  0.654771  
0.328275  0.654771  
1.34765  0.654771  
0.575986  0.654771  
1.33957  0.654771  
-1.29034  0.654771  
-0.865264  0.654771  
-2.73887  0.654771  
0.141607  0.654771  
0.259034  0.654771  
0.618443  0.654771  
0.197056  0.654771  
-0.688371  0.654771  
0.241226  0.654771  
2.08453  0.654771  
-0.387688  0.654771  
3.5289  0.654771  
0.300248  0.654771  
-0.258816  0.654771  
-0.0273668  0.654771  
0.715885  0.654771  
-1.3911  0.654771  
0.494998  0.654771  
4.67835  0.654771  
-0.518311  0.654771  
0.238808  0.654771  
0.823994  0.654771  
0.264452  0.654771  
-1.5441  0.654771  
2.19482  0.654771  
-0.212002  0.654771  
0.780654  0.654771  
0.28701  0.654771  
