0.517234  0.073506  
0.563152  0.073506  
-0.331352  0.073506  
1.15725  0.073506  
1.78051  0.073506  
15.366  0.073506  
0.797025  0.073506  
0.995769  0.073506  
0.501736  0.073506  
-0.353216  0.073506  
2.36034  0.073506  
1.39742  0.073506  
-0.941472  0.073506  
-1.2499  0.073506  
-0.773544  0.073506  
-1.01596  0.073506  
-1.69432  0.073506  
0.34874  0.073506  
0.614402  0.073506  
0.555078  0.073506  
-3.95373  0.073506  
-0.00760068  0.073506  
-3.04156  0.073506  
-0.552927  0.073506  
-1.842  0.073506  
-0.692895  0.073506  
1.1671  0.073506  
-0.203352  0.073506  
-0.0177155  0.073506  
-0.866403  0.073506  
-1.31164  0.073506  
-0.452922  0.073506  
-0.0247541  0.073506  
-0.525468  0.073506  
-0.36913  0.073506  
0.318169  0.073506  
-2.03793  0.073506  
-1.3949  0.073506  
-2.39528  0.073506  
0.730908  0.073506  
-0.10708  0.073506  
