-0.062811  0.784466  
0.371105  0.784466  
-0.253095  0.784466  
0.278405  0.784466  
-0.643639  0.784466  
-0.651235  0.784466  
0.363883  0.784466  
1.30434  0.784466  
4.7559  0.784466  
0.247977  0.784466  
-1.36187  0.784466  
0.230923  0.784466  
-0.181058  0.784466  
0.0113136  0.784466  
-0.352643  0.784466  
1.6502  0.784466  
-1.31715  0.784466  
0.327084  0.784466  
0.450363  0.784466  
0.457169  0.784466  
0.068519  0.784466  
-0.478498  0.784466  
0.630711  0.784466  
-0.529417  0.784466  
-0.980246  0.784466  
0.0723676  0.784466  
0.229867  0.784466  
0.480297  0.784466  
0.711405  0.784466  
-0.53548  0.784466  
1.00336  0.784466  
-0.0187601  0.784466  
0.69294  0.784466  
0.207382  0.784466  
-0.111978  0.784466  
0.0593304  0.784466  
2.96035  0.784466  
-0.91955  0.784466  
22.0135  0.784466  
0.760803  0.784466  
0.221027  0.784466  
