-1.1734  0.514143  
-1.29049  0.514143  
0.464558  0.514143  
0.14629  0.514143  
3.48461  0.514143  
14.5829  0.514143  
0.327262  0.514143  
1.31664  0.514143  
0.490177  0.514143  
0.243525  0.514143  
-1.4165  0.514143  
0.212565  0.514143  
-1.34195  0.514143  
0.532453  0.514143  
0.0152497  0.514143  
-2.54311  0.514143  
0.634398  0.514143  
-0.659187  0.514143  
0.865564  0.514143  
1.01162  0.514143  
0.184773  0.514143  
0.247425  0.514143  
1.88697  0.514143  
-0.899372  0.514143  
8.38723  0.514143  
-0.232226  0.514143  
-1.91947  0.514143  
-0.89667  0.514143  
2.66481  0.514143  
-1.11759  0.514143  
0.118102  0.514143  
-2.99922  0.514143  
-2.73904  0.514143  
0.587866  0.514143  
0.307905  0.514143  
0.136816  0.514143  
-0.0385249  0.514143  
0.59145  0.514143  
0.54502  0.514143  
-0.132551  0.514143  
0.492978  0.514143  
