1.53504  0.680609  
-3.04436  0.680609  
0.288734  0.680609  
-0.103955  0.680609  
0.000228285  0.680609  
6.21728  0.680609  
-0.371493  0.680609  
0.0923728  0.680609  
0.786373  0.680609  
-0.781966  0.680609  
0.488535  0.680609  
-0.65049  0.680609  
-1.04219  0.680609  
-0.31256  0.680609  
-0.366275  0.680609  
0.0297695  0.680609  
-0.20481  0.680609  
0.307353  0.680609  
-0.565234  0.680609  
0.582529  0.680609  
0.0860953  0.680609  
0.840832  0.680609  
3.44881  0.680609  
-0.0542792  0.680609  
-0.822657  0.680609  
1.50743  0.680609  
13.7972  0.680609  
-0.584383  0.680609  
1.46133  0.680609  
1.38355  0.680609  
-1.04543  0.680609  
0.273244  0.680609  
1.74646  0.680609  
0.645864  0.680609  
0.247153  0.680609  
-0.112809  0.680609  
0.979522  0.680609  
0.656112  0.680609  
0.210144  0.680609  
0.5798  0.680609  
-0.223921  0.680609  
