0.256135  0.674235  
-0.185887  0.674235  
-0.299721  0.674235  
1.28516  0.674235  
0.825709  0.674235  
19.4051  0.674235  
-0.467168  0.674235  
2.16934  0.674235  
1.19495  0.674235  
0.444738  0.674235  
0.0383346  0.674235  
0.671004  0.674235  
-1.99097  0.674235  
-0.0497529  0.674235  
1.83377  0.674235  
-0.72665  0.674235  
0.398662  0.674235  
-0.141304  0.674235  
-0.0938516  0.674235  
1.08756  0.674235  
-0.838137  0.674235  
0.430132  0.674235  
0.884017  0.674235  
0.248547  0.674235  
-1.49329  0.674235  
-0.291249  0.674235  
0.1986  0.674235  
1.75817  0.674235  
0.934662  0.674235  
-0.594173  0.674235  
-0.0603868  0.674235  
0.462187  0.674235  
-0.734344  0.674235  
1.03507  0.674235  
-0.121551  0.674235  
-0.100745  0.674235  
0.14523  0.674235  
0.838092  0.674235  
-0.632548  0.674235  
0.215585  0.674235  
-0.295422  0.674235  
