-0.113894  0.573125  
-0.988783  0.573125  
0.65641  0.573125  
-0.666008  0.573125  
0.558621  0.573125  
2.32315  0.573125  
0.588602  0.573125  
-0.160544  0.573125  
1.42171  0.573125  
-0.332964  0.573125  
0.95615  0.573125  
0.422638  0.573125  
-1.30617  0.573125  
-0.0633861  0.573125  
0.215814  0.573125  
-1.80453  0.573125  
0.217632  0.573125  
0.249  0.573125  
-0.494028  0.573125  
-0.00393991  0.573125  
1.12957  0.573125  
0.557277  0.573125  
23.4928  0.573125  
0.888863  0.573125  
-4.76436  0.573125  
0.478334  0.573125  
-0.189527  0.573125  
0.0193584  0.573125  
0.192178  0.573125  
0.693552  0.573125  
0.197346  0.573125  
0.936972  0.573125  
-0.818059  0.573125  
-0.0801669  0.573125  
0.352669  0.573125  
0.185864  0.573125  
-0.506541  0.573125  
-0.122358  0.573125  
-1.69987  0.573125  
0.591449  0.573125  
0.287321  0.573125  
