0.522683  0.788106  
0.11209  0.788106  
-0.536957  0.788106  
-0.614684  0.788106  
0.0633174  0.788106  
-1.69032  0.788106  
-0.0662183  0.788106  
-0.494662  0.788106  
2.42823  0.788106  
0.188065  0.788106  
0.492167  0.788106  
-0.143631  0.788106  
1.16236  0.788106  
0.476387  0.788106  
0.773004  0.788106  
5.12955  0.788106  
0.23703  0.788106  
0.238618  0.788106  
0.845087  0.788106  
-0.700621  0.788106  
0.3444  0.788106  
-0.624999  0.788106  
-0.105741  0.788106  
0.20861  0.788106  
24.0885  0.788106  
0.0390858  0.788106  
-0.00272353  0.788106  
0.643344  0.788106  
-0.32992  0.788106  
0.456472  0.788106  
-0.0659723  0.788106  
0.188804  0.788106  
0.75503  0.788106  
0.741901  0.788106  
0.759191  0.788106  
-0.265713  0.788106  
0.523612  0.788106  
-1.9021  0.788106  
-2.52617  0.788106  
-0.306235  0.788106  
1.27148  0.788106  
