-0.165174  -0.828092  -2.117  2.5051  2.98762  6.7447  2.6639  -0.926314  -5.28925  0.751795  3.62257  -0.185647  0.681229  0.409766  0.847641  -1.00245  -0.102906  0.10479  1.07469  3.35414  -1.81053  -1.86061  0.793298  -164.175  -0.114511  15.0989  -0.0287508  1.21769  -23.0688  -1.22002  1.88344  1.55775  0.209549  -9.88458  2.56795  -2.03379  -0.985297  -60.4989  0.598725  -2.69599  -0.828948  -0.325432  
0.38633  3.54732  -3.32175  -5.27223  0.190871  -38.1715  4.47022  0.100712  19.7851  -10.6801  -4.23569  1.12918  -5.73731  -0.950209  4.20049  9.95544  0.168141  0.411729  -5.27423  -0.270689  1.37425  3.37213  -2.32359  183.271  -0.365205  53.2386  -1.97834  1.47594  9.14095  4.88236  -9.84891  8.70616  3.13684  27.6495  9.83529  2.82228  -14.5378  206.217  6.99698  -0.227233  9.70991  4.17731  
0.812714  2.91292  -3.04229  -6.42764  -0.42252  -49.0562  4.02602  -1.26296  18.1892  -13.1014  -4.42117  2.44925  -5.62881  -2.27232  7.30564  10.3052  0.396645  1.10364  -6.29331  -0.501047  3.52573  4.53807  -1.40063  238.152  -0.447649  48.7676  -2.4364  0.0674528  25.1555  4.85785  -16.7831  14.2729  6.52346  48.4572  14.6217  5.49673  -12.597  256.492  3.32629  -0.851776  6.33513  8.48911  
0.898075  -0.29223  -1.33917  -2.95772  -0.58032  -36.038  -1.03513  -3.18524  -1.56392  -6.85338  -1.8262  3.18825  -1.55029  -2.83299  8.1675  1.74701  0.454505  1.4753  -2.73376  1.43004  4.72701  2.42813  1.9908  13.2353  -0.524804  2.60287  -1.38945  -2.52144  23.7341  0.252016  -16.4503  14.4509  7.58057  46.6527  14.3897  4.65682  -0.143917  138.287  -8.60648  -4.18901  -7.37819  11.6994  
0.547912  -0.771179  0.749233  -0.744115  -7.61286  -29.7769  -8.10987  -2.10875  -9.67125  0.62636  -5.19658  2.76154  -0.199033  -2.17128  5.38128  -5.08757  0.253651  0.702235  0.522873  2.67358  5.8523  1.255  3.22785  -226.792  -0.0446882  -46.0526  -0.15784  -3.89754  22.3148  -3.05129  -10.1401  8.40876  3.94422  30.4479  8.6751  1.98144  5.96751  76.4894  -16.3996  -7.55878  -14.8314  12.4245  
0.0282985  1.66303  1.50451  -1.51369  -18.9272  -34.0992  -8.25023  0.149828  3.61913  3.9027  -11.9765  1.59196  -1.80567  -1.32044  0.842489  -3.65495  -0.075322  -0.677251  -0.0385766  2.9495  7.29455  2.40741  1.12691  -314.448  0.253175  -63.8727  0.0176968  -2.03044  27.7068  -1.36351  -3.21862  1.21055  -1.13079  14.378  1.38882  -0.634291  1.62074  144.922  -11.8978  -9.31049  -7.27319  9.29485  
-0.270169  2.06422  -0.244877  -2.36461  -25.2012  -24.3879  4.04339  -0.251267  18.5528  3.42328  -9.75924  0.67216  -1.40405  -1.56956  -1.39863  1.60652  -0.28251  -0.838812  -3.00061  3.28466  8.29791  3.65335  -0.64203  -270.173  -0.00454948  -55.3896  -0.107141  1.61582  34.6663  2.77438  -1.90072  -1.30639  -3.11284  6.08365  -2.52203  -3.6377  -3.87728  186.694  -0.199648  -10.0048  7.30044  2.35288  
-0.261581  -0.88268  -2.82721  -1.60768  -23.5882  5.43191  19.5964  -3.41487  17.0447  1.81724  3.66964  0.445212  1.63551  -2.54104  -0.125711  4.42875  -0.268693  0.659844  -4.19457  2.80334  8.24702  1.86305  -0.181147  -197.381  -1.28051  -46.7168  0.955479  3.3749  30.1809  5.08712  -8.44337  -0.114638  -2.35118  2.70313  -2.01086  -9.24918  -4.32746  74.8319  5.80997  -10.6384  14.2684  -5.74476  
-0.194989  -3.07314  -2.68529  -1.13584  -16.2865  30.0208  21.6637  -5.00853  3.69192  0.196946  14.0682  0.439134  1.99026  -2.29946  1.53657  3.86579  -0.143784  1.87088  -1.38139  0.233718  7.06844  -1.86832  0.231334  -140.93  -1.44442  -48.722  2.78986  1.57198  9.92382  3.39022  -17.5797  -0.635906  -2.49273  -3.72377  -1.23044  -16.2148  -2.38897  -75.5369  0.660679  -10.8986  10.0315  -11.438  
-0.22687  -1.08304  1.49858  -1.19441  -9.08044  27.2016  5.81828  -3.85144  -6.67241  -0.683446  9.85829  0.155173  -2.41729  0.262745  0.692359  3.82346  0.00220781  0.528002  3.28868  -2.59258  5.02997  -4.15701  -1.47343  -157.723  1.02563  -47.9117  2.63296  -1.72084  -17.0943  -0.785083  -19.9759  -4.49062  -2.72613  -14.3622  -3.23806  -20.3015  -3.4588  -67.1757  -8.24902  -9.9622  1.74885  -11.4142  
-0.213198  3.11926  6.59053  1.70427  -2.95482  2.9727  -12.9759  -2.27799  -6.9944  0.385163  -2.24386  -0.276802  -7.53966  3.52504  -1.80427  5.95  0.209977  -2.64737  5.80464  -2.62508  1.51969  -3.92424  -2.20734  -313.279  5.83398  -31.0567  -0.752653  -3.03455  -36.0605  -4.86719  -10.373  -7.47437  1.96311  -20.2051  -5.83332  -18.7021  -4.80826  84.3158  -10.7147  -7.93164  -5.25675  -6.3741  
0.00879749  5.15296  7.58533  7.75464  7.85352  -18.9706  -17.5014  -0.366054  -1.66385  3.86708  -5.48714  -0.499346  -7.92067  4.53174  -2.33337  7.24083  0.504171  -4.18123  4.31049  -0.999799  -3.50671  -2.28167  1.20035  -531.115  9.08965  -7.52613  -4.16869  -1.97036  -37.4806  -6.04038  5.47547  -6.1947  11.0568  -13.252  -5.00506  -13.9477  -6.59319  126.459  -4.14294  -6.12849  -11.2617  -0.231456  
0.250421  4.12731  3.16158  12.2884  25.2562  -28.072  -8.29682  4.12155  3.25641  7.96133  3.1812  -0.456948  -4.68197  2.18121  0.544744  5.33343  0.647773  -1.8104  0.894564  -1.64446  -8.16686  -1.16305  6.64511  -590.171  7.85088  2.88816  -3.52666  -1.48059  -20.6905  -3.25481  15.8545  -2.87264  15.4162  1.67218  -0.650822  -9.34782  -11.7762  -62.5053  5.38493  -5.5704  -15.6577  2.40475  
0.13261  1.76916  -2.6422  11.2003  42.2503  -24.7088  -0.405035  10.0351  2.74456  10.0294  11.419  -0.342089  -1.10735  -0.90471  3.61585  0.657612  0.305825  2.55437  -1.24002  -4.63502  -9.89355  -0.756167  7.05864  -352.786  5.63597  -5.46988  0.686089  -2.28944  1.89242  2.06943  15.1263  -2.03547  8.46144  11.659  3.52375  -3.30551  -19.2716  -280.842  9.80966  -5.82425  -12.4292  0.428249  
-0.4232  -0.281704  -4.6235  6.72201  44.838  -9.47185  -2.59216  10.7037  -3.92332  9.53212  6.56603  -0.182956  1.17541  -1.46689  2.87381  -4.54034  -0.526521  4.57784  -0.955609  -5.33973  -8.28168  -0.134484  0.908393  22.2981  6.1228  -16.8159  3.76964  -2.80052  14.0892  6.07952  9.33561  -4.21663  -3.70777  10.5618  5.24401  8.24772  -18.7027  -244.46  4.74956  -5.51791  -0.176189  -2.88932  
-1.11063  -1.17702  -1.45886  2.8962  26.3635  10.3114  -8.21658  2.12664  -12.0014  7.05959  -6.60033  0.0751032  3.05866  0.538047  -2.35711  -8.27533  -1.43604  2.1271  -0.556341  -1.69797  -5.93189  0.616458  -4.89775  244.051  6.98581  -16.452  2.80647  -1.12506  10.7411  5.21033  7.63092  -6.40059  -9.74475  5.07695  5.97233  22.9484  -3.33641  25.4126  -6.31285  -4.68163  11.6097  -3.20624  
-1.53533  -0.769408  4.51847  -0.191493  -2.83018  19.6208  -7.47989  -8.41669  -12.6029  2.41213  -13.3099  0.351514  3.52581  1.17625  -7.82725  -9.06236  -1.89497  -2.41709  -1.38176  1.62301  -5.52911  0.450848  -2.69214  236.088  -0.944211  -6.15529  0.110495  1.4074  7.8376  -0.762278  10.6655  -4.14577  -7.93285  4.33819  5.80842  31.2971  16.8528  206.637  -13.3658  -5.44655  10.4826  -0.0909825  
-1.52504  0.546146  8.35471  -4.17373  -23.3089  9.696  -1.75517  -11.1338  -3.18634  -4.27438  -7.24537  0.397052  2.25116  -1.46992  -9.18826  -6.33743  -1.69187  -4.55878  -2.55595  0.122592  -5.91747  -1.32643  5.34698  202.602  -18.3656  1.57445  -0.767831  2.61372  15.1076  -7.60839  11.1569  2.6725  -5.67861  7.43734  2.69879  28.2801  22.4888  94.8761  -9.03971  -8.94518  -2.39968  3.26788  
-1.13703  1.19072  6.43011  -7.37664  -26.1559  -7.17922  0.683947  -5.94042  8.22075  -10.0855  4.41743  0.235603  2.00467  -4.66102  -5.42045  -2.41781  -1.06827  -2.20632  -2.39527  -3.07904  -3.72491  -4.15406  9.75322  275.195  -32.2628  1.01468  0.142677  2.17258  21.1953  -9.93084  5.332  11.1061  -7.387  7.00563  -3.56876  19.2288  5.64655  -135.52  2.69935  -12.2903  -12.5689  4.46978  
-0.599803  0.402305  -1.16819  -5.97118  -24.7791  -13.7564  -2.33007  -2.31513  13.3141  -10.5316  10.4074  0.129827  5.44849  -4.37587  0.563585  -1.07005  -0.507931  2.33749  -1.13837  -0.802172  1.92988  -5.89059  5.9258  341.987  -28.6739  -2.36035  -0.0453725  1.61704  5.93991  -5.33021  -2.58705  16.685  -8.59885  0.390469  -8.15863  11.8037  -19.6485  -171.754  8.90682  -11.0456  -8.85938  4.3389  
-0.151477  -0.362788  -9.08146  -2.19411  -31.1788  -6.95101  -4.24733  -4.88355  11.8425  -5.1677  7.48857  0.268592  9.65011  -0.838102  4.90088  -2.73833  -0.263117  4.8032  -0.507293  8.39304  8.31781  -4.71564  -1.60437  225.733  -8.79483  -2.06385  -1.90551  1.99504  -21.3677  2.15181  -7.53724  16.0751  -4.89742  -7.39034  -8.1455  7.39961  -28.9593  39.8593  4.30835  -5.308  3.39532  4.08618  
0.153422  0.446954  -10.7914  -2.43764  -35.6784  3.75301  -0.827179  -7.25385  10.3019  0.0597778  2.2522  0.532445  8.67528  1.60834  6.0161  -2.7212  -0.0889712  3.12231  -0.893279  16.8755  11.1305  -1.45686  -5.34884  -43.5707  12.559  1.25413  -2.83947  2.42382  -23.9315  5.78057  -10.4015  8.25085  0.434479  -9.41044  -5.96331  0.813657  -13.8614  243.996  -2.86728  -0.355239  9.32535  2.41686  
0.465119  1.50184  -5.14017  -7.5545  -20.2139  14.549  3.00447  -3.63567  9.14157  -0.315748  1.86533  0.631199  1.71844  1.17715  5.16395  3.22299  0.405905  -0.628853  -1.25424  16.3606  8.23873  1.98221  -3.69833  -254.232  22.9755  3.06272  -0.970157  2.399  9.95683  2.3067  -13.2467  -4.81015  1.57451  -5.63825  -6.52997  -7.13797  10.8949  228.606  -3.39678  0.435511  2.60097  -1.93431  
0.79481  1.04719  0.749344  -10.7642  11.6814  25.9872  1.34303  1.76007  4.82449  -3.34648  5.78905  0.444468  -5.34055  0.587581  3.63091  11.5773  1.05442  -2.86669  -0.99321  7.1767  1.22016  3.45398  -0.190605  -322.853  19.5377  1.87512  1.79428  2.09895  44.8526  -3.96629  -14.0085  -16.5128  -0.0862686  -0.382779  -9.07072  -9.80042  22.9216  66.0672  0.603168  0.062887  -8.27919  -7.23481  
0.827503  0.165489  -0.548738  -6.6643  31.3598  29.8545  -3.43412  0.96622  -3.05441  -1.18805  7.84246  0.144185  -7.30991  2.61849  1.51144  13.9333  1.14983  -2.42337  -0.104363  -2.64902  -5.64791  3.14344  0.733382  -364.702  7.47468  -0.983509  2.13797  2.28675  36.0804  -5.5978  -9.76719  -19.6405  0.804  2.60192  -7.88615  -5.82144  10.9336  -34.5832  0.447431  2.1425  -10.3432  -9.66454  
0.379478  1.0845  -6.6236  0.720827  20.6917  14.9223  -3.65161  -4.10509  -8.44177  6.84793  4.04933  -0.0586724  -5.64795  5.15004  -1.76082  8.22772  0.489578  -1.19634  2.01453  -5.77101  -8.28131  1.25708  -1.82337  -501.423  -5.09853  -3.8484  -0.27133  2.36246  -0.740066  0.387191  -4.0653  -11.3715  5.15311  2.65324  -0.472876  -1.38029  -10.9322  -16.8816  -4.39826  3.46268  -1.69468  -6.8686  
-0.134265  3.22102  -8.16498  3.46033  -1.12238  -9.31626  3.07941  -3.67207  -6.69251  10.2641  -2.82916  -0.0881925  -3.89524  4.10374  -5.477  1.23517  -0.110087  -0.973707  5.07127  -2.89394  -5.74047  -1.04038  -5.09878  -644.428  -9.34556  -5.43503  -2.93629  0.693767  -17.8081  8.71433  -3.05409  1.40227  8.00361  1.0281  8.83078  -3.44041  -18.6553  -2.44754  -6.03321  -1.37543  6.99563  -0.800227  
-0.126371  2.56893  -0.618883  1.37117  -2.93577  -19.1212  10.5046  2.9977  -0.450991  0.389047  -6.43822  -0.0285396  -3.99943  -0.3239  -7.50203  -0.131373  0.15307  -0.856051  5.62476  -0.125698  -0.571049  -3.0597  -5.99923  -564.646  -2.18138  -6.19728  -3.45496  -2.84011  2.21819  12.0388  -5.24569  7.45143  6.24893  -0.664756  13.3589  -8.81832  -4.44651  -79.8921  -0.00938085  -10.0104  6.27044  4.60133  
0.216065  -2.28219  7.90714  1.1053  13.0139  -3.99882  11.4526  5.77795  5.11334  -16.3318  -5.13763  0.0268741  -4.80292  -3.84232  -6.22473  1.63957  0.733158  0.638924  1.12871  -2.16615  3.09261  -4.05511  -3.9126  -203.609  6.57344  -4.44726  -2.09385  -6.35274  20.5203  7.6648  -2.84108  2.96398  2.84663  -2.21409  10.4604  -9.35899  12.9904  -172.971  8.23213  -13.2636  -1.54169  6.58552  
-0.0234617  -6.40755  6.63473  5.56247  19.1869  17.5655  5.19437  -1.15591  7.80547  -24.0849  -2.33331  -0.00810856  -5.3825  -3.31106  -2.26225  0.0271285  0.270515  2.26926  -5.9048  -6.27419  3.20598  -3.32812  -1.30351  181.361  5.19781  -0.472058  -0.887987  -6.97658  7.84565  -0.271628  5.73503  -5.32793  1.30532  -5.0418  3.50598  -2.46729  14.4527  -176.119  11.5464  -8.02979  -7.18033  4.95961  
-1.19315  -5.03249  -2.66836  8.50018  1.91495  18.4734  -2.8815  -9.47201  7.71  -16.9176  -1.4829  -0.136001  -5.24604  -0.536406  1.0771  -4.42506  -1.44053  1.32498  -8.73118  -6.51447  0.947676  -1.00393  -0.514369  213.388  -4.63327  4.42212  -0.552944  -4.60362  -24.2577  -5.66452  11.3606  -7.65872  1.38734  -9.49892  -2.0166  5.32373  -0.172697  -99.8971  8.78937  -2.41941  -6.0852  2.25401  
-2.32411  0.408962  -6.55679  4.14164  -20.13  -6.5642  -7.55146  -8.29858  4.32592  -4.54798  -1.30924  -0.270546  -3.20594  0.655943  1.67772  -4.40401  -2.81796  -2.19827  -4.54729  -1.92608  -0.922945  3.17263  -0.684893  -184.245  -6.80708  8.52577  -0.306748  -2.23769  -33.1601  -5.83074  5.72864  -2.01974  0.806204  -13.0706  -1.93431  6.97818  -11.2751  -24.1531  3.72858  -5.29507  -1.40899  1.52618  
-2.19732  4.15284  1.93555  -3.81704  -24.8537  -39.6673  -7.13306  -1.7145  -2.45011  2.44339  1.30177  -0.220568  1.36655  -1.23625  1.24047  2.71987  -2.37995  -4.35581  2.65356  2.70555  -1.14745  8.01801  -0.183997  -647.607  3.79025  10.589  0.547654  -1.48973  -14.01  -2.82967  -5.44063  5.68561  0.268857  -12.8645  1.99651  1.95487  -5.97377  -0.253834  0.143706  -14.5039  2.16073  3.2361  
-0.974985  3.16203  13.1171  -6.10699  -16.7169  -56.8863  -3.53369  -0.0644178  -8.09162  5.20394  5.45222  0.132088  4.54728  -4.13676  2.88379  9.33613  -0.704584  -2.33128  6.02533  2.48856  -0.740746  10.533  0.558681  -752.574  13.3595  8.82294  1.68717  -0.577889  3.29996  0.0806432  -9.26755  7.87181  0.603397  -9.00185  3.89395  -5.80196  4.41073  3.11312  -0.353666  -21.0549  4.59775  4.31218  
-0.0108857  -0.312189  11.6185  0.0736776  -11.4892  -45.9947  0.535986  -4.1342  -7.3057  10.1445  6.66958  0.573057  2.79421  -5.07887  6.89267  7.47555  0.343782  1.50765  3.7553  -0.470526  -1.71638  7.91465  0.0841986  -479.503  8.19413  3.08107  2.53006  3.47621  -2.80282  1.47252  -2.05782  3.13171  1.18981  -3.96684  -0.502743  -10.2986  1.52162  0.356315  0.807889  -20.3961  6.47158  0.713758  
-0.128218  -3.3175  -4.0523  6.50763  -10.5437  -13.6277  3.60585  -3.33867  -1.96284  15.6978  3.9614  0.712173  -1.4114  -3.05808  9.82002  -0.13543  -0.0345608  2.47649  -0.58891  -1.27785  -4.2519  0.160781  -0.874752  -220.126  -4.09704  -4.32464  2.80051  9.13228  -20.1189  1.30068  7.02561  -4.07467  0.720592  1.30898  -7.35152  -9.54055  -11.9667  -24.0648  -0.0234624  -15.4288  5.9928  -6.85731  
-0.630646  -5.32972  -19.4514  5.00072  -4.72325  13.3587  7.02411  5.20091  2.0147  15.2336  0.973716  0.371627  -1.42896  0.0870296  7.27922  -4.39926  -0.70373  -0.370444  -3.14125  1.08155  -6.23205  -8.19964  0.871787  -245.354  -7.11798  -6.91059  2.67315  11.2115  -20.3579  -0.119214  8.94619  -6.54202  -0.83976  7.21243  -8.48599  -6.20374  -20.2822  -71.993  -4.32848  -9.89136  1.45406  -12.2969  
-0.373682  -6.30121  -21.1772  -1.96295  9.29778  11.8621  12.3596  11.359  1.44653  9.24629  1.21845  -0.148233  5.12786  1.82992  -0.227599  -2.9305  -0.29843  -3.09676  -3.16334  2.67208  -4.975  -11.9816  5.58348  -409.844  0.721947  -1.76396  1.48169  7.45257  -3.28409  -2.35285  4.92532  0.337401  -2.85209  10.2723  -1.28362  -5.42885  -10.1498  -83.1677  -6.45032  -4.21679  -4.46329  -10.2238  
0.645678  -3.90154  -11.5128  -4.6375  16.732  -4.68514  17.915  5.95219  -0.463441  6.14217  2.63361  -0.367371  12.0935  1.40509  -7.37482  -1.12529  0.941322  -2.34336  -2.0991  0.94907  -0.84104  -10.5416  8.5404  -379.06  7.42177  7.43204  -1.09623  2.00552  13.5057  -4.45301  2.26234  12.4598  -5.30587  5.6129  8.17567  -7.36277  8.00523  -13.5045  -0.281376  1.57206  -7.12625  -2.44057  
1.23727  2.70563  -1.61349  -0.0882925  10.9662  6.6963  17.6418  -3.52851  -1.18472  8.45253  0.209393  -0.155154  12.0014  -0.0966629  -8.96019  -2.39736  1.45242  0.726939  -1.15039  -1.60333  2.62117  -8.44743  5.77999  -90.1753  6.58046  13.1761  -3.67174  0.102463  4.34154  -4.61847  2.97398  18.8127  -6.0975  -4.70068  11.7122  -5.44796  14.7429  81.2342  10.9836  5.8848  -4.47355  4.18854  
0.512907  9.12913  1.10861  3.9352  -0.905693  57.1455  7.74235  -4.78709  -4.11697  7.34669  -7.71465  0.154109  5.50444  -1.48755  -4.74583  -3.86887  0.29214  2.60873  -0.656182  -1.18807  2.03883  -9.21673  0.281616  253.171  6.08072  11.591  -4.16081  1.39719  -26.2706  -1.54815  3.92771  11.9201  -0.885349  -11.2376  7.22117  4.13129  7.39873  84.2147  14.6496  7.8566  0.639787  4.86482  
-0.962284  8.96426  -1.91981  1.23713  -6.27353  95.0938  -7.69726  2.44499  -10.1798  -4.40568  -15.5089  0.177715  -1.0561  -2.70491  -1.01784  -2.07991  -1.63395  2.08259  -1.00568  1.58697  -1.58033  -10.7323  -1.59352  500.282  12.3227  4.57674  -2.42392  1.25893  -43.7237  2.70698  2.84817  -2.4878  9.5277  -8.90052  -1.08756  16.2734  -3.52239  -29.6649  4.23707  8.72575  5.00956  1.65835  
-1.74476  1.95197  -5.79647  -3.19299  -2.63902  61.1742  -19.0361  6.20572  -13.9693  -19.2711  -15.0727  -0.0363036  -4.05597  -3.82409  -2.95229  0.477693  -2.48713  0.938383  -1.88339  3.63713  -3.70056  -7.66505  1.53332  651.058  18.4699  -2.64969  -0.693052  -1.97231  -26.3308  3.85765  0.1363  -10.7729  14.2391  -3.56801  -8.62179  19.2211  -8.18703  -145.236  -11.6413  9.19595  7.52088  -0.121154  
-1.07961  -3.85651  -7.86283  -0.350657  2.77954  -27.8937  -19.6814  0.704408  -9.81067  -21.8269  -4.53732  -0.142056  -4.68812  -4.25516  -9.25221  -0.241564  -1.44842  0.598603  -2.14997  3.02929  -1.34388  -0.423185  4.55793  693.482  15.6708  -7.19089  -0.503886  -4.48967  19.0371  -0.12378  -2.74024  -6.72672  4.78117  -1.02877  -13.7614  9.5517  -6.46425  -133.4  -18.3266  8.10266  8.30356  1.8036  
0.292041  -1.2748  -6.61347  8.0473  3.18557  -87.4987  -12.9974  -5.82888  -1.40427  -8.49874  7.26485  0.0157513  -5.06992  -3.78367  -12.5409  -2.84997  0.399782  0.666798  -1.68567  1.40161  3.1387  4.57003  2.77539  512.601  4.07837  -8.62586  -1.19111  -2.81774  46.7367  -6.11186  -4.61232  1.32931  -11.2577  1.45877  -15.0924  -2.81603  -4.94077  -13.752  -11.814  4.99035  6.24581  4.88654  
1.05759  7.03182  -1.96134  10.2143  2.06268  -63.5252  -7.92194  -4.16805  4.06982  8.05961  9.44267  0.194461  -3.84343  -2.97928  -7.73736  -3.06611  1.35045  0.152343  -0.885313  1.69035  4.60194  1.13061  -1.83741  123.414  -6.93413  -9.43463  -0.503012  1.19361  31.9336  -8.00177  -3.49326  2.76989  -16.062  8.88701  -11.2599  -7.81189  -6.99581  83.0338  -1.23576  2.2038  -1.56134  5.02815  
0.778189  10.9589  3.25289  1.56995  7.78767  2.13938  -8.74197  3.84708  6.16614  14.6889  0.707287  0.150534  -0.169896  -2.61505  1.79506  -1.12187  0.90706  -0.740523  0.271673  5.17887  2.10708  -5.69336  -3.86784  -280.075  -12.2348  -10.6441  1.50031  3.0333  -2.98858  -3.19848  0.938468  -1.86587  -5.2441  14.4918  -3.45822  -5.4563  -8.70803  70.828  3.76006  2.19021  -15.4554  2.26183  
0.122459  5.1593  5.62726  -7.54453  19.0029  30.2117  -11.1925  6.69747  10.0392  12.8559  -7.82133  -0.0231318  2.57906  -1.91048  7.52305  -0.543775  0.00045108  -1.36738  1.33776  10.2835  -0.400833  -5.84697  -1.36558  -492.979  -13.6407  -11.7096  2.70417  1.37739  -17.6943  3.97312  5.40526  -3.35096  6.53386  6.67041  3.61261  -3.03562  -6.32991  -17.768  2.84521  4.28783  -27.6667  -0.818516  
-0.0655518  -4.25049  4.35862  -5.32088  24.9435  4.62219  -7.8153  1.52511  14.9212  12.6459  -5.78992  0.00535353  0.995809  -0.137689  6.3425  -1.68596  -0.287626  -1.87905  1.8946  13.3677  0.648965  3.16603  2.08524  -493.655  -14.6983  -9.48632  1.84104  -0.401928  -2.50908  6.41949  6.10178  1.59148  6.59585  -11.5915  6.28524  -5.15213  4.67675  -101.187  1.88292  5.67616  -27.0026  -1.1947  
0.244941  -7.99042  1.13629  3.84943  17.6087  -19.0436  2.39547  -5.06637  12.4341  16.5745  4.04641  0.316684  -3.51441  1.62805  2.99732  -0.102056  0.0653311  -2.96022  1.06266  10.9463  2.94313  11.7418  2.6587  -416.942  -16.0784  -1.37866  0.238646  0.294878  15.7742  2.78427  3.96146  4.27772  1.97954  -22.5465  4.53476  -8.85178  20.9738  -124.871  3.29875  5.16936  -11.1247  0.0202377  
0.450585  -4.64963  -1.93499  6.49934  9.84299  4.49396  12.6709  -5.61846  0.566982  16.1466  9.80241  0.596087  -6.05546  1.45127  3.18856  5.77009  0.312445  -4.3111  -0.818699  3.57378  1.93735  10.0726  0.299687  -352.591  -16.6914  8.8591  -0.505439  2.09883  18.355  -0.469647  2.18692  -2.02389  4.76675  -14.6361  2.84073  -10.1391  31.9058  -50.7294  5.01867  4.18127  7.03317  0.00874389  
0.092044  -1.21724  -3.9507  -0.868849  19.713  51.9307  15.6238  -1.80534  -10.4358  5.33872  5.00309  0.525749  -4.4309  -0.822426  5.85425  10.6596  -0.0831965  -4.7093  -2.17526  -3.86122  -2.42678  1.15132  -1.91268  -312.303  -15.4896  14.1203  -0.300054  1.00763  14.1946  1.77748  0.316592  -11.9717  10.4163  2.95101  4.47258  -8.53382  25.8648  113.84  4.70959  4.08454  12.2617  -2.87698  
-0.61292  -2.19417  -3.10366  -7.48601  38.6894  69.267  12.5004  0.034881  -9.76869  -9.07226  -4.3556  0.13033  -1.37879  -3.16092  6.08076  8.66176  -0.853324  -3.39612  -1.4278  -6.75295  -4.94912  -4.60661  -0.482504  -289.629  -12.8444  10.6406  -0.284063  -3.54627  17.8863  6.61013  -4.26785  -14.0508  4.41836  12.3448  7.85506  -5.1696  3.66094  257.862  2.97221  4.19239  5.12493  -7.42508  
-1.05684  -3.47673  1.58186  -5.11598  32.6694  40.8974  9.94501  -1.79724  -0.445369  -15.1408  -9.64045  -0.224832  -0.209278  -3.89528  2.40231  1.69498  -1.31769  -1.00949  0.551784  -4.89046  -2.34922  -1.59602  3.41481  -317.444  -8.56785  0.661735  -0.573203  -7.97948  27.5326  6.30136  -8.48812  -6.8797  -11.3183  6.83801  8.69157  -2.28208  -19.2211  219.656  2.37542  2.982  0.0591629  -10.3612  
-0.909254  -0.111678  7.03289  1.04778  -17.4529  -0.942909  9.51122  -2.71696  5.05388  -9.70009  -9.53568  -0.249901  -0.460073  -3.6449  -0.949553  -2.50924  -1.11038  0.918191  1.67394  -1.9324  1.66825  4.54667  5.97733  -337.544  -2.74706  -8.15714  -1.0718  -8.17197  31.0929  -0.728674  -5.66287  -0.80341  -16.7876  -4.94856  4.51299  -0.795686  -24.0824  -17.2446  3.1146  0.375114  3.96107  -9.99922  
-0.404697  5.23077  8.32051  1.70822  -74.6511  -16.0303  5.08729  -0.327555  0.864723  -1.14834  -7.13307  0.0287704  -0.138933  -3.557  0.376723  -1.4015  -0.508589  1.63462  1.60327  -0.55969  1.35169  7.24578  4.29899  -216.326  6.34048  -9.02179  -2.00987  -3.69058  28.3106  -7.60988  3.33081  -2.9224  -1.34733  -11.9188  -2.16747  -1.55412  -10.8469  -247.581  2.50728  -1.69758  7.35615  -6.95727  
0.0102784  4.95623  5.30737  -2.60075  -84.682  -2.89897  -4.90817  3.09477  -6.35517  2.01335  -3.92577  0.366571  1.08681  -3.61772  5.11618  0.954806  -0.0361292  1.7551  1.25622  -0.879667  -3.40736  5.41638  0.297738  84.41  18.2808  -0.0820432  -3.21289  1.27428  23.4236  -7.54763  6.90079  -5.85221  19.1034  -10.061  -5.20869  -2.99843  4.47474  -269.163  -1.32915  -1.6073  0.365508  -2.95411  
0.230295  -2.2037  3.20995  -4.16084  -42.2404  6.64329  -8.70871  4.35292  -8.07735  -0.168988  0.857293  0.429778  1.8459  -3.08536  8.37398  -0.125475  0.201727  2.4182  1.53696  -0.814391  -7.28633  0.907691  -1.24553  304.95  29.13  11.8018  -2.90213  2.9112  10.6426  -1.5921  -1.73706  -0.290149  21.3314  -3.10942  -2.56854  -3.28717  7.98989  -122.417  -5.82743  0.218515  -10.0165  1.14831  
0.556954  -8.50571  5.6844  -0.340205  -1.41078  -11.353  4.29776  2.64139  -4.0123  -2.01242  6.07243  0.179267  1.27246  -2.0565  6.55451  -2.64086  0.58486  3.91862  2.0628  0.18074  -6.24155  -5.11151  1.84534  125.469  32.0954  15.0935  0.0454624  0.844588  -18.4302  4.22196  -12.2054  9.32982  4.10068  3.17365  2.26053  -0.898079  2.2111  -21.1384  -6.03819  1.92974  -9.64862  4.65065  
1.06818  -7.34266  8.11796  3.43861  -6.86162  -43.3231  22.6121  -0.375013  -0.754307  -0.304824  7.6103  -0.0655618  1.04414  -0.806765  0.352819  -2.01877  1.20782  4.98337  2.32278  0.973694  -1.69688  -10.4457  5.2426  -373.367  23.5492  5.37025  3.54524  -1.44799  -43.3743  5.32383  -7.99067  8.98633  -14.5833  6.29646  3.75193  2.83851  -4.80214  -61.3601  -1.22555  2.42109  1.60996  6.67776  
1.28054  -1.06756  2.64009  2.7283  -36.0822  -49.7354  20.0361  -3.98607  -0.934122  2.65192  4.20935  0.105711  2.20716  0.888039  -6.35631  1.83563  1.43819  3.93226  1.58245  -0.00776571  2.50322  -9.73815  3.52042  -630.927  5.60529  -7.68562  4.05561  -0.780664  -40.228  2.89729  10.2323  -4.0156  -19.6837  8.25672  0.964134  5.31302  -8.86394  -117.471  3.59654  2.24647  9.50768  6.54049  
0.795417  2.95454  -9.37756  -1.20369  -33.9036  -13.0307  -9.98386  -5.3523  -2.18153  3.45781  0.142199  0.703516  3.38156  3.34128  -10.0587  3.6585  0.760308  0.617778  -0.075248  -2.54383  4.31409  -2.12932  -2.82757  -151.069  -14.0141  -9.43104  1.40728  2.69676  -13.9611  -0.421913  22.5762  -14.5992  -11.9013  9.99379  -2.10891  5.33983  -10.3573  -65.7771  3.48822  2.5113  6.82419  4.70151  
-0.0310002  1.62203  -15.1442  -4.24201  14.4343  34.9831  -38.3443  -2.24514  -2.89992  1.82739  -0.590052  1.16874  3.2767  5.26822  -9.5449  0.36888  -0.339862  -2.83323  -2.30312  -4.08699  3.62345  5.06751  -7.66709  849.045  -26.598  1.99425  -0.57234  5.63226  1.83864  -2.55767  14.9388  -9.05783  0.527223  8.49774  -1.87514  3.50232  -10.2345  42.9464  0.546542  3.49962  2.8426  3.69816  
-0.435321  -1.63155  -5.10061  -3.6975  57.5368  44.3352  -32.1037  3.69853  -4.55607  0.536259  1.2575  0.922342  2.09682  4.99672  -5.525  -4.98872  -0.837553  -3.94424  -3.71452  -1.8068  1.24426  3.47394  -6.77969  1549.79  -25.7114  12.96  0.672518  4.98636  -11.8798  -2.74248  -3.05615  7.60202  10.0189  2.4598  0.3485  1.36598  -4.09858  79.8145  0.812448  4.55321  7.72277  4.75139  
-0.310783  -2.74573  13.0087  -0.921032  47.4126  6.46762  3.0274  7.09825  -5.49633  1.30646  1.90531  -0.0303765  0.719667  2.10332  -1.12197  -6.7045  -0.580004  -2.29747  -2.76588  2.71746  -0.962911  -3.12298  -2.52107  1364.95  -11.7092  10.9377  2.67727  1.38418  -28.3204  -1.28757  -10.2158  19.4862  12.0624  -2.35296  1.76537  -1.79901  2.99576  48.2705  4.38517  5.20886  14.8058  5.78994  
-0.308597  -1.53579  20.7328  1.03477  3.18161  -34.7606  26.7842  2.34757  -1.66254  2.69841  -1.64343  -1.01793  0.261789  -1.41755  -0.0150456  -2.98824  -0.450814  0.272425  0.300298  4.43881  -0.869201  -3.43282  1.56318  576.149  7.36846  2.02202  1.37966  -1.44051  -18.1076  -0.53871  -0.1903  19.7882  5.26646  -0.734908  1.56242  -7.51068  5.4868  50.5424  5.02021  5.4625  10.0636  3.41304  
-0.761854  -0.041822  11.1055  -0.692421  -18.4849  -34.708  14.1447  -7.23824  6.23315  1.66003  -7.58198  -1.39366  0.0205873  -2.7043  -2.87277  2.86219  -0.932124  1.74605  2.25804  0.163436  1.3041  4.78305  5.21496  -85.3786  20.5632  0.151906  -2.86119  -0.667777  7.97024  -1.73113  12.3387  13.0944  -4.92313  2.31959  1.45606  -12.3473  2.53809  113.227  0.203213  5.30513  -8.11161  -1.73636  
-1.06816  0.754257  -4.49548  -4.5868  7.25979  -1.18008  -15.218  -13.7332  9.37265  -2.04712  -12.5971  -1.04327  -1.15785  -0.968997  -5.82616  6.65165  -1.286  1.51783  1.20143  -6.17674  2.85469  10.7931  8.87872  -254.153  21.507  8.2589  -5.41817  2.62729  15.7155  -3.07351  11.7246  4.92867  -9.33104  -3.12367  2.02057  -9.36706  2.20023  123.813  -4.02293  4.69089  -24.1436  -5.47736  
-0.545812  0.959282  -8.79849  -5.42196  42.8183  20.3565  -24.4024  -13.0378  0.539689  -4.56806  -12.621  -0.335716  -3.50608  1.90913  -4.20508  6.31166  -0.641166  -0.13696  -1.42343  -7.79733  1.89632  5.90421  9.77585  -186.315  12.5328  14.8202  -3.57671  5.10365  -3.10916  -2.17571  -0.318563  -4.49855  -4.5702  -15.4449  1.55965  2.70437  7.54958  7.55101  -0.268096  3.74184  -23.5432  -4.35806  
0.498482  1.46201  0.870063  -0.397484  45.6342  6.41001  -4.20509  -6.8608  -12.8857  -2.55721  -8.08772  0.254759  -5.83216  3.29976  1.47264  1.9487  0.643836  -2.72064  -2.28083  -3.34868  -0.179895  -4.28213  5.76643  -257.689  1.58414  13.5799  0.0312696  4.73573  -20.1162  -0.635126  -10.218  -14.2204  3.35688  -18.8526  -0.836717  14.8012  13.3382  -147.658  8.00444  2.74311  -8.61562  -0.516379  
1.07767  2.74886  11.3889  5.83249  16.7644  -21.2744  19.9369  -0.872098  -15.1464  2.40651  -2.11005  0.433427  -6.50738  1.99941  4.94738  -3.6044  1.36782  -4.99339  -0.563971  1.46513  -0.498023  -6.67061  0.00215825  -472.154  -6.1499  9.8825  1.06933  2.14831  -9.41224  -1.5799  -10.5881  -19.7544  4.9321  -6.50365  -4.44404  15.4372  10.6184  -192.42  11.0205  2.05812  6.27679  0.259754  
0.774897  4.50774  10.7585  6.78126  -9.94235  -22.8788  23.141  2.15454  0.58303  5.19151  1.21855  0.160191  -3.71241  -0.75244  2.5447  -6.27551  1.02129  -4.73575  0.53601  0.563083  0.524076  1.58724  -1.79724  -596.664  -10.387  10.704  -0.725672  -0.804725  15.506  -4.23132  -6.50268  -19.1806  -2.16415  8.42293  -6.05931  5.62032  -0.306102  -91.1934  6.1379  1.99205  10.4289  -3.42549  
0.219084  4.61548  -0.510492  2.72909  -20.529  9.51165  7.5626  2.57144  21.977  2.81614  1.48852  -0.273386  1.18458  -2.26532  -1.04885  -4.46408  0.353797  -1.13862  -1.00901  -4.83948  0.154502  9.27494  1.77153  -469.261  -13.6064  13.1727  -1.91351  -3.31862  25.6344  -3.6173  -4.41365  -15.4795  -10.6008  9.41812  -4.18895  -4.37733  -8.54126  36.6378  0.901826  2.41868  4.3793  -7.38795  
0.211813  0.758801  -10.8686  0.23868  -26.0616  44.4588  -5.92722  2.11116  30.4334  -2.01668  1.74869  -0.463301  5.20888  -0.955117  1.30689  0.0852218  0.302693  3.35305  -3.1687  -7.72514  -2.26551  6.90567  5.70706  -169.016  -16.0953  12.3895  0.0923685  -4.29195  19.8767  1.31192  -2.92772  -10.7177  -10.7863  -1.19618  -0.155818  -6.41951  -5.48035  84.0704  0.785677  2.9326  -4.96624  -6.50009  
0.742916  -6.90512  -12.5186  1.95482  -32.9454  43.2574  -3.24055  2.96502  16.7783  -4.49047  3.82282  -0.290227  5.42709  2.11363  8.81263  3.27357  0.870242  5.19056  -2.68645  -4.36686  -3.78085  -2.7125  6.1135  142.56  -14.4579  10.7075  3.38201  -3.3075  9.95201  4.69219  1.29193  -3.11723  -1.12189  -6.06419  3.09197  -3.79205  7.87652  50.6072  0.360226  2.99647  -10.7044  -1.44885  
1.0654  -12.5844  -6.2751  3.09292  -27.063  8.17636  10.7999  4.77094  -9.04244  -2.66475  7.41819  -0.186212  2.92629  4.30215  12.0623  3.75013  1.23185  3.73467  0.440795  2.12028  -1.77951  -9.57368  5.34426  359.553  -5.14449  12.3562  4.05194  -1.10751  10.7089  1.45659  6.93307  6.15793  10.1253  1.2088  3.6032  -1.46471  16.2021  3.39085  -7.70621  2.62946  -9.3258  2.19207  
0.617645  -10.5446  0.694128  -0.205884  -4.15989  -24.0549  21.0547  5.65706  -27.4589  1.09846  8.96048  -0.599524  2.15045  3.86796  5.02794  2.92188  0.774484  1.43208  2.99228  5.6434  1.80698  -8.94143  5.88222  439.892  9.91708  11.5063  0.892235  -0.310182  13.8454  -3.55453  7.20523  10.6116  13.5013  7.9323  2.69492  1.06103  10.6977  -22.3363  -18.8536  2.24116  -2.06397  1.18776  
-0.383647  -1.66681  3.6026  -4.83096  15.0918  -21.6241  16.2382  3.68185  -25.6754  3.38032  7.57034  -1.35861  4.7202  1.33776  -6.34117  2.04495  -0.26281  -0.199581  2.70486  4.43096  2.81075  -4.29694  5.69987  389.436  22.4467  -0.615412  -3.07186  -2.70462  7.59862  -2.01602  -0.2895  7.46594  7.85827  1.75728  3.18054  4.46411  -4.21113  -25.9996  -20.7875  1.90152  5.00404  -3.02423  
-1.22387  6.72282  3.67131  -5.49243  13.0397  8.22023  -0.981062  0.245057  -8.4551  2.67734  4.08193  -1.76221  6.4271  -1.07021  -10.9283  0.438466  -1.12219  -2.20823  1.02883  1.67701  0.0107029  -0.695674  1.36727  256.508  22.0362  -18.7711  -4.11789  -6.42253  -9.52339  5.07971  -10.0058  4.07963  0.279581  -11.1697  5.34803  4.71835  -12.3605  -13.9036  -9.78155  1.24946  5.60192  -6.11677  
-1.36712  8.31189  4.00413  -1.74172  0.139305  28.2241  -14.0622  -2.10679  7.59929  -0.0868419  -0.617615  -1.42426  1.81261  -1.62847  -5.84214  -0.915605  -1.25895  -5.19366  0.809791  1.01173  -2.91571  0.789757  -5.55045  66.2879  7.64366  -23.6501  -1.74416  -6.8208  -24.0005  8.20389  -13.5179  8.51906  -2.50304  -14.2706  5.86234  -1.52419  -6.24215  9.63478  3.53651  0.214447  1.09074  -5.49003  
-0.879293  3.76841  6.10441  2.51796  -3.70708  20.1918  -7.08871  -1.93239  11.4916  -2.82938  -5.04893  -0.795438  -7.01556  -0.592454  1.37952  -1.0186  -0.771155  -6.66111  2.45046  2.30269  -1.80172  1.52668  -9.14408  -144.28  -11.1534  -7.63153  1.06169  -2.09391  -22.6913  2.32886  -8.05064  16.5824  -1.10747  -3.33188  1.1989  -8.35185  4.04702  12.2401  7.79367  -0.408335  0.0440338  -1.75987  
-0.222817  -1.63875  8.49092  5.06295  -0.172688  0.716548  14.6537  -0.879483  8.23824  -3.74404  -8.20479  -0.612805  -11.9609  0.46869  2.9004  -0.0162222  -0.118788  -4.00922  3.91173  2.75296  2.70885  1.60495  -6.31118  -340.533  -22.465  12.9962  1.39918  4.3916  -1.81619  -5.33599  1.94826  15.9591  -0.359538  8.31025  -7.27476  -8.44657  5.05809  -34.3154  3.70541  0.0269006  6.37183  2.5327  
0.167234  -3.5366  8.41046  6.32322  -5.02009  -9.42836  24.8191  -0.717175  9.97593  -2.76499  -8.95842  -0.960088  -8.19507  0.382538  -0.823334  -0.778313  0.304403  0.757039  2.42451  0.376876  5.35765  0.642132  1.196  -447.456  -22.9125  18.249  -0.585776  7.26503  25.194  -6.2686  8.872  4.25666  -2.22816  6.72506  -13.9062  -2.41975  -4.54314  -94.4587  -0.25256  1.42876  12.9385  4.80125  
0.19623  -1.45198  5.35999  5.84011  -16.3344  -5.10956  5.77383  -1.63442  18.0462  -1.02312  -6.69946  -1.26428  -0.15288  0.0328493  -4.27091  -3.34358  0.42267  2.60039  -1.96518  -3.70077  2.66405  -1.94572  7.77997  -446.678  -18.2962  11.5615  -2.0154  4.76592  29.7268  -1.49947  7.87872  -6.62412  -3.89139  -4.08638  -13.7623  0.756936  -11.0612  -93.8591  -0.0938385  2.94066  9.01983  3.86773  
0.0772957  2.56397  0.539701  2.39961  -14.8145  8.05473  -25.6673  -1.91021  18.4151  0.314086  -2.97829  -1.05938  3.34926  1.16034  -4.11698  -4.27494  0.372132  -0.264209  -6.48478  -6.1432  -3.02207  -4.37603  9.55863  -387.174  -13.8464  12.0682  -0.421788  0.585493  6.78269  1.42349  0.543738  -5.4107  -3.06494  -8.67171  -5.97912  -3.30984  -8.07611  -3.39918  1.13665  3.81607  -4.13088  1.36292  
0.0782701  5.37793  -3.28932  -2.63685  3.44609  24.2201  -34.7967  -0.655382  1.53548  0.553606  1.07558  -0.519857  0.694919  3.56601  -2.24497  -0.995539  0.315314  -3.74063  -7.47546  -4.45645  -5.41507  -3.36801  6.60631  -339.833  -8.17548  24.1781  3.34155  -0.398145  -15.2827  -0.0839852  -5.94851  2.06884  0.545587  -0.57558  6.57597  -9.19933  0.861073  110.286  0.932311  3.74876  -12.8393  -0.321284  
0.2735  4.20379  -4.14898  -5.34612  18.3435  29.3986  -12.3134  2.15434  -22.4326  0.0155316  3.45557  -0.104757  -2.38256  4.81967  -1.67914  2.97881  0.340922  -3.31009  -4.03448  0.061219  -1.57073  1.19651  1.60147  -322.188  3.211  31.9903  5.59903  2.04355  -12.1666  -1.5519  -5.41211  2.5664  5.19631  9.51009  17.7659  -9.8244  7.37347  139.075  0.325599  3.14177  -7.30826  -0.197062  
0.502955  -0.0161008  -1.73775  -4.41566  14.8018  10.3933  13.4977  4.3916  -31.208  -0.689716  2.52892  0.0119639  -0.452848  2.96552  -2.47553  2.9789  0.43118  0.303324  1.24566  3.24131  4.88573  4.27248  -2.59676  -321.584  17.5984  23.7499  3.71783  3.92533  8.80597  -0.663389  0.991409  -7.97211  7.72614  10.3641  19.129  -6.11951  8.2606  51.4914  0.658207  2.88363  5.71893  1.28691  
0.54  -2.70309  1.40453  -2.55744  7.89627  -26.5364  14.3364  2.74004  -16.9288  -0.657684  -0.475795  -0.058041  4.48983  -0.472768  -2.24813  -0.346216  0.481344  2.65223  4.16462  2.02948  7.7045  0.440105  -4.88485  -327.109  25.6434  13.7778  -0.835805  1.64073  8.58601  0.0616638  5.57955  -19.4631  5.69612  4.64733  7.044  -2.47393  6.1203  -69.2247  1.28038  3.19764  10.0315  2.69531  
0.340777  -0.190376  1.60695  -2.01869  14.9707  -50.5516  -1.86732  -2.58031  3.66227  0.5427  -2.00349  -0.222151  5.94813  -2.53229  0.302619  -1.99954  0.415236  1.63018  3.26986  -1.24938  4.56886  -8.81667  -6.54748  -383.868  21.9078  22.7051  -3.91385  -3.51426  -19.4999  -0.765185  4.01543  -20.9438  0.350534  2.56411  -10.8672  -0.281655  3.85692  -94.0037  2.19978  3.08049  -0.67965  3.76883  
0.0973517  4.3139  -2.0411  -1.58127  29.6293  -36.9117  -5.98925  -7.33668  9.26256  1.90222  1.2655  -0.453193  1.55743  -2.45252  3.92194  0.220077  0.278302  -0.532522  0.197781  -1.90939  -1.33241  -13.7294  -8.00318  -509.514  10.361  43.9741  -3.32323  -6.96124  -35.8066  0.276547  1.3185  -12.6364  -2.83146  4.97831  -18.8551  2.04633  0.529566  14.0518  5.18292  1.9712  -16.1715  4.55628  
0.052267  4.14422  -6.46122  0.0917553  26.863  -1.63832  9.97147  -6.77841  -1.46545  1.55175  6.51394  -0.677474  -4.29911  -2.22652  5.28617  2.75499  0.233575  -0.898154  -2.28768  1.50805  -5.4526  -6.22794  -7.77384  -632.631  -1.35413  47.7417  -0.695777  -5.68817  -9.64882  3.99494  4.20235  -2.65858  -0.218218  2.98886  -9.58148  4.15584  -1.06476  161.861  8.66684  1.34202  -20.8817  4.64483  
0.300933  -1.86393  -7.95307  1.99731  -1.02768  21.1595  24.4855  -1.52765  -8.95826  -0.995274  7.10447  -0.732996  -5.56978  -3.11796  3.07153  1.36205  0.446095  0.372416  -3.69681  4.45504  -6.0308  9.40851  -5.11432  -548.467  -9.95739  17.2218  0.759277  -1.28153  35.024  5.42702  9.12118  3.72326  5.17862  -4.70803  6.83459  3.26561  2.04349  198.757  7.87529  3.03748  -9.81992  4.10679  
0.672467  -6.36094  -5.61001  2.31063  -30.8812  17.9844  19.3405  2.90387  1.52227  -3.53369  1.89203  -0.630499  -1.72044  -3.3994  -0.746714  -2.85886  0.866398  1.01276  -4.68724  2.98578  -4.32796  20.4789  -2.03413  -98.3878  -16.5313  -26.6643  0.1122  2.63323  49.6258  0.941273  5.63505  6.68231  6.71711  -8.27728  13.1967  -1.64717  6.09177  70.7134  0.854566  5.8438  6.07203  2.92907  
0.816829  -3.70004  -1.9052  2.15148  -36.3644  3.60151  2.83736  3.17349  19.4816  -3.3313  -3.23985  -0.55507  2.49627  -0.911713  -2.95697  -5.76312  1.12893  0.0578236  -4.56828  -1.81044  -2.48988  19.0758  -1.6706  551.61  -20.7054  -49.9556  -1.19736  4.26454  23.3098  -5.07336  -6.76553  7.83736  2.81242  -1.90569  5.92222  -7.44068  6.49939  -127.397  -6.08685  6.22408  12.9907  0.994402  
0.463676  2.72332  0.704018  3.93042  -14.1445  -6.86195  -6.46871  1.73024  24.0586  -0.303998  -2.35905  -0.597612  2.4655  3.15597  -2.69913  -4.7591  0.786984  -1.3924  -2.3941  -5.10425  -1.53781  9.68836  -2.84422  980.041  -19.2988  -43.8187  -2.01459  4.7823  -9.43643  -5.67879  -13.5524  7.65394  -0.457106  5.2993  -2.62075  -8.99498  6.23334  -242.566  -5.23624  3.02727  7.87118  -1.41977  
-0.239685  4.96752  -0.129314  5.99114  16.6772  -15.2834  -6.2294  2.70329  11.5463  2.10399  2.17611  -0.71952  -0.558515  5.02171  -1.28731  -1.08427  -0.0953063  -1.9154  1.44831  -5.46391  -1.36038  1.80319  -1.12245  897.321  -11.6252  -27.9307  -2.11063  4.99753  -18.8985  -0.77144  -3.88251  5.93176  1.12231  3.01146  -1.09276  -5.58383  9.46845  -208.635  2.59592  -0.392143  -0.0663759  -2.22678  
-0.728412  0.788194  -2.81804  4.43623  32.0058  -22.1834  -6.41975  5.16043  -0.865914  0.972175  3.166  -0.816785  -1.94032  2.57703  0.578905  1.71548  -0.772468  -1.37362  4.67331  -5.19105  -1.65183  -1.95647  4.71069  494.699  -0.766554  -21.0138  -1.71326  4.21212  -13.712  2.32651  11.1929  2.63166  3.9059  -5.74549  6.60726  1.0469  15.3573  -91.5348  8.37767  -0.627496  -1.77301  0.438435  
-0.608158  -3.75827  -4.73125  -0.827104  19.977  -16.8593  -11.1013  5.48829  -0.964728  -2.35399  -1.44731  -0.895646  -0.633419  -1.66298  3.34654  1.13863  -0.604183  -0.534415  5.59243  -6.27771  -2.23932  -4.91717  9.18187  235.043  9.79424  -20.9643  -0.980095  1.35159  -17.3703  -0.13963  10.013  -2.79604  2.46182  -8.42049  8.71442  6.37077  12.4401  -12.1798  5.75702  1.4042  3.16615  3.9906  
-0.23391  -3.25185  -4.7841  -4.95547  -8.632  4.51808  -14.3424  2.93421  1.58709  -3.69131  -5.97413  -0.969098  -0.198676  -3.44818  5.712  -2.04477  -0.0155562  -0.114167  4.95637  -7.1481  -1.95101  -9.56189  6.81078  322.322  17.7348  -16.5957  -1.08126  -2.3083  -22.6671  -3.73341  -9.77152  -12.2051  -2.72004  -2.92962  1.55438  8.63794  -1.76017  -13.3994  -2.25953  2.4716  9.0282  3.13673  
-0.407363  0.81859  -4.52506  -3.78994  -26.3716  24.1027  -12.0322  0.476261  -7.89644  -1.14514  -4.4315  -0.963686  -3.35281  -1.85925  4.12668  -4.80207  -0.176253  -0.341437  3.6211  -5.47556  -0.151714  -13.3884  -1.09996  461.346  19.9364  -4.47781  -2.72233  -4.33744  -19.8926  -3.5309  -25.4817  -23.3253  -6.10772  1.62045  -7.26524  6.44698  -12.4603  -28.4355  -7.87005  1.8538  11.1769  -4.37139  
-1.28639  2.80511  -6.38377  -0.385935  -20.7834  17.9635  -7.80392  0.339263  -22.713  2.20831  1.8419  -0.81004  -6.97878  -0.0622335  -0.878751  -4.80929  -1.41144  -0.966466  1.18394  -1.77184  2.85322  -13.3597  -7.71163  290.713  11.757  8.63763  -4.26302  -3.83721  -15.4244  -0.277956  -18.1046  -27.4954  -5.4146  0.277112  -10.7452  2.10121  -6.8674  16.6691  -6.43509  1.49626  8.60084  -13.348  
-1.95257  0.340034  -8.44967  -0.490771  -2.27785  -11.2821  -4.92692  0.800989  -22.6986  2.15073  4.74407  -0.59584  -6.56302  -1.06266  -3.47581  -2.66703  -2.44396  -1.47583  -1.72252  0.852235  4.91633  -10.3426  -7.94373  -122.142  -3.73328  18.8811  -3.18667  -2.08997  -18.8544  1.92978  2.26484  -18.1358  -4.05451  -1.22648  -9.64704  -1.90242  7.66479  100.414  -0.746056  2.21144  1.62424  -15.937  
-1.41499  -3.43706  -7.20425  -4.1231  5.3876  -33.8914  -0.944485  -0.925159  -2.44449  -1.23701  -1.34355  -0.479266  -1.98283  -3.37544  1.19892  -0.661236  -1.81234  -1.33734  -2.93271  -0.012033  4.23643  -6.19844  -3.46594  -359.247  -14.0448  25.7223  0.424829  -0.571806  -22.3637  2.07181  10.2161  -1.1789  -4.78052  2.13991  -8.47659  -2.32883  12.4797  129.351  3.75433  2.54148  -7.01528  -10.8383  
0.106669  -3.53305  -4.30559  -6.18042  -3.48022  -22.227  6.19044  -2.7049  18.1181  -3.56339  -13.0521  -0.501721  2.62197  -2.82133  8.47574  0.248442  0.23513  -0.806273  -1.04117  -4.69  1.17899  0.0127362  0.232388  -208.38  -8.47468  27.4757  3.27969  0.451998  -12.7146  2.28063  -1.38927  9.65657  -5.60759  5.98513  -8.15869  4.03722  2.02194  56.7283  4.14782  1.62342  -11.0868  -3.86459  
1.29474  0.990181  -6.53155  -3.00487  -12.0586  15.3891  11.9326  -1.10834  18.0783  -1.70111  -19.5547  -0.567655  4.67661  1.74449  8.65335  0.582044  1.85172  -0.497884  1.55007  -8.97978  -2.03529  9.33606  -0.484478  76.0207  7.84846  21.1123  3.02374  0.880037  4.62118  3.12249  -12.2473  6.56257  -4.40038  3.45319  -5.86705  16.7028  -6.90677  -37.7021  2.25096  0.638913  -6.16655  -1.09636  
1.25045  5.55869  -15.0695  1.61032  -5.78486  39.6791  9.64958  3.07909  2.2193  1.51316  -13.5625  -0.556299  4.79135  6.1755  -0.251935  1.232  1.75585  -0.331513  0.720736  -8.00474  -3.02431  19.0647  -4.40086  73.3136  17.1482  9.643  1.0452  0.00967905  7.97069  2.03636  -4.41219  -1.69692  -1.84796  -2.77778  -1.04977  26.7716  -1.3111  -44.8147  1.15211  0.772777  3.57309  -2.19603  
0.484587  5.07645  -17.9733  2.40162  8.52687  25.6152  -0.53337  5.33244  -8.97013  1.1096  1.01591  -0.54001  4.30915  5.70631  -9.08029  1.78326  0.669323  0.494222  -3.35278  -0.109767  -0.915087  23.5801  -7.75448  -292.844  9.12587  3.24498  -0.221256  -1.81444  1.20916  -1.17705  13.3196  -1.81487  -1.07275  -4.30106  3.3283  25.2752  8.7454  31.6079  1.9544  1.6775  8.15341  -2.42998  
0.159814  -0.520713  -2.54459  0.69321  15.9297  -9.0413  -10.3955  3.17103  -4.72888  -3.29489  11.0949  -0.612425  2.19066  0.664707  -9.52038  1.86698  0.20673  2.05261  -5.35448  10.696  3.39741  19.2214  -7.61059  -653.01  -7.78091  4.72655  -0.111003  -2.86614  -0.473907  -2.75304  17.5245  7.99432  -1.52246  1.90373  4.53907  11.9175  5.41903  70.973  2.982  2.66671  3.97202  -0.021287  
0.591405  -5.4223  23.566  1.08369  16.7718  -21.5531  -11.5506  -0.640521  5.58202  -6.22978  9.01946  -0.797633  -1.77093  -3.64932  -4.61593  1.81254  0.806199  2.54281  -1.4913  17.6134  7.34623  9.27961  -4.73598  -618.58  -19.1182  4.90116  0.564059  -1.64238  1.58765  0.0676623  3.21032  16.9234  -0.486979  9.11102  2.9944  -2.40587  -9.90004  8.85835  2.88575  3.62823  -0.779865  3.4662  
0.937057  -4.73286  35.7163  3.86641  15.0677  1.23987  -2.50364  -1.99772  8.55778  -3.22899  1.1225  -0.898967  -4.64347  -3.15437  -3.42921  0.551551  1.29224  0.517047  5.07438  16.8853  6.67463  0.35592  -1.0236  -134.613  -18.832  -6.69592  1.69324  0.769208  -9.14672  4.6879  -8.99459  16.5487  2.35046  8.57957  2.23869  -8.39259  -19.517  -64.1162  2.01827  4.40504  3.25997  5.98999  
0.286861  -0.221599  21.1986  2.65572  8.30676  26.6268  10.8388  -0.749821  1.79276  3.30322  -0.993643  -0.79519  -3.84646  0.801755  -7.24475  -2.45077  0.433846  -2.72296  6.80938  10.7878  -0.47097  -4.03247  1.7089  459.576  -12.8754  -23.5996  3.48134  1.77342  -30.511  5.24295  -1.86758  10.0229  3.88336  0.21925  3.59277  -6.84649  -9.83332  -23.4416  1.08233  4.04377  12.7473  7.87604  
-1.17508  1.57468  -3.11948  -4.31735  -9.47854  19.4418  19.8056  1.28774  -7.10549  6.49243  6.36052  -0.55677  -0.474239  3.68009  -8.46318  -5.72561  -1.51121  -3.81059  1.58721  3.82771  -9.67736  -5.86588  2.56495  770.783  -8.64055  -28.578  4.09047  0.727722  -32.3717  -0.00134487  14.1863  5.05553  1.38982  -6.78106  5.8353  -4.92673  9.35888  94.9565  -0.344918  2.21937  15.4885  9.39766  
-2.33221  -2.50305  -12.27  -9.46169  -26.2975  -12.0955  18.6443  2.48965  -10.3132  3.37528  13.6868  -0.424516  1.91562  3.33149  -1.7635  -5.74898  -3.03626  -1.42845  -4.99775  -0.922933  -12.9119  -7.46534  0.842061  654.799  -8.12972  -15.4505  1.3776  -0.468009  1.11929  -6.20002  14.8157  3.45424  -2.53284  -4.08054  5.56191  -6.57687  16.1967  119.334  -2.68804  0.263034  5.95434  9.55735  
-2.22157  -8.4393  -2.98206  -4.04725  -24.4719  -29.7406  8.38566  2.91506  -7.03963  -1.91004  11.3831  -0.525429  1.86496  1.34341  7.43485  -1.71364  -2.8477  1.68736  -5.50325  -3.95285  -6.92411  -7.92527  -2.3568  287.368  -8.46577  1.19975  -3.50367  0.232369  42.7512  -6.68671  -5.20338  0.0706947  -4.89153  5.12491  2.05493  -10.4889  1.21291  -34.7953  -4.69232  -0.054051  -8.22981  6.24901  
-0.9597  -9.74161  4.55955  8.35878  -0.594356  -16.9432  -3.14594  1.87469  -1.99556  -3.6552  1.80394  -0.696862  1.53044  0.0516507  10.3502  2.09226  -1.11369  2.02135  0.146871  -7.17671  2.26166  -5.00687  -3.9889  -19.8563  -6.46272  5.43786  -6.62278  1.95082  50.7264  -0.37714  -23.8511  -6.49766  -5.15019  8.20964  -1.82166  -14.0677  -21.6571  -233.299  -3.88646  1.4085  -14.9787  -0.832292  
0.432627  -3.78066  -1.59972  13.992  24.5973  3.32255  -8.1395  -0.373094  -1.0753  -1.36088  -4.08973  -0.605368  2.71973  -0.146487  5.47216  1.36281  0.753936  -0.313533  4.89317  -11.5435  6.03224  -0.451503  -1.43426  -64.1347  -2.56198  0.785049  -5.62448  2.41621  19.0901  7.14323  -19.6729  -12.0773  -5.55832  -1.85484  -2.11545  -16.8089  -29.2297  -253.816  -0.178665  2.91336  -13.0924  -7.6831  
1.04021  5.23992  -11.4486  5.81155  36.0855  10.4082  -5.58025  -2.34855  -4.92923  0.619953  0.505167  -0.228405  3.94222  -0.335857  -0.740689  -1.96151  1.48814  -1.78917  3.31993  -14.3411  3.47368  1.27667  2.89889  130.563  0.522545  3.57177  -2.27767  1.14404  -13.4084  9.2046  2.63295  -12.3686  -5.5737  -15.4194  1.72676  -15.1407  -13.933  -55.3286  3.81193  3.00274  -9.19148  -9.82994  
0.878543  10.6002  -10.2834  -6.9091  34.6498  12.9665  -2.44772  -3.02612  -8.88002  -0.622368  10.3473  0.00788532  2.86953  -0.842679  -2.97082  -2.80768  1.15733  -0.298662  -1.52744  -11.9115  1.56438  -1.30994  4.06722  341.239  2.09699  18.0354  0.25859  -0.0342252  -21.0903  4.70418  19.2956  -7.88301  -2.02367  -16.4788  6.66818  -5.65066  8.59134  172.917  4.98891  1.93902  -8.10124  -5.12359  
0.707382  8.79724  -1.21653  -9.84919  32.4791  26.9941  -5.63045  -3.3417  -7.21896  -2.92055  13.5816  -0.328451  0.0288425  -0.650455  -2.14879  0.260552  0.903667  2.3532  -3.02951  -3.34245  4.52132  -3.13856  0.00138214  385.575  4.98498  30.4022  1.14458  0.590005  -10.1576  -1.16812  15.9027  -2.69336  4.8591  -3.70199  8.0485  9.98353  17.1351  232.525  2.78746  1.19071  -7.21377  2.63359  
0.970863  2.31513  2.58496  -0.88361  33.1718  43.1616  -12.381  -4.19984  -1.59791  -2.66298  4.66613  -1.13571  -1.89216  1.21495  -1.10852  2.90557  1.38828  2.9398  0.86562  7.45187  8.1521  0.114511  -5.09314  257.129  12.713  30.1802  1.24502  2.12559  -5.37647  -2.52107  0.913206  -0.400592  9.5636  6.35711  4.47664  20.929  8.12562  109.745  -0.60406  1.75311  -4.58267  6.83405  
1.16598  -3.58511  -2.15743  7.44774  32.4894  37.5218  -14.3687  -5.041  4.37911  0.158836  -9.11251  -1.76968  -1.44672  3.55712  -0.426961  1.34995  1.83355  0.943552  4.12545  13.5615  5.99117  6.03894  -6.65182  115.721  22.1778  24.2661  1.01936  2.68807  -11.1086  1.21945  -7.81825  -1.55202  8.51191  1.8025  -2.32061  18.9606  -1.58771  -49.7956  -2.69621  3.24664  -3.76597  4.07975  
0.542343  -6.56396  -4.92899  5.02593  25.3443  8.89197  -8.7574  -3.91079  7.57682  2.07167  -14.6438  -1.80387  -0.189617  3.65697  0.724895  -1.98154  1.08029  -1.35606  1.72211  11.7153  -1.1062  7.51514  -5.54366  49.7828  23.4889  27.5979  0.0905675  1.82973  -17.5793  4.83767  -4.34964  -3.64241  5.2016  -6.94399  -7.89596  7.13208  4.83707  -120.379  -1.26222  4.46166  -8.32451  -0.923611  
-0.771183  -7.78908  0.689173  -3.87151  9.18047  -20.4074  -2.42046  -1.49702  7.76442  0.935711  -7.09957  -1.55159  0.0325634  0.326125  1.50973  -2.91822  -0.698477  -1.82255  -3.78642  4.4712  -5.64337  2.63704  -5.11572  60.1177  13.1741  40.692  -1.07537  0.860095  -11.1189  3.63165  2.59795  -3.97792  5.50642  -3.65626  -9.42712  -2.86745  18.9315  -84.8613  2.57272  4.42352  -13.6955  -2.16158  
-1.75304  -8.91003  7.90796  -7.29006  -12.0575  -27.2119  -1.75451  -0.168811  5.39841  -1.14894  4.25053  -1.7299  -1.21779  -4.36819  0.170791  -1.17049  -1.96886  -0.613682  -5.52229  -2.48123  -2.85951  -1.64789  -5.87348  126.959  -2.18926  46.8697  -1.50432  0.614651  3.8566  -2.19264  4.26854  -1.96366  8.00083  9.81674  -7.33079  -3.29558  21.7213  -12.7593  5.51155  3.12029  -10.8996  1.08095  
-1.71146  -8.3893  7.07637  -1.49574  -24.0888  -15.3524  -5.19995  -0.403162  1.53561  -0.676779  7.09222  -2.55775  -1.9337  -6.23801  -2.9388  0.172898  -1.70662  0.849722  -1.74243  -5.38991  3.46283  0.34407  -4.79495  233.655  -12.5399  30.197  -0.627329  0.748671  16.7445  -8.71221  1.8486  0.729507  4.17054  14.3118  -5.18651  1.66358  8.88055  29.0749  5.31755  1.31319  1.59046  2.78552  
-0.994048  -3.90687  -0.446195  5.62856  -17.6384  -5.05568  -6.42474  1.11665  -2.91341  2.49911  1.17991  -3.24416  -1.54535  -4.04256  -5.44058  -0.606043  -0.544773  1.52328  2.05189  -4.72158  5.99723  5.00631  -1.35575  282.893  -16.3401  -5.51751  0.985007  1.4856  18.3645  -12.2184  0.908952  2.34807  -7.81485  1.29001  -6.14826  3.1508  -4.72029  16.9741  3.33854  0.0672724  14.5893  -2.22102  
-0.270954  3.82778  -4.38957  6.44407  -4.38265  -8.59181  -2.49645  6.09355  -5.31321  4.08816  -2.52045  -2.51796  -1.26576  -0.800969  -5.16965  -1.82941  0.287441  1.04347  0.790097  -3.96106  1.92222  4.74009  1.06617  82.1654  -19.3288  -39.4946  2.52152  3.35668  16.5786  -10.6097  1.3877  2.1306  -17.664  -14.1969  -7.37501  -3.09797  -3.97004  -27.7453  2.31731  0.0857205  18.4899  -10.2185  
0.318688  9.83371  0.706227  2.30617  -10.4024  -21.6701  5.084  11.9026  -3.98955  0.394985  2.71128  -0.0390964  -3.16046  -0.0462911  -2.6714  -1.62373  0.495093  -0.480004  -2.96703  -5.18483  -4.72544  -2.38679  -0.319117  -374.061  -22.9947  -51.6156  2.86888  4.3885  14.8622  -3.57974  -2.33636  0.101042  -14.7335  -14.762  -3.01203  -12.345  6.15549  -51.4983  2.0086  1.46098  12.8941  -12.9293  
0.846829  9.77354  8.83861  -0.824094  -41.1081  -33.4869  13.5896  13.7034  -1.37021  -6.54597  9.75615  2.53885  -6.01136  -1.13312  0.209667  -0.826823  0.571705  -1.96906  -3.37043  -8.49558  -8.00328  -8.48684  -4.22356  -722.066  -20.6814  -39.7712  1.25049  0.581559  8.45345  6.18194  -10.9579  -3.16379  -2.99415  -3.66621  7.39419  -16.7297  8.99869  -7.56985  -0.4899  3.21687  4.81639  -6.56055  
0.895508  3.51555  11.4136  -1.93226  -62.1238  -31.7256  18.5567  10.1953  -0.188245  -10.6696  7.70081  2.51274  -6.46713  -0.436621  1.54882  -1.91281  0.635981  -1.90722  0.445241  -10.4396  -5.93731  -6.75589  -7.62883  -535.001  -6.73768  -20.9987  -1.5693  -9.08795  -5.49766  12.8452  -16.324  -4.33629  2.64033  2.03889  13.4652  -13.1556  -1.87275  82.4212  -6.8671  3.75875  -0.395719  3.19388  
0.0870177  -4.37055  6.83103  -3.36571  -37.1905  -11.6232  14.8054  3.74284  -1.30832  -8.14503  -2.42372  -0.754133  -1.8373  3.17291  0.761308  -5.03388  0.337706  0.0717278  3.86865  -8.26897  -1.71852  0.605396  -8.94064  160.283  12.9951  -12.9277  -2.81276  -17.9455  -20.9847  10.482  -11.0967  0.571416  -4.18947  -3.32847  5.46915  -5.58472  -14.4131  132.688  -13.3368  2.54717  -2.24892  8.26154  
-0.856205  -8.48023  0.172268  -4.12675  20.8046  18.5277  2.18217  -1.81266  -2.89216  -2.41388  -9.30567  -3.98019  4.69387  6.07748  -0.830607  -7.09098  -0.169677  2.26964  3.68173  -2.22283  -0.00379539  4.72242  -8.09195  837.413  26.3839  -15.9987  -0.780987  -18.0378  -22.3443  0.393429  1.63193  8.41667  -12.0721  -9.56177  -9.04459  0.256943  -14.3723  88.967  -14.448  1.04641  -1.04463  6.15458  
-0.449696  -6.14344  -2.99295  0.0734551  55.3258  40.7345  -10.3566  -3.70552  -2.51434  0.674035  -5.73439  -2.56195  7.46701  4.93127  -0.85728  -4.55048  -0.0575622  2.88112  2.24915  4.86823  -1.92478  1.67806  -3.93647  1054.1  25.9742  -15.0975  2.9949  -8.07678  -7.20409  -8.15592  12.7093  11.2299  -7.07052  -7.95906  -11.2287  2.46907  0.329866  -14.8188  -8.37435  1.07004  3.64232  1.97925  
1.65972  0.725977  -0.966381  7.59076  35.1778  40.8868  -13.8387  -0.871885  -0.941295  -0.197679  2.91618  3.81942  5.86738  1.78824  1.67745  1.78756  1.0589  2.63865  3.38226  9.29728  -4.11522  -3.39731  3.45316  907.233  15.9635  -3.52771  5.47967  3.90013  5.93579  -7.49451  17.9617  5.64551  8.09765  -2.81478  3.97728  4.76638  14.8343  -74.8822  0.572287  2.25549  10.9553  1.24141  
3.8521  6.43764  4.3524  9.86534  -10.0009  26.2315  -9.79136  4.15452  -0.777088  -0.22812  8.1584  9.86922  5.27231  1.84514  5.04836  6.34193  2.34321  4.0875  7.05461  9.33521  -2.33467  -3.30348  10.3191  782.641  5.79819  7.60711  6.31408  9.01754  5.44128  0.326091  20.2035  1.71423  16.0912  -1.97574  15.8672  11.846  16.8719  -33.936  5.97009  2.24077  17.6071  3.55101  
4.22016  6.99318  10.4051  1.99277  -28.3194  11.2262  -7.33605  8.38408  -3.31226  3.9868  6.79208  10.246  9.26708  6.56045  6.68238  4.1218  2.63586  7.76843  9.39457  5.96956  3.3543  3.0814  12.0954  842.655  1.88618  4.36929  7.08654  6.2084  -9.47692  6.79047  22.3713  8.69351  6.90196  -4.97901  4.22326  21.629  6.29457  69.1585  5.3304  -0.257573  19.8111  4.63945  
2.69382  3.34641  13.0881  -8.86641  -12.0618  4.50883  -9.20167  8.9915  -6.55518  8.77283  2.92947  5.76401  13.9055  10.6399  5.49112  -1.69759  1.72501  10.1087  7.92098  1.71083  8.16387  8.96652  8.45676  859.13  1.99874  -8.46952  7.4626  1.10549  -18.5435  6.71872  21.0808  19.3404  -8.42766  -6.36808  -19.4101  25.9599  -5.06788  133.211  1.68017  -2.94916  15.9034  3.17806  
0.776811  0.222144  8.4387  -10.2432  5.49625  0.888199  -8.40186  5.33803  -5.95347  7.26452  -0.473355  1.74488  10.4813  7.69201  2.27247  -4.15734  0.341088  6.7816  3.76557  -1.44471  6.85388  7.22189  3.362  527.659  0.787682  -12.7869  4.87133  -0.825596  -14.5593  2.31876  11.9995  15.4985  -11.8701  -4.49218  -22.7998  17.5768  -5.40316  88.2191  -0.253152  -2.19461  6.69236  1.20581  
-0.592373  -0.258717  -2.63445  0.0163467  4.08888  -4.08781  -1.09359  -0.451619  -0.552771  -1.47641  -2.93843  0.72829  -2.23518  -2.22322  -1.40344  -1.2168  -0.940265  -1.98944  -1.32527  -3.27739  -0.236408  -2.04238  -0.61959  -136.197  -4.05146  -2.28987  -1.23942  0.828832  3.23181  -2.90182  -4.11031  -6.65479  0.510994  -0.710387  2.86025  -1.65969  6.29568  -38.6137  0.548858  2.36535  -5.63414  0.49774  
