0.176688  0.497307  -3.15202  3.49838  0.122979  0.566226  0.178247  -2.30558  0.65511  0.548753  0.054146  0.101065  0.196583  -0.330711  -5.14302  -10.5197  0.888477  -6.04161  64.9549  2.23252  0.671184  -1.0408  -7.38246  -0.745278  0.809575  -1.16543  0.166917  1.14247  10.7486  -0.85807  9.27393  22.9451  -0.98374  -0.486825  -16.1927  8.21189  -5.65959  0.781885  -2.94744  -12.6858  885.767  -2.6993  
-0.579265  -0.340182  0.156003  -7.21261  -1.15293  -0.202767  -0.682885  -1.49013  1.99868  3.341  -3.53163  -1.35207  -0.407579  3.77931  9.86367  17.7031  -0.963487  -8.22016  -206.226  -2.94448  -0.260517  1.15857  -7.44121  1.7154  -0.287429  -19.7642  -0.600665  0.361287  -1.06369  12.0006  -31.8531  -104.547  0.692169  -12.8008  58.3879  21.7418  13.008  -8.5494  2.29539  100.159  1544.95  -1.39408  
-0.809193  0.513064  2.94135  -13.437  2.05107  -1.54293  -0.780803  3.23268  1.78655  2.45535  -4.12544  -3.3745  -2.55512  3.89431  15.7784  40.4056  -1.30093  -8.82694  -269.062  -4.1658  -3.77952  1.66418  -5.50152  1.68979  -0.802958  -36.0197  -1.36441  0.778218  -15.078  13.3542  -37.4457  -119.028  -0.720875  -27.0202  53.1971  15.3602  14.1981  -10.9083  5.42445  131.202  2378.29  -1.24374  
-0.496161  2.74825  4.60566  -13.5744  7.42869  -2.10383  -0.222308  8.21867  0.221635  -0.902316  -1.77941  -4.79199  -5.17799  0.537745  9.70062  46.8509  -0.246394  -6.28199  -159.928  -1.68874  -7.95156  0.961127  -0.756457  -0.746402  -0.56328  -38.4262  -1.21182  1.72393  -26.8942  3.95545  -15.0604  -51.9992  -2.65932  -25.1352  -7.66827  -10.3298  2.52979  -7.33579  5.03367  87.0724  2825.68  -1.8768  
-0.0264727  4.68144  4.80247  -9.55476  8.60619  -0.50977  0.316434  7.09838  -1.07523  -2.72311  0.953224  -4.08415  -5.36548  -3.02014  -2.95827  34.4373  0.722504  1.78329  -62.7477  1.02809  -8.55819  0.4218  2.70674  -2.77277  0.0989228  -19.7029  0.614358  1.8491  -32.4377  -4.93404  1.21346  -15.8584  -1.67223  4.93455  -33.8076  -38.2759  -3.31185  -4.96934  1.80182  34.7438  1464.06  -1.95108  
0.325285  5.13834  3.68327  -5.22453  4.1732  1.88992  0.529013  -0.0302528  -0.797615  -1.45056  2.0199  -1.82056  -2.8984  -4.93107  -11.3136  15.2637  0.734537  15.3466  -61.3415  1.6403  -4.57396  0.422734  0.168633  -1.37147  0.590632  7.5496  3.33341  0.965766  -29.0459  -5.77351  -2.90989  -42.3794  -0.350043  40.2889  2.89368  -46.1663  3.04408  -7.65006  -1.74196  11.0373  286.61  0.103711  
0.585116  3.95455  1.64272  -2.86555  -1.12745  3.09025  0.684121  -5.11107  0.635166  1.04871  1.71943  -0.207024  -0.143659  -5.91276  -8.32046  10.843  0.187967  25.2484  -79.6609  0.866315  -0.128041  0.437004  -9.94757  2.40288  0.268843  20.6497  4.70582  0.154121  -15.9302  -1.57475  -11.7529  -62.2718  -4.29694  45.814  44.8753  -28.48  10.3753  -10.0488  -2.85108  -1.65865  2360.71  3.69603  
0.829202  1.63195  -0.673263  -1.08118  -2.76264  3.10917  0.995905  -2.63181  1.73621  2.46091  0.976595  -0.330902  1.25534  -5.974  2.85306  23.1779  0.00526329  16.8481  -41.2355  0.579587  0.632602  0.185815  -22.8332  4.06513  -0.879703  13.1476  3.76103  -0.115436  6.50082  -0.0342116  -12.128  -31.0267  -10.8524  23.7143  35.951  -0.320306  5.94277  -5.08022  -1.08936  -23.5976  6154.98  6.80188  
0.932498  -0.658125  -2.36346  2.0523  -0.976856  3.03395  1.18124  4.02402  1.42054  1.99061  0.437157  -1.10328  1.79891  -3.08709  10.6499  28.2421  0.575046  -10.7729  29.4942  0.709228  -2.13012  0.127303  -29.2172  1.56418  -1.63256  1.11574  1.404  -0.300123  25.1446  -4.17641  -6.50391  13.1031  -8.25801  13.335  -3.72366  15.8862  -5.76793  4.48809  1.22565  -43.1881  6920.74  6.55188  
0.721107  -1.63115  -2.73155  6.11937  1.98278  2.86477  0.863962  8.16247  -0.0241489  -0.0635045  -0.11777  -1.10265  2.40169  2.80055  5.25103  7.14158  1.62042  -34.1481  63.1449  0.240912  -4.61231  -0.416632  -22.6724  -0.918767  -1.52863  1.38043  -0.515716  -0.450999  21.269  -9.36068  -3.35111  24.1344  8.30109  31.3716  -19.843  13.661  -10.9494  8.07294  1.65512  -40.8516  315.637  2.37711  
0.243491  -0.706071  -2.15098  7.53337  4.56758  3.32224  0.138816  7.70844  -1.18527  -2.7811  -0.461666  -0.386532  2.15054  7.29908  -7.44267  -24.2849  2.46462  -28.0854  43.2363  -1.06239  -4.26089  -1.73191  -7.4049  1.9471  -1.30122  12.3752  -1.55572  -0.132436  -8.84211  -8.96572  -3.02004  16.984  25.4374  40.1038  1.2216  6.90662  -3.81089  1.62794  -0.570883  -21.2795  -8687.08  -2.20322  
-0.285178  0.684631  -1.09115  4.42487  5.13454  5.08953  -0.555289  5.9329  -1.21884  -4.53677  -0.0926881  0.0858618  -0.0279211  5.69069  -10.9171  -36.0236  2.79243  2.35481  1.42988  -2.38252  -2.51073  -2.89956  7.51564  8.4083  -2.4245  20.996  -2.45834  0.519793  -38.7012  -1.45494  -5.72992  26.2865  24.4811  1.91657  25.8632  14.7232  6.89051  -5.59386  -5.63627  -5.44753  -10824.7  -3.29091  
-0.688686  0.185977  1.05302  -0.0708271  1.61306  5.88235  -0.911068  4.26864  -0.404693  -4.36733  0.566736  -0.0385906  -2.53053  -1.38462  1.14566  -30.1402  2.89574  22.5846  -28.8337  -3.57342  -1.58147  -2.62068  14.936  10.2445  -4.37839  19.6367  -3.19636  0.473762  -39.1977  7.94258  -12.3221  42.2384  4.95576  -55.5538  23.9298  35.7393  8.88688  -2.79688  -11.806  -4.41589  -1538.96  -0.506901  
-0.922785  -2.20962  5.12734  -1.10615  -5.23821  0.533825  -0.973413  0.82392  0.405352  -3.24294  0.110883  -0.290864  -1.67546  -7.48495  16.7948  -30.7365  3.12313  7.53229  -34.6875  -4.58075  -0.988594  -1.54821  15.6574  3.38054  -4.91997  11.5853  -2.65575  -0.441621  -12.6878  10.5626  -14.4105  32.6594  -13.2338  -65.9653  -1.94765  46.8927  -0.00379937  6.5556  -14.4578  -11.9072  11931.1  2.04414  
-1.05064  -3.87194  9.28991  1.68635  -10.5346  -10.6822  -0.973805  -4.46816  0.588101  -2.90229  -2.22078  -0.300815  1.31405  -8.1184  18.4011  -34.2642  2.8449  -26.3084  -18.8806  -4.34715  1.07777  -1.68821  13.2888  -6.17854  -2.82544  2.8177  -0.0157485  -0.688837  11.8546  2.3093  -1.46083  1.31544  -14.3689  -14.0146  -32.9339  30.8306  -9.75993  8.63123  -9.4214  -17.0779  15175.7  1.99151  
-1.18552  -2.47007  9.35841  3.56651  -9.024  -18.8805  -1.10792  -7.22922  0.0948811  -3.23644  -4.86971  -0.221717  1.48953  -5.79611  5.92616  -11.8414  0.755174  -40.972  0.087668  -1.14515  4.58207  -2.98888  8.92625  -9.05183  0.0926854  -3.17189  3.13601  0.727394  17.065  -9.12546  20.1525  -13.4256  -4.42264  34.2702  -50.3069  -6.69698  -10.2077  -2.2151  -0.196006  -17.4863  2890.4  1.32021  
-1.34775  1.16157  4.13475  0.584964  -1.40409  -15.1864  -1.35535  -5.02038  -0.965691  -1.96689  -5.03016  -0.233882  -4.66379  -5.45547  -5.77899  31.3196  -3.2001  -21.7154  8.92781  4.09593  6.56979  -2.92061  1.44159  -3.61243  1.92323  -5.16608  3.96592  2.40514  14.5426  -11.0076  28.5755  -3.43363  0.55117  16.9838  -39.4912  -43.415  -2.84362  -14.9555  2.5343  -20.0156  -15427.6  1.81632  
-1.33028  3.98573  -1.78183  -4.49258  5.89929  -2.65251  -1.42231  -1.03235  -2.00502  2.14373  -1.67116  -0.314437  -11.8044  -6.84916  -5.64006  36.2503  -6.74572  8.68911  14.8038  7.66665  5.41188  -0.32679  -5.62386  2.78409  3.743  -2.55612  1.62294  2.15513  22.4441  1.22582  18.2251  -3.62075  -3.66469  -41.9455  -4.80262  -59.1738  2.36218  -14.9743  -5.16409  -30.0258  -24115.7  1.70662  
-0.846755  3.98817  -2.50284  -5.1161  7.89505  7.11468  -0.970403  0.827965  -1.95059  7.11535  2.32833  -0.374394  -11.7143  -4.46855  2.50982  -23.5958  -7.22153  18.95  45.5689  6.31524  3.15945  2.40086  -6.88991  3.63175  7.69332  1.72898  -1.61386  0.16832  34.7564  16.5111  8.76803  -40.7485  -7.73124  -64.0132  23.1692  -50.6802  1.05785  -1.83345  -12.227  -40.2334  -16464.4  -1.19965  
0.0105525  2.18456  0.890475  0.364429  5.76954  7.98445  -0.110903  2.56674  -0.561069  9.51419  2.61712  -0.417128  -2.32081  3.90635  7.83767  -90.6331  -4.55798  5.60479  90.2797  1.61617  2.48362  2.34122  -1.21468  0.284045  12.6717  3.0212  -2.22714  -0.705169  30.9329  20.925  14.5145  -82.9532  -4.91431  -23.3737  18.0405  -27.5276  -3.12542  10.1612  -5.07034  -35.1878  20.9625  -5.14882  
0.682809  0.465411  1.93137  6.0643  3.92932  4.36867  0.552866  6.76654  0.545713  8.459  -1.30817  -0.447069  8.49372  12.0743  6.32911  -86.3131  -1.03037  -9.97877  95.9338  -1.66443  2.3904  0.0484848  5.80524  -1.60394  14.3007  -0.342954  0.750925  1.21186  7.78065  13.6945  21.2066  -74.2807  0.414162  24.5239  -6.72771  -5.82838  -5.20655  9.14549  12.0352  -11.7226  11968.7  -4.96814  
0.745681  -0.337253  -2.02895  5.29384  3.43844  3.11181  0.589508  9.83836  -0.701535  6.37446  -5.15914  -0.391905  11.4464  13.109  0.768818  -15.3483  1.63308  -9.126  32.3122  -0.983009  -0.230493  -1.47791  6.7117  -0.474817  10.3293  -5.07194  4.58581  4.30401  -14.8298  4.56436  5.86443  -5.5626  1.74348  23.3215  -10.0462  5.2631  -5.15173  -1.6126  18.8459  14.2863  12024.9  -0.0825505  
0.460567  -0.845148  -6.30115  -0.815131  1.45999  4.36  0.302811  4.56833  -3.63312  5.93571  -4.05247  -0.294956  6.08229  8.44698  -5.1425  42.7799  3.38035  5.2748  -61.8618  1.66307  -4.81074  -1.11481  -1.52721  0.243226  3.88924  -7.6032  6.01343  5.29806  -20.0033  -0.405207  -22.8733  67.063  0.267069  -9.69929  21.896  5.85719  -3.83759  -8.58732  5.32885  29.0182  1317.82  4.90857  
0.391366  -1.55436  -5.55759  -5.24265  -2.90355  4.3203  0.273518  -6.87752  -4.60983  6.17457  1.21451  -0.307393  0.089403  6.37237  -9.05994  44.3496  4.45272  19.5402  -106.518  2.41212  -6.35786  -0.592807  -12.3742  -1.60078  -0.385737  -7.80955  4.00878  3.62771  -8.69864  -4.04412  -34.4427  82.8086  1.33334  -15.3467  54.8761  7.94715  0.924557  -3.55357  -14.3401  36.9094  -9117.49  6.19532  
0.582287  -2.08822  -1.57544  -3.59261  -6.029  1.82674  0.510026  -11.8889  -1.00701  3.49684  4.97905  -0.490309  -0.503481  9.952  -9.42844  24.4079  4.42938  25.8805  -55.2287  0.365734  -1.97706  -1.37934  -15.3966  -3.32992  -2.00965  -7.21341  -0.0290003  1.79496  1.98126  -9.11468  -20.4244  45.0347  5.5425  16.8549  50.5251  16.2094  8.4722  7.97716  -19.9182  43.2483  -9182.33  4.76222  
0.557692  -1.37119  -0.162279  1.31965  -4.4135  -0.52393  0.49589  -3.50239  4.72917  -2.79197  3.05224  -0.65008  2.67827  12.1439  -5.85421  23.9917  3.65276  24.9894  44.767  -2.13073  3.9504  -2.39598  -8.56628  -1.80013  -3.43418  -5.24465  -3.68563  1.92856  -5.01813  -11.9403  -5.6349  5.96807  8.22441  40.7453  13.4393  19.9888  11.9053  14.2404  -10.4277  35.3756  1467.06  3.20516  
0.186811  0.762884  -2.39468  3.63648  0.586995  -0.0684968  0.100875  8.28126  7.51207  -6.98474  -2.26602  -0.541357  3.60529  6.51581  -2.80778  31.1184  3.51107  17.0206  87.4503  -2.3675  5.01169  -1.79316  0.909042  1.87254  -4.26955  -1.59114  -5.17672  2.87967  -25.1405  -8.80034  -11.1284  2.58629  6.2552  26.7994  -25.443  6.13755  5.77842  10.5514  -1.39442  2.82888  12048.8  1.45411  
0.0268489  3.30709  -3.74166  1.77718  3.61151  2.38262  -0.0867106  7.84982  5.51015  -2.23627  -5.46219  -0.182971  -0.368999  -1.33053  -2.563  12.4175  4.24609  0.657261  4.32676  -0.409345  1.24011  0.139842  2.23411  3.6759  -1.53886  1.94794  -3.79812  1.73129  -34.2503  -4.67335  -18.4476  20.9683  1.70797  3.76254  -47.2616  -22.4871  -3.89468  3.3508  -2.3024  -33.0211  10116.3  -1.53561  
0.474667  4.55705  -1.2511  -1.08613  2.77069  3.92073  0.356549  -4.50945  2.20844  9.87732  -3.59709  0.104415  -5.72406  -0.296363  -2.06939  -14.0569  3.67845  -18.1486  -142.618  1.35667  -1.63424  1.57904  -4.98619  2.11966  4.52097  2.52765  -0.935407  -2.17189  -16.5916  -6.37332  1.36965  19.3529  -1.62348  12.3504  -47.2107  -41.9567  -6.05964  1.23494  -6.91022  -37.5848  -2706.57  -4.45128  
1.01511  3.55263  2.04955  -1.53867  1.27844  3.3359  0.936514  -13.0926  1.65406  18.3683  0.760181  0.0408676  -6.42671  8.57341  2.28216  -13.1898  0.0289219  -26.1525  -213.978  0.917888  -0.108384  1.42233  -10.6721  -0.313716  7.82954  1.35528  0.934616  -6.1316  18.8963  -11.387  41.8055  -16.2608  -2.36407  38.9044  -22.1001  -33.7865  1.42606  5.01769  -6.77781  -10.5295  -12317.3  -4.05497  
0.866558  1.22218  2.59454  -0.0619683  0.918807  2.07556  0.892137  -7.92115  3.38666  14.4619  3.42283  -0.291465  -1.23493  9.63972  7.74209  12.911  -4.59024  -16.9791  -151.492  -1.21385  3.08975  0.262393  -6.27977  -1.23414  3.7679  2.55056  0.528773  -6.99763  40.5658  -10.113  60.6185  -58.8267  -1.91222  34.6779  21.5436  -6.5057  8.51003  7.88736  -2.77761  11.2666  -8556.06  -1.07269  
0.0604945  -0.627734  0.628726  0.828102  0.393985  2.3076  0.228334  2.33328  3.83153  1.79414  3.33914  -0.527864  4.32296  -6.7368  7.93587  23.7954  -5.81847  -0.0245399  -37.3757  -1.88199  3.62842  -0.437947  3.22841  -1.13812  -3.18035  6.16658  -0.61466  -4.65234  27.2326  0.985956  31.7777  -68.261  -1.8121  -10.6062  49.5092  15.5058  7.30353  3.38804  1.37169  2.83321  2220.37  -0.13942  
-0.603538  -1.15126  -0.848249  0.0219852  -2.4081  3.20356  -0.340084  3.95236  1.46357  -8.55147  2.34783  -0.408316  4.00626  -28.3588  1.06511  -0.776194  -2.16004  7.49227  24.5708  0.557908  1.62428  -0.591439  6.72294  -0.94461  -4.30093  7.73464  -0.376237  -1.64088  -7.72311  13.2791  -21.2679  -34.3552  -2.40763  -47.5161  30.2373  18.0817  2.97736  -6.75843  6.50498  -18.5396  7831.04  -3.92533  
-0.631584  -0.826202  -0.504958  -1.69838  -4.32538  2.33009  -0.374808  -2.83234  -1.44691  -11.1047  2.612  -0.116359  -1.60208  -34.2096  -6.62565  -31.9527  2.60442  -0.908647  46.8839  3.44745  0.48397  -0.914732  1.30336  -0.262741  1.51768  3.77698  1.34933  0.237173  -29.4737  16.7465  -50.2152  13.8974  -3.19321  -30.0565  -16.4426  13.6378  2.91535  -15.1158  12.1816  -24.6963  5654.41  -7.2487  
-0.359488  -0.348905  0.367161  -2.68016  -0.449959  -0.222085  -0.163632  -6.4931  -2.37342  -10.019  4.07118  -0.0438491  -5.02016  -20.9584  -9.30922  -36.8257  3.53306  -13.5162  108.055  2.48295  1.41489  -1.92325  -6.50582  1.62644  5.2037  -1.28283  2.80295  1.01538  -19.1561  10.1501  -33.6172  38.8541  -3.35369  23.9948  -33.4451  20.3997  5.51909  -15.038  11.0909  -15.4974  5405.69  -2.47029  
-0.248281  0.261116  1.03606  -1.9434  7.62686  -1.34944  -0.0655523  -1.82378  -1.597  -10.6503  4.80466  -0.291641  -1.1011  -6.54279  -7.5151  -21.5805  0.0118467  -13.5992  188.423  -2.32792  2.92384  -3.07485  -6.51005  3.54087  0.397527  -1.30582  2.80482  1.20357  6.63488  -0.543091  7.17824  31.2056  -2.1229  56.6195  -0.766705  36.7301  2.80946  -6.21274  -2.30889  -9.50814  10291.9  9.6652  
-0.213895  1.33011  3.01644  -0.206547  11.2417  0.632213  0.0142985  3.24187  -0.871295  -12.0018  3.83167  -0.517195  6.0694  -5.28824  -2.5752  -10.4593  -3.57162  2.06022  179.363  -5.67423  3.38633  -3.60348  -0.492175  3.73183  -7.24233  2.88007  2.25777  0.681068  17.4585  -11.0058  35.3916  4.37001  0.0496286  36.6114  31.7908  39.6964  -8.47664  4.78806  -19.5431  -9.39939  12283.3  18.8927  
0.125668  2.39511  6.29957  0.929126  4.98817  2.76053  0.356698  1.2776  -0.842358  -9.9975  2.12091  -0.396181  8.28796  -9.2442  4.63933  -5.40779  -2.66179  19.3638  53.2913  -3.87292  3.24303  -2.97832  4.11671  2.73588  -7.35607  4.96604  2.07314  -0.344106  4.70812  -16.975  32.1899  -26.8884  1.28238  -6.55686  15.3048  17.4415  -20.5179  9.64275  -24.6014  -0.435621  3820.8  15.356  
0.714774  2.29839  8.06572  1.05204  -6.17603  1.67146  0.853828  -3.56307  -0.632142  -4.73209  1.0948  -0.0806839  2.47038  -3.02768  10.7742  8.61456  2.1935  20.9992  -72.5704  0.102909  3.08523  -1.69458  1.73702  2.20845  0.420616  2.40045  2.03802  -0.872771  -13.2775  -13.5392  8.445  -53.9878  0.287731  -23.6612  -26.8444  -15.2066  -23.9709  5.09867  -13.4734  20.0219  -8590.37  1.46152  
1.02993  0.316445  5.79352  1.11017  -12.1644  -1.542  1.08337  -2.82655  0.0454774  -0.548123  0.223611  -0.0217866  -4.62299  12.1859  9.5701  29.5012  5.50385  4.71241  -84.3513  0.563134  2.51937  -0.82216  -5.83617  1.89074  6.69965  -0.74212  1.79358  -0.492295  -9.57798  0.198141  -11.0648  -61.1284  -1.36954  -2.80159  -31.6362  -32.3431  -15.4417  -3.94203  0.0172926  33.281  -11609.1  -10.6308  
0.741126  -2.74791  1.03159  2.32815  -9.00348  -2.91067  0.828431  3.29558  0.295379  0.454011  -1.67631  -0.346678  -5.18753  19.8967  -0.333549  36.2806  2.66235  -14.3266  -16.7646  -2.82821  1.31582  -1.20868  -14.8485  -0.0405232  5.81579  -0.904676  1.70175  -0.434555  17.357  13.4362  -11.3279  -35.428  -0.376188  26.3084  14.163  -28.1356  -0.464252  -8.29116  2.73695  25.6602  -2100.93  -11.3619  
0.129846  -4.81085  -0.825845  3.65392  -2.29768  -1.45585  0.300577  6.73429  -0.163016  1.00401  -4.19411  -0.690754  0.54624  12.0014  -8.23815  14.9294  -4.51879  -18.6791  16.6869  -3.73494  0.12507  -2.1627  -21.6408  -3.16256  3.57086  0.33784  1.73554  -1.54933  38.708  13.2824  0.243616  12.0654  3.73415  29.3829  55.1534  -17.1595  9.76373  -3.84155  -3.05086  7.45219  7480.9  -3.13076  
-0.284246  -3.98305  2.51246  3.63722  1.32603  0.0724578  -0.160551  3.24245  -0.432574  3.99758  -5.09439  -0.687874  4.83008  -0.536407  -4.1641  -11.6349  -9.19657  -7.2983  -4.41231  1.41837  -0.678044  -1.20044  -23.2849  -4.76268  6.87318  -1.44762  0.77814  -2.71868  27.2801  -0.0684083  4.7619  45.7871  7.0001  4.65422  45.7075  -13.4071  9.52156  4.5271  -5.07817  -2.86455  4615.7  4.30948  
-0.332684  -0.83486  6.74924  2.00053  1.51247  -0.631813  -0.429331  -1.25729  0.193351  8.09488  -3.61682  -0.421412  3.27453  -4.38864  7.42867  -16.6364  -7.04799  4.94104  -12.6275  8.16231  -1.62325  2.98328  -13.9223  -3.33831  13.1092  -5.85627  -1.4509  -1.88168  -7.58  -10.1868  -7.11513  44.0945  5.09522  -26.7126  10.8402  -11.0774  3.65539  8.92244  2.29358  -2.60943  -7079.16  4.78258  
-0.287312  1.66425  5.38953  0.382378  1.04723  -3.24417  -0.58594  -0.416742  1.01169  9.48058  -1.70974  -0.264483  -1.63434  -0.525516  12.121  0.854557  -0.970513  4.1271  20.4097  8.65559  -3.17076  8.3599  3.56453  -0.978044  13.2441  -8.78322  -3.35056  0.945914  -28.2032  -2.81592  -21.4199  23.6514  -1.56081  -43.5582  3.83812  -1.10281  0.588257  6.6938  12.264  -2.76609  -14622.5  0.351273  
-0.372075  1.11835  -1.35235  -0.0714679  0.930696  -5.81281  -0.674394  4.10514  1.02701  7.39287  -0.986035  -0.370629  -4.39702  1.65092  3.61579  15.5678  2.87271  -5.32594  45.1151  2.44982  -3.84412  10.6892  16.1193  -0.0246529  4.96083  -7.49384  -2.87736  2.96493  -13.1922  15.1038  -18.6586  11.65  -7.32796  -41.4651  27.7631  12.709  3.64439  1.58165  15.7335  -9.61533  -10976.2  -1.4554  
-0.530152  -1.55613  -7.06771  0.101755  -0.134657  -5.37135  -0.700901  5.25811  0.373327  4.43385  -0.278816  -0.487347  -3.07661  -0.0474599  -8.88976  12.8747  2.5074  -10.6015  25.1298  -2.72641  -2.14381  7.32914  10.062  0.525131  -5.04838  -4.29466  -0.594314  2.10145  11.7188  23.6596  3.07587  12.1264  -7.20794  -25.3839  32.3736  18.1579  5.28458  -2.51466  10.9858  -17.0342  -2926.36  3.19509  
-0.694872  -3.0462  -6.5868  0.0438224  -2.71573  0.541231  -0.815019  0.0763389  -0.0974531  2.25464  2.27149  -0.374064  -0.618487  0.477112  -11.8351  2.45662  1.72139  -8.62104  -8.61933  -1.38347  1.08537  0.774884  -8.08237  2.99578  -9.77861  -2.95201  0.832507  -1.05434  14.4603  12.7487  26.524  13.2498  -2.11577  -4.96379  -8.36164  9.73503  1.03541  -4.44512  3.35476  -17.2678  1487.43  11.1411  
-1.01668  -1.95494  -2.56698  0.00372935  -4.08877  9.6018  -1.25412  -5.91308  -0.187285  -0.122454  5.27314  -0.108061  0.0474715  5.2731  -3.83529  -3.40723  4.05219  -8.12323  -16.1562  2.57132  2.87813  -3.95711  -18.8751  6.64884  -10.0308  -4.13714  0.239033  -3.79974  -5.84977  -6.35744  35.2368  12.4969  1.41165  7.85484  -57.5285  -3.23497  -2.1904  -3.82262  -1.29878  -11.2179  3484.21  13.8235  
-1.50792  -0.14535  -1.62649  0.406455  -2.19267  14.439  -1.87979  -6.62856  -0.673121  -3.31053  5.3222  0.0419758  -0.715198  8.0599  6.9058  -9.62715  7.63624  -11.4818  -4.45789  1.35824  1.66777  -4.10132  -10.6301  7.77047  -9.81133  -4.99695  -0.433907  -3.79503  -17.745  -16.2935  23.6259  12.9572  -1.6937  6.25119  -65.9444  -9.05102  2.39732  -0.0759334  -0.795061  -5.06464  8961.06  7.03961  
-1.67224  0.308602  -5.02422  0.479147  1.50874  9.74424  -1.99575  -2.49611  -1.52458  -4.85116  2.16253  -0.0971648  -0.334523  3.93829  10.2442  -22.3413  7.35617  -6.45678  6.08325  -4.93727  -0.692129  -1.40152  5.64728  4.82646  -10.6504  -2.18412  0.796734  -1.15531  -5.37939  -11.8597  -0.427082  5.2998  -8.23337  -2.57446  -34.741  -5.53778  10.6981  4.25702  1.89703  -1.73849  12544.7  -4.01586  
-0.920942  0.127444  -7.42203  0.00427419  4.04791  -0.00433381  -1.01484  1.38809  -1.60675  -2.13538  -0.583497  -0.388754  2.52481  -2.85896  3.61198  -31.2587  1.68723  16.9106  20.9919  -8.20967  -0.938626  0.0392628  12.5924  1.16028  -10.2393  3.01493  3.35989  2.01219  12.3504  -2.70725  -24.8345  -18.5363  -9.07791  -5.66203  -5.37411  3.56062  11.3598  4.11899  2.87261  -0.152361  6106.52  -8.84041  
0.492274  0.84148  -4.19508  -0.273825  3.07382  -4.7189  0.62128  1.91134  -0.385176  2.94645  0.157313  -0.552314  6.00957  -4.92899  -9.40291  -23.8042  -4.92166  46.0403  52.3145  -2.76618  1.17106  -1.60718  3.46262  0.619678  -7.29404  5.12297  4.57096  3.32162  11.2454  0.330623  -36.9089  -40.009  -0.0746372  -0.108423  -4.57016  13.3712  2.56414  -1.73717  1.22296  1.07532  -8454.73  -3.20637  
1.43356  1.33634  2.41268  -0.409001  -1.1303  -1.11559  1.62578  1.08712  1.01975  5.01283  2.46384  -0.508767  6.71852  -1.34726  -19.5058  -2.70055  -7.13428  54.3911  68.6114  6.61019  2.67073  -4.70245  -10.3267  2.78301  -4.1328  2.17668  3.17142  2.13204  -4.71045  -3.51902  -32.2816  -31.1194  12.0371  0.0595387  -15.8834  23.9488  -4.51275  -6.94581  -0.211883  1.6995  -15886.6  6.52433  
1.1856  -0.344051  5.8627  -1.63889  -5.19949  3.54358  1.31983  1.83087  1.03281  1.70622  2.84488  -0.461732  3.80218  1.79041  -18.1615  15.9568  -4.77339  32.8212  41.9137  11.25  1.45551  -6.20631  -16.3404  3.6563  -2.78682  -0.566599  0.173139  0.311765  -12.9706  -7.56352  -17.7602  -0.713  16.7815  -13.5583  -13.8396  33.966  -1.89655  -4.05496  1.04164  2.13998  -9396.04  11.3541  
0.429833  -3.08985  3.08262  -3.55256  -5.76282  1.76887  0.532266  3.79891  -0.0860327  -3.42905  1.18717  -0.607649  -0.906832  0.585019  -5.6608  27.5926  -1.66692  2.30607  0.549503  9.29036  -0.63842  -5.00263  -10.8952  1.19966  -2.03788  2.96705  -2.6184  0.175758  -5.21115  -6.42791  -5.20043  8.7566  12.1904  -25.3667  2.51262  37.1951  4.43758  5.25084  3.97626  3.70776  2861.92  9.4101  
0.385679  -2.84186  -2.21112  -2.88419  -1.88377  -3.96312  0.527936  4.19149  -0.439309  -5.13092  0.665281  -0.763795  -4.15234  -1.88792  8.13874  41.2549  0.0881654  -10.3774  -1.73773  6.13018  -0.133803  -2.67691  0.979513  -2.07707  0.936673  10.0905  -3.85336  1.48112  3.23898  -0.854757  1.10225  -16.6721  5.56817  -13.5796  14.3233  27.076  3.52974  11.232  4.95489  5.60821  9157.3  5.64448  
1.0989  0.84404  -4.18611  2.09481  3.34225  -5.25183  1.25652  1.23069  0.915796  -2.28848  2.62176  -0.701099  -4.35422  -0.0973667  14.4887  51.6937  1.97654  -4.39469  21.155  5.36168  3.45892  -1.09931  6.12883  -2.64829  6.81354  10.42  -3.28075  1.58135  4.84551  5.46844  3.57271  -34.1708  2.08375  16.7022  8.9895  9.77061  -3.95764  7.99441  2.48203  5.1911  10218.3  3.25814  
1.31  3.5293  -1.92128  7.6148  6.25067  -0.134723  1.37329  -2.77144  2.18958  1.70848  4.55497  -0.554493  -2.13898  6.38597  15.6125  38.2186  4.74737  -2.8682  3.52617  4.53448  6.76026  -0.130642  -6.93041  -0.461663  11.7769  0.203729  -1.21268  -1.16476  7.12171  8.30325  4.91544  1.98599  -0.636108  37.5457  -7.37458  1.77448  -7.34901  -0.365548  -1.47186  1.21982  12059.6  0.993871  
0.206156  1.31059  0.965411  7.6952  5.18977  4.05406  0.129923  -4.45851  1.15656  3.49663  3.11777  -0.725997  0.634232  11.4579  16.048  -4.08308  5.69944  -20.9163  -67.3625  0.741907  5.70485  1.90523  -29.9435  1.75148  11.1703  -11.1324  0.962602  -4.92735  15.7757  6.7835  2.9652  66.989  -5.05379  33.9792  -22.4104  9.49944  -4.29682  -5.36849  -4.06378  -3.45642  12857.5  -3.03201  
-1.25341  -3.19418  1.40194  1.76932  1.8646  0.339164  -1.38046  -2.45035  -1.69074  2.94401  -1.66183  -1.16794  2.01751  10.4214  12.273  -44.7387  2.93998  -43.9817  -104.746  -4.49823  0.0302479  5.22355  -35.7757  1.91897  4.98322  -11.7404  1.86722  -6.17807  23.9963  1.95458  0.0434387  89.9611  -6.80336  19.5346  -25.6205  18.457  -2.95556  -4.01665  -4.36325  -5.35764  6902.02  -6.83255  
-1.34698  -4.42334  1.4429  -4.0894  -0.760576  -8.15856  -1.40404  0.230493  -3.28238  1.96286  -5.74545  -1.24383  1.23559  4.95593  -0.426398  -44.7199  -0.573063  -45.913  -45.7549  -6.92757  -6.18376  7.89933  -6.15599  0.991965  -1.83594  -2.4853  1.65191  -3.54019  16.8286  -2.30985  2.41159  52.3574  -0.89048  9.35904  -13.1276  8.29178  -8.18516  0.240675  -3.07302  -4.33661  -1401.2  -7.55649  
0.319472  -0.961392  3.31995  -4.33426  -0.492896  -11.7747  0.379584  -0.281707  -1.89772  1.92185  -5.60793  -0.607387  -0.994741  1.18254  -13.6807  -7.20718  -0.830512  -20.3952  50.501  -5.44228  -7.69306  8.13367  35.7083  -0.0448567  -5.06303  5.28936  2.04906  0.801698  -1.28942  -2.88985  9.87855  13.7739  9.17295  2.64122  8.68667  -13.9011  -13.2681  3.53147  -1.47253  -3.04639  -4249.47  -5.73301  
2.2646  3.04399  5.96396  0.394909  2.38238  -5.8349  2.4372  -3.58667  0.511135  2.21668  -1.64025  0.157317  -2.50128  1.16829  -12.2208  20.6364  0.641904  12.5412  60.6505  -2.30654  -3.36829  5.91189  46.1592  -1.04318  -4.65457  4.60521  3.89581  3.51938  -13.5046  -0.263198  17.0136  21.7025  13.6319  -7.93937  19.1626  -19.9757  -7.30061  4.81797  0.667273  -2.40333  -2222.28  -5.41482  
2.69691  3.38579  5.32521  4.71706  6.06114  3.26333  2.99387  -5.59638  1.03785  1.35929  2.35524  0.10803  -2.00583  0.520022  5.1  4.42666  -1.56899  29.1461  -24.1427  -0.312501  2.84565  2.41824  13.5199  -2.01625  -3.22114  0.378071  4.91744  3.24804  -8.30294  1.52056  21.2129  38.4379  8.82378  -20.1542  5.42986  1.19848  5.62361  4.37454  3.23221  -1.05779  -4943.27  -7.72704  
1.28964  0.492311  0.855455  4.91972  7.64269  5.45617  1.69464  -4.47696  -0.520094  -0.925913  3.08912  -0.825836  -0.547259  -4.56354  18.4137  -31.5136  -8.06791  23.1667  -73.7017  -0.202639  4.99567  -1.12707  -27.4294  -2.19251  -1.1117  -0.0918716  2.92496  1.24672  6.26668  0.353565  24.778  -1.14931  1.02853  -25.3491  -18.3481  24.3822  10.5013  1.48106  4.92345  1.15776  -11558  -9.53086  
-0.69784  -2.21831  -2.75144  1.82707  4.87956  -0.925557  -0.308865  -2.65481  -1.6379  -3.13112  1.05776  -1.77309  0.452212  -10.7571  10.9823  -43.0542  -12.2637  4.35483  0.987708  -1.0855  1.58983  -3.61868  -36.6602  -0.972383  2.58771  2.9565  -1.27867  -0.300425  14.4854  -2.54365  26.1663  -79.0487  -2.5106  -23.8703  -21.4599  19.7736  1.59277  -3.69212  4.48821  1.52116  -10157.9  -6.83684  
-1.78157  -2.42102  -1.44287  -0.872847  -1.86416  -7.72436  -1.59579  -2.25059  -0.893763  -3.46347  -1.28929  -1.83022  0.75862  -11.4794  -9.25137  -21.0775  -8.62482  -15.3676  120.843  -1.43198  -3.0767  -3.89629  -13.1667  0.987115  6.35211  4.30771  -3.64741  -0.31399  8.82762  -3.6219  19.7092  -104.127  -1.88782  -18.0281  5.5442  -6.62995  -7.31953  -7.82921  3.11526  -1.76316  1572.12  0.205576  
-1.45796  -0.380714  2.43627  -0.376711  -8.2414  -7.03368  -1.5639  -0.725361  0.164371  -1.97586  -2.19651  -0.762792  1.51394  -5.40338  -18.1699  -1.02481  -0.118892  -26.6843  140.31  0.113721  -3.75982  -2.37039  7.8398  2.5498  6.5418  2.86663  -2.34124  0.697  -5.91896  -2.03742  3.57557  -40.8679  -1.71418  -7.08824  34.585  -20.4193  -1.96753  -6.15553  4.88506  -5.43287  7159.99  6.00693  
-0.333405  1.98439  3.53418  2.45096  -9.25054  -0.766632  -0.651469  4.81799  -0.268033  -0.268042  -2.01348  1.13877  2.20706  1.10977  -7.07235  -5.44225  5.69865  -21.0113  43.6992  3.07226  -0.457067  -0.911772  3.80469  3.28808  2.41708  0.910073  0.367636  1.47845  -21.1919  0.788073  -11.6529  33.7283  -3.3706  7.61563  31.6283  -10.7294  14.3124  2.22455  10.7394  -4.24715  -5324.52  5.73418  
0.618993  2.52945  0.248335  3.83397  -4.85249  2.87023  0.239023  11.2886  -1.53117  0.395592  -1.22831  3.23696  2.07563  2.07722  10.2708  -11.8555  5.52991  3.05541  -45.3059  5.25911  2.91209  -0.462116  -16.2589  3.15953  -2.18762  -1.25699  1.04428  1.48856  -30.8511  3.06002  -19.4929  35.0195  -4.25777  17.2405  0.0392325  -3.6258  23.3563  11.7989  15.3117  2.75487  -22410.6  1.49999  
0.853813  0.500215  -4.1274  1.4394  0.442519  0.505245  0.502303  13.23  -1.46497  0.166507  0.291786  4.59503  1.44014  -0.901466  15.9039  1.18869  2.91281  30.9629  -32.6482  4.785  3.52656  -0.279199  -28.5231  2.02924  -3.14468  -4.31125  -0.0784137  1.03621  -28.4613  3.40462  -19.8952  -13.0237  -2.78508  15.6396  -24.4908  -22.5935  17.3115  14.5067  13.7101  9.14905  -21926  -0.112637  
0.508247  -2.83659  -7.03423  -2.43573  1.95969  -3.30606  0.204423  10.7028  0.0996938  -0.0946528  2.41888  4.45554  1.8493  -2.00792  6.06063  18.066  2.59415  40.668  29.8329  1.83544  2.44923  0.082118  -22.8019  0.335814  -1.52851  -6.39333  -0.126407  0.607748  -13.7377  0.59194  -15.2224  -21.8742  -1.20035  11.1595  -16.3328  -49.9558  4.61742  6.7718  10.4455  8.71487  -4673.11  4.10046  
0.09511  -4.67563  -8.10389  -3.47441  0.807397  -3.45566  -0.156958  8.13573  1.20439  -0.0476561  3.93703  2.93352  2.75973  0.897295  -8.96072  7.66437  5.15049  26.1135  43.8603  -2.35438  1.92152  -0.791758  -9.97787  0.259114  -0.747075  -4.38654  1.94557  0.317748  2.72912  -6.40725  -2.13658  25.2253  -1.30279  15.3346  13.4134  -45.1192  -3.50361  -6.18963  14.0437  2.2249  5780.22  9.70989  
-0.000545322  -3.52783  -7.00645  -0.954371  0.773863  -0.737996  -0.165195  6.64651  0.440162  0.275473  4.09308  1.09984  1.24476  4.40661  -18.0065  -24.7823  6.85858  4.40981  3.6526  -6.84365  1.47712  -3.42601  -2.93851  2.85694  -2.18351  -1.61114  3.35309  0.325365  7.95755  -13.0164  15.0359  54.1135  -1.67702  17.4558  34.7135  1.77516  -5.84491  -14.4852  21.9423  -3.89686  -992.999  10.0167  
0.219226  -0.770955  -3.14086  1.31344  2.0229  1.42513  0.194281  2.9443  -1.07535  0.701964  2.99828  -0.081944  -2.68682  4.62034  -15.9555  -37.3978  3.90374  -5.22118  -27.4825  -9.51489  -0.363836  -4.66642  -3.12042  6.2516  -3.31756  -4.3726  1.87128  0.85734  -1.34806  -11.5048  21.5677  18.4673  -0.0632593  -6.23671  31.0738  51.8017  -6.44696  -12.024  17.5106  -5.14906  -7022.39  5.22313  
0.476901  1.05218  2.09745  0.318016  0.478723  2.44706  0.61191  -3.65694  -1.37388  0.749609  1.99984  -0.511565  -5.16991  1.85849  -5.98886  -11.0239  -3.27362  -4.16562  -23.6189  -7.26207  -3.10714  -1.06537  -3.58535  7.36831  -2.41366  -10.2391  -1.05469  1.46623  -9.8722  -0.556328  5.62195  -25.2842  2.54893  -50.2176  6.95188  60.1882  -3.06192  -1.69016  -10.2218  -2.73209  5629.95  0.638895  
0.474886  1.00186  3.99003  -2.07392  -5.33895  3.59862  0.702146  -8.38032  -0.413468  -0.362386  1.11264  -0.552153  -3.8009  -0.227044  3.78679  24.3121  -9.29863  -7.05955  -18.5854  0.696153  -4.00342  5.51412  -0.324327  5.63755  -0.731617  -7.12478  -2.19933  0.84037  -1.4433  10.1442  -21.78  -3.32516  3.21407  -71.7217  -21.618  24.4989  6.17496  7.77035  -46.2026  -0.188399  25839.5  0.237485  
0.150425  0.226781  0.93784  -2.16699  -9.86868  4.07097  0.327741  -7.9329  0.391673  -2.4553  -0.289548  -0.306448  -1.33834  0.189419  6.65106  29.0573  -8.91412  -17.308  -29.1176  9.47695  -1.54154  8.9872  3.4973  3.7312  -0.847222  10.0855  -0.840025  -1.55867  19.6134  8.11751  -40.5334  61.4776  0.721091  -41.0579  -36.4808  -16.4036  12.4011  9.46212  -60.34  1.07396  27418.8  1.29148  
-0.233733  0.266113  -3.0206  0.575063  -7.23441  2.80481  -0.225562  -5.28701  0.0855844  -3.88697  -1.68663  0.395838  -1.89624  1.82615  3.40419  4.32835  -2.76743  -24.4526  -9.60478  12.4529  2.12208  6.89633  3.86525  3.39311  -2.90502  27.6915  0.666926  -3.94349  36.1623  -5.25972  -40.2578  75.649  -2.67748  16.7494  -25.5587  -25.4614  6.27444  3.754  -39.2579  1.37675  8637.28  -0.11332  
-0.217876  1.29529  -3.33075  3.42205  1.44909  0.76346  -0.36905  -3.6759  -0.394177  -3.19266  -1.89483  1.47209  -4.43208  2.73724  1.60816  -13.7745  2.90658  -21.7649  53.5666  9.22648  3.65822  2.97927  3.26138  3.77765  -4.61325  27.0196  0.836203  -3.80646  36.5515  -14.1185  -24.4182  6.14522  -4.0901  45.455  1.6409  -2.26475  -9.43614  -2.91882  -1.72935  0.508383  -5936.39  -2.77653  
0.356118  2.77788  -1.50019  3.90207  7.39674  0.793339  0.159945  -2.11014  0.221644  -1.02115  -0.68049  2.48199  -3.09119  2.10429  5.01541  -4.53413  3.35984  -16.6904  100.242  5.59056  2.37413  1.61426  7.07509  3.2257  -3.97851  8.63692  0.613951  -1.11761  27.7486  -7.07669  0.233232  -70.5409  -3.00355  27.9911  16.762  24.1427  -17.8613  -3.76435  21.9702  -1.30797  -913.34  -3.5942  
1.01176  3.9621  -1.82044  2.764  4.77964  2.04198  0.844269  0.903835  1.75887  0.534196  0.72966  3.05841  4.51076  1.42264  8.37024  17.8429  0.194542  -16.5009  68.2309  5.08825  0.916868  2.5044  13.1522  2.07582  -1.44327  -8.28875  1.1087  1.23236  18.2022  8.30213  25.3515  -71.1  -1.08318  3.73597  6.31748  31.1616  -10.9451  2.58491  20.9559  -2.25364  9808.35  -2.32076  
1.02474  3.76608  -3.62658  1.57588  -1.84323  0.624797  0.853345  2.97347  2.62406  0.414388  0.985112  3.12415  13.3706  1.95489  4.40083  30.8811  -1.67874  -14.357  -5.95474  4.29072  1.67812  2.90523  11.4891  1.32784  0.190539  -10.5043  1.67108  0.875256  8.09435  14.3309  38.398  -10.513  0.0237556  7.40893  -10.5857  20.7552  2.9743  10.207  9.78118  -1.63104  3655.68  -2.4406  
0.227521  1.32326  -1.46171  0.836454  -4.52944  -4.28921  -0.00540721  1.05574  1.3878  -0.537873  0.437632  2.75569  16.2129  2.92159  -4.70108  22.9159  -0.315154  0.320544  -45.2074  -1.42539  3.88428  2.8405  -2.41564  0.667144  -0.474209  -5.11837  1.44492  -0.974664  -8.31321  5.07503  33.5593  28.544  0.00764573  26.0332  -8.49456  8.2725  9.12633  11.5464  5.90717  -1.35337  -16753  -5.12925  
-0.691516  -2.42327  6.57423  0.423083  -1.12862  -7.79182  -0.962094  -3.08815  -1.28869  -1.08349  0.221632  2.189  11.1793  2.41756  -9.23549  -2.44939  1.92122  20.801  -42.1138  -9.61473  3.77398  3.59098  -16.4041  -0.49354  -2.29851  -4.93054  1.12852  -1.32749  -26.4901  -6.03665  20.2405  12.4265  -0.111976  22.5637  1.95235  1.31798  5.70068  4.32534  11.1744  -3.83988  -28135.3  -7.5676  
-0.927607  -4.42141  13.9397  0.928183  3.48971  -5.16505  -1.16044  -4.92585  -3.10097  -0.952457  0.488703  1.74098  3.33823  -0.07191  -4.07736  -32.3741  2.17943  29.127  -59.5607  -12.3651  -0.202777  3.61972  -13.7947  -1.14926  -1.63472  -9.85701  1.7081  0.642945  -31.8663  -5.56602  11.7694  -10.9764  0.94204  -3.54588  -9.36806  -5.02368  0.940412  -5.00326  15.4548  -7.70722  -18566.2  -6.32096  
-0.493768  -2.64939  13.3952  2.69781  3.4994  1.677  -0.668695  -3.03412  -2.85031  -0.218554  0.394301  1.55255  -0.567082  -2.13162  4.7745  -52.2408  0.512554  19.9843  -103.573  -6.89646  -5.40126  -0.08816  6.11253  -0.474277  3.13881  -10.4096  1.92099  2.72392  -21.9313  4.09355  6.44441  5.84664  3.07163  -15.7322  -38.7778  -14.9175  -0.246592  -7.05457  12.9861  -9.13433  504.641  -3.63705  
-0.143596  0.805916  5.90381  3.42485  -1.42654  6.55474  -0.30389  -0.673699  -1.73494  0.958928  -0.559377  1.27877  0.814342  -1.1384  7.2424  -47.8249  -0.688659  8.86159  -92.6696  0.920804  -7.14836  -7.06704  25.6933  0.551122  8.44335  -6.27981  -0.387029  2.69837  -4.9077  9.42485  -5.63367  37.1853  4.15003  2.74573  -44.3163  -20.6238  -0.922669  0.608174  6.4246  -6.29317  10095.7  -3.30278  
-0.387959  1.86592  -0.509785  0.759924  -6.68717  5.96741  -0.546829  -0.390493  -1.97072  1.97961  -1.93753  0.546889  1.64843  1.97762  1.45205  -22.9658  0.331832  10.134  8.24572  4.01168  -3.70484  -12.7779  26.1335  0.63622  8.77744  -8.03397  -4.46788  0.866401  2.10824  4.96258  -21.1391  30.3569  1.9974  20.3367  -7.44212  -14.4983  -2.87628  9.23154  1.74899  -1.31678  5903.62  -6.04851  
-0.762241  -0.308409  -0.408374  -4.06306  -7.87904  2.29911  -0.855367  -1.51929  -3.27297  1.74155  -2.85207  -0.386207  -4.36407  2.87885  -6.18409  1.47326  2.86832  19.2956  104.527  3.08723  2.24064  -13.5203  7.44746  1.33921  2.90518  -19.9064  -6.48849  -0.728154  0.692361  -2.02874  -21.163  -9.42051  -2.37794  5.76933  35.1039  1.46483  -4.54185  7.94326  1.582  2.85056  -1210.93  -7.86798  
-0.363891  -1.64691  3.97241  -6.11737  -3.94258  -1.03036  -0.321899  -2.87308  -3.08983  -0.0333585  -2.90196  -0.720359  -14.7253  -1.07066  -7.35556  9.30923  4.50694  20.719  85.1408  3.56219  5.75898  -9.23176  -9.36939  5.69334  -3.60448  -29.8559  -4.27639  -0.841818  -2.83347  -3.08212  0.809846  -23.3927  -5.10598  -23.34  36.8404  16.3596  -4.17832  -3.83898  4.78729  4.45516  623.163  -5.53845  
1.03383  1.11157  6.4626  -2.39078  2.534  -2.77111  1.18569  -3.87173  0.203151  -1.75428  -2.22467  -0.0662442  -18.2953  -6.83605  -2.06788  7.56932  4.1735  8.62832  -16.9659  6.74  5.59292  -2.41412  -7.22299  12.0774  -4.55294  -22.8429  0.46686  0.234112  0.401474  0.719394  24.6845  5.55193  -3.68972  -25.6146  2.90411  21.3125  -1.63747  -14.2538  8.46557  3.20762  11108.4  -1.01849  
2.57208  5.29362  4.05648  3.64768  7.13402  -3.11696  2.70725  -3.27691  4.9842  -1.44691  -0.812073  0.993805  -7.61909  -7.92172  5.27984  10.5124  3.71879  -7.57813  -57.3269  7.60394  4.30496  4.64099  8.83335  13.9388  -0.468415  -0.467485  5.07407  2.04429  3.80675  3.08829  26.8018  24.0509  -0.621246  2.70898  -22.8838  18.0453  2.18021  -11.8239  7.65367  0.395234  19755.9  1.77725  
3.09859  5.49167  -0.255584  5.82186  6.09541  -2.33702  3.10759  0.284846  7.89907  0.654831  1.16799  1.49438  9.65747  -2.0976  9.20045  13.4115  4.91554  -17.3371  21.5158  2.96092  5.68453  8.64124  18.609  7.54791  2.5522  20.6551  7.90322  4.31149  -0.516037  1.84106  5.60368  -8.27592  -0.249185  26.0422  -17.602  8.13367  6.79214  1.33187  -1.45781  -0.593722  16470.7  2.71345  
2.25565  0.549488  -1.89026  2.59652  0.651597  -0.839669  2.16559  4.82388  6.873  2.22323  3.26405  1.19188  17.3584  5.70219  8.28972  1.795  5.66793  -19.1985  103.492  -3.91152  9.12006  7.26117  11.6793  -3.03801  1.11859  27.7664  7.02715  6.08038  -9.00429  -0.617079  -13.109  -47.9003  -2.99773  14.0396  -0.0386453  -4.17247  9.69557  12.1541  -15.4636  1.671  1002.04  3.78127  
0.748615  -4.33285  0.587923  -1.72499  -3.03696  0.654547  0.706075  5.71903  2.78161  1.58543  4.82608  0.688023  9.03973  8.12208  4.12527  -25.3917  1.83679  -18.1708  55.7042  -7.44309  9.80589  2.29452  0.460584  -9.95815  -1.79664  24.0436  0.531144  5.54526  -3.23214  -3.92316  -10.9917  -24.0629  -4.29859  -14.3325  3.18997  -13.267  9.25991  11.2914  -24.4581  4.21109  -14297.4  5.18975  
-0.378895  -4.3322  4.26783  -2.5071  -1.56229  1.50063  -0.258824  1.1329  -1.63924  -0.375133  5.36818  0.67349  -4.227  3.80554  0.779933  -45.2187  -5.97929  -15.5303  -85.7917  -7.23269  3.91569  -1.17373  2.02732  -10.5051  -1.63786  19.5657  -9.25028  1.86895  20.4141  -9.06105  6.79111  53.8408  -0.595427  -25.7339  -11.0613  -15.3668  7.55074  3.06456  -21.0341  2.21081  -17524  2.9406  
-0.684181  -1.01946  5.11062  0.0190729  2.45605  1.54594  -0.448157  -3.77134  -4.13913  -1.26774  4.85306  1.07495  -8.62614  -1.03528  2.20224  -35.8904  -11.0165  -8.6529  -150.13  -6.78187  -6.02321  -0.912091  14.2972  -8.55037  0.889084  16.7264  -14.3983  -3.24591  37.081  -11.9744  16.2155  99.7581  5.60016  -11.1224  -27.7226  -12.6416  6.52733  -1.75626  -8.80465  -3.33095  -9078.88  -4.16292  
-0.538447  0.732047  2.49491  2.28929  1.90901  0.337583  -0.348821  -2.71534  -4.06463  -0.12392  3.87486  1.34115  -3.2285  -0.284572  6.75124  -4.74679  -8.39224  4.04725  -55.2016  -7.85596  -12.9319  -0.0861072  20.39  -8.17587  1.5602  10.8577  -9.47155  -6.69636  19.3716  -7.57801  5.22253  64.0041  8.01059  9.04197  -30.8441  -8.03671  3.48152  0.559576  2.34841  -6.24864  -300.701  -10.3147  
-0.58287  -1.03553  -1.648  2.18854  -4.6239  -2.50325  -0.535255  3.36927  -2.42491  1.37504  3.48307  1.18126  2.07418  4.76308  8.5794  22.1967  -2.39985  17.6951  86.8034  -8.4187  -12.3622  -1.61996  10.2504  -8.86045  -1.62434  0.345707  0.417842  -6.8676  -24.2267  1.71538  -16.1779  -4.62001  4.03998  16.3422  -16.271  -1.24338  -3.61704  3.94337  6.61557  -2.83173  884.022  -8.31012  
-1.04848  -3.22051  -5.05486  0.124206  -10.1173  -4.91484  -1.09289  7.12183  -0.403973  0.895214  3.42197  0.853061  1.1863  7.32804  1.93588  29.9364  -1.33028  25.0064  113.87  -6.33424  -6.46994  -3.1578  -6.56193  -8.1108  -5.33993  -8.30405  4.96203  -4.76731  -48.1776  5.24358  -26.2425  -30.6778  -2.47675  9.24314  6.49987  11.2809  -11.6593  2.82123  5.96074  2.35185  -2251.79  3.16338  
-1.57416  -2.61699  -6.23171  -2.35141  -7.28305  -4.2007  -1.61836  3.92057  1.0397  -1.67932  2.90462  0.74574  -2.14448  3.87156  -9.00898  28.4345  -6.25537  20.8568  5.65768  -2.75463  -0.897443  -0.811146  -14.6469  -5.67681  -5.85026  -8.20446  1.00926  -2.4841  -24.2395  -2.17036  -17.8044  -5.54762  -5.57887  -9.54196  21.981  21.2182  -13.7831  -1.18478  4.78816  2.90798  -3036.14  15.8637  
-1.56704  0.0617853  -2.22603  -3.71514  2.55572  -1.10294  -1.59473  -2.98885  1.38771  -4.02204  1.32841  0.926868  -1.70837  -1.77053  -14.6985  31.7051  -9.38116  5.60469  -86.7214  -0.39368  0.946262  3.779  -10.3349  -3.54613  -2.52724  -1.43836  -3.99377  -1.06484  21.2318  -9.63618  -3.3254  17.1469  -4.16837  -29.9293  21.0182  15.9081  -9.12958  -3.02531  5.14284  -1.78914  -814.53  21.6911  
-0.722595  1.94767  7.06084  -2.98957  10.3336  0.0367843  -0.756754  -6.91998  0.400907  -3.63044  0.18313  1.07038  1.98549  -4.05813  -10.9795  36.7036  -4.61199  -12.2109  -57.0636  0.0748627  0.159028  4.56277  0.697472  -2.68842  2.20594  4.0513  -3.07389  -0.153453  39.5747  -4.05345  4.76263  4.69174  -1.6623  -32.7884  11.4766  -3.17798  -3.39808  -2.76722  8.35943  -5.72946  1447.25  19.2985  
0.643326  1.56185  14.6983  -0.558105  9.33224  -2.27597  0.636588  -5.21237  -0.947234  -0.882351  1.14888  0.935304  3.9524  -2.7612  -4.34414  28.3098  4.22233  -19.7688  39.7011  0.38763  -0.171654  0.204652  11.3672  -1.83191  5.7855  4.48922  1.59697  0.560659  18.6855  10.4091  7.30348  -15.9226  -1.16619  -9.78098  4.5999  -17.9992  -0.873004  -3.97233  14.5683  -4.27402  565.58  14.2927  
1.7174  0.61522  11.8926  1.10994  2.42657  -2.48664  1.78301  -0.324882  -0.273647  1.19752  3.84786  0.649963  1.67362  -1.72806  -3.34026  -0.551119  8.79757  -10.6634  70.8715  1.73485  1.64862  -4.20801  18.792  -0.113431  6.33497  2.79045  3.6934  1.11136  -8.97881  16.8905  13.0765  -8.91298  -1.94944  10.4353  1.11151  -16.7017  1.69696  -6.27471  19.2474  1.01167  -2231.97  10.664  
1.79153  1.12475  1.42082  0.250878  -1.33447  4.99459  1.85188  3.24839  3.04146  0.659463  4.90373  0.553799  -1.33198  -2.73468  -7.25836  -36.3607  7.06232  4.54646  11.107  3.689  4.29183  -3.77255  19.2325  1.51225  3.94131  1.18465  2.19803  1.48496  -11.3573  8.41202  21.1655  16.6714  -1.64369  -7.88723  -4.39024  -10.2159  5.74033  -4.30127  13.8724  4.87131  -4077.61  6.64803  
0.934265  3.12697  -3.20271  -1.19502  1.49194  16.0997  0.820487  3.9105  6.08965  -0.983084  1.7445  0.789343  -1.37939  -3.37395  -7.90596  -56.0821  4.18525  6.6612  -43.0879  4.43525  4.2819  0.128459  14.7549  1.44705  0.520065  -1.70678  1.28365  2.09423  1.82599  -2.16154  21.9428  22.7151  0.181304  -52.3507  -8.73135  -16.724  6.20427  3.55696  -2.52952  3.68976  -1585.33  -0.337675  
-0.00384422  4.61579  4.81421  -0.00918615  5.68959  19.813  -0.322502  2.6817  4.89855  -0.755158  -3.90575  1.11429  1.66728  -1.74534  0.524781  -49.4373  4.02311  -8.29384  -25.2957  3.02891  0.00116262  2.5684  10.5257  -0.360864  -0.952426  -5.96567  2.35772  2.85381  3.32214  -0.714585  12.5882  -2.76583  1.87434  -60.0905  -5.31305  -32.7212  0.884987  10.2082  -16.8409  -1.85103  4020.3  -10.6255  
-0.275372  3.42335  12.4289  3.7646  3.93382  11.5756  -0.580794  1.87485  0.0136824  1.66957  -7.42355  1.22177  4.06291  0.568812  12.9124  -23.8979  3.4516  -18.4746  29.3177  0.195633  -4.54671  2.05893  9.97958  -2.28045  0.623345  -7.42048  2.11413  2.97205  -14.987  8.81008  2.37911  -30.3905  1.66613  0.681406  -4.26416  -36.5789  -3.67476  7.15702  -14.5676  -7.56632  7868.64  -19.8862  
-0.0591894  -0.411452  3.153  5.49276  -4.41548  -1.17158  -0.0834131  2.04778  -3.54496  3.06824  -6.06655  1.07611  2.91647  1.50868  19.7337  4.32697  -2.3598  -1.27716  49.0001  -2.87786  -3.60034  0.938268  13.3863  -2.68794  2.4335  -2.18558  -0.961404  1.62664  -30.8617  11.2949  -2.49703  -31.4433  -0.814218  76.8572  -19.036  -16.1716  -0.812821  -4.02269  0.871863  -8.21716  5513.2  -22.8544  
-0.102778  -4.82109  -17.2624  2.2766  -11.3153  -8.38211  0.175911  1.69093  -2.40262  1.05918  -1.56091  0.871696  -0.667783  1.33903  14.9601  23.1799  -11.6689  32.1353  40.9873  -4.97221  3.34532  1.67634  15.953  -1.81711  0.541452  4.79986  -3.53529  -0.519259  -23.876  1.96581  -4.66657  -17.1186  -4.19557  82.9236  -39.8689  11.9906  4.27804  -12.2361  9.35733  -2.23958  1131.36  -18.0325  
-0.584172  -6.87753  -25.2433  -2.75816  -9.31211  -9.26315  -0.246441  -0.0111691  0.918169  -2.37967  1.73783  0.765263  -3.00347  1.2714  2.33013  26.561  -16.4924  43.9656  49.1367  -5.68586  9.39605  4.25805  12.8195  -1.01997  -5.03729  4.38518  -2.20648  -1.83191  0.958186  -8.20359  -9.23023  -13.062  -5.93708  9.37123  -41.1842  24.6419  1.98957  -9.09531  -1.56943  5.47334  4507.7  -9.00223  
-0.79927  -5.21732  -10.465  -4.02502  0.530033  -9.10703  -0.635663  -1.29337  1.90542  -3.17705  1.46596  0.707992  -2.43777  0.291587  -7.58518  19.6249  -11.6389  16.541  69.0848  -4.91155  8.1749  6.56104  2.60482  -1.27613  -9.68451  -5.24293  0.976648  -1.36074  24.2232  -7.49299  -15.0879  -16.151  -4.00812  -60.3973  -16.5028  14.5312  -7.43306  1.55075  -20.615  7.58691  15020.1  -0.270969  
-0.228833  -1.28267  9.48897  -0.483111  8.0077  -9.8532  -0.236554  -0.241028  -0.14126  -0.743305  -1.2404  0.6002  -0.996745  -3.04143  -9.57245  12.785  -0.910466  -20.5908  50.6739  -3.3287  1.81513  6.02526  -10.5379  -2.11944  -8.67658  -15.5794  1.56522  -0.00424784  35.2653  1.95143  -14.059  -2.46339  0.260587  -48.5993  9.53617  -2.7656  -12.2315  8.68655  -27.1421  2.56399  18900.5  6.90332  
0.545039  1.4386  12.7299  3.02836  5.11228  -8.29609  0.529664  1.17779  -2.14127  1.27997  -3.35402  0.441163  -1.86151  -6.99133  -6.70206  14.3883  6.73613  -25.6095  -12.7339  -2.06492  -2.34582  1.66837  -18.0175  -2.57565  -3.68092  -16.4447  -1.16319  0.542453  35.735  9.43377  0.0732634  26.7086  3.1694  22.7585  17.6388  -9.56278  -7.3991  6.60258  -16.4095  -3.39239  8311.6  13.0735  
0.567576  0.701306  1.08882  2.48912  -5.02762  -3.07631  0.632497  -0.855857  -2.31083  0.0967833  -3.00021  0.31286  -4.73732  -6.63166  -7.05614  12.8153  7.0044  3.41302  -60.6447  -1.5428  -1.84434  -3.94167  -12.1523  -2.2801  -0.111119  -7.1439  -4.00473  -0.0904305  24.8296  8.13784  23.5376  36.5558  2.59054  62.206  14.5009  -3.41998  -0.203272  -1.04298  -2.14008  -3.08221  -6673.6  17.1552  
-0.129768  -2.38856  -6.53146  -0.483548  -11.3596  1.49851  -0.0654716  -5.66264  -1.95806  -2.45817  -1.10314  0.313374  -6.22971  0.311771  -10.9537  -5.20851  3.93426  26.8678  -42.5255  -0.854674  -1.4811  -5.86346  5.66494  -1.73615  -0.79483  4.15506  -4.4747  -0.753903  1.70757  0.98933  42.7297  10.8214  1.39832  18.8876  14.8838  1.01026  0.124829  -7.49812  2.67642  2.64724  -10438.9  14.6429  
-0.523484  -4.05316  -2.59031  -1.15542  -7.49908  1.86441  -0.587109  -6.9364  -2.16629  -2.86334  -0.000516841  0.532254  -4.37606  9.72909  -11.907  -36.0846  3.90405  16.6141  16.2636  0.535366  -5.02868  -2.20671  22.1918  -1.37554  -2.57976  9.8828  -2.97098  -0.423027  -20.8457  -5.87837  42.5454  -16.6081  3.217  -55.9048  14.9301  -9.33558  -4.46167  -9.75739  1.17712  6.14955  -4934.97  3.94823  
-0.0116221  -2.0481  2.51694  1.58454  0.443669  0.315968  -0.210909  -1.54693  -1.87371  -0.743173  -0.603678  1.00823  -0.756353  13.6465  -4.12872  -50.5713  7.40695  -11.0173  58.1333  1.56605  -9.33494  2.92538  23.7388  -1.16755  -0.863669  9.31034  -0.873907  0.287834  -23.1481  -9.82984  19.3527  -4.87355  6.42856  -74.4966  6.10053  -27.9305  -5.777  -7.88521  2.06909  2.48767  -7031.32  -7.60645  
0.823795  1.85836  -0.969757  3.54926  2.58813  1.42289  0.622133  5.01591  0.330054  1.09018  -1.23353  1.56974  1.59671  7.85831  7.59232  -30.5013  8.66591  -22.797  58.9526  0.75498  -8.9142  3.79399  12.3085  -0.750977  3.91926  6.32069  0.917764  0.200451  -5.12356  -11.296  -14.1714  32.9961  5.36306  -20.9233  -1.71953  -29.4896  -1.57337  -1.87394  6.63449  -5.12625  -21998.2  -9.88725  
1.06593  3.87615  -7.82984  1.09178  -2.25796  4.78211  1.01472  5.16114  3.17592  0.778999  -0.45783  1.85882  2.39806  -3.82797  12.854  5.48644  3.17126  -11.3439  42.7933  -1.39457  -4.03118  0.417612  -0.605721  -0.304245  6.76324  4.0006  1.13536  -0.532881  7.64645  -11.7664  -38.5487  53.5596  -1.00426  34.4659  6.911  -2.25635  3.12703  6.70527  9.45478  -9.51818  -32346.3  -4.05081  
0.59371  2.65596  -8.55401  -3.6623  -5.80581  5.95276  0.719599  0.113917  4.32699  -0.411131  1.15092  1.70532  3.40273  -12.5624  8.00191  17.5616  -6.28519  2.2104  26.8831  -2.28458  -0.365618  -1.89862  -3.83897  -0.600405  4.20006  2.10268  -1.08642  -0.53765  -4.23391  -10.2808  -43.2936  48.7285  -6.37411  26.7152  24.7831  33.811  3.86001  11.8213  8.76996  -7.46201  -20600.4  -0.468141  
0.00127455  0.677765  -4.20012  -5.12604  -2.48393  3.028  0.167465  -2.44469  2.94193  -0.563633  1.80339  1.58622  5.25748  -12.2193  -0.540165  -4.57079  -12.4653  2.82678  -2.64008  -0.5794  -1.05765  0.385458  0.209739  -2.10361  -1.43831  -1.11622  -4.32792  1.08486  -24.7915  -5.20408  -30.5695  43.0005  -4.90024  -23.6412  29.2474  46.037  0.623598  7.07525  7.57713  -2.29254  6290.42  -5.64844  
-0.263482  0.29022  -3.36179  -1.9269  3.30101  -0.752063  -0.251445  0.339794  0.516424  0.134766  1.37858  2.23511  6.17195  -5.0256  -5.07598  -29.9413  -11.3142  -3.15554  -50.3164  2.35494  -3.09879  4.00846  3.59845  -3.8814  -4.86209  -4.30193  -4.75468  3.5307  -22.1871  3.60495  -8.57562  39.9837  0.790794  -46.7759  20.6396  29.7827  -1.98946  -4.69297  6.18122  0.768377  23103.9  -11.6043  
-0.230598  0.706647  -8.11767  2.00885  4.32901  -2.0757  -0.442943  3.45344  -1.33089  0.203565  1.28933  3.39021  4.8232  1.79732  -3.29327  -24.6357  -5.42102  -5.05801  -75.6108  4.15126  -2.97329  3.52476  3.0281  -4.05785  -3.72654  -3.41778  -0.834916  5.42995  3.5809  12.5763  12.3928  15.5198  2.60955  -22.7694  21.5584  10.1291  -0.578016  -11.259  2.174  -0.15459  17568.1  -6.83777  
-0.0607254  -0.231613  -11.7737  2.58495  0.315655  -1.68292  -0.346575  2.49906  -2.26452  -0.950803  2.30659  3.24041  2.646  3.41823  0.674132  6.62399  0.252986  -2.50857  -35.0691  4.25695  -0.906405  -0.943186  2.81085  -1.71975  -0.242164  3.78827  3.89162  5.91031  20.9228  16.9312  23.7313  -24.3807  -1.91899  -2.26625  33.183  6.72022  5.19603  -4.76178  -2.22286  -2.68164  5300.6  7.2438  
0.216998  -2.23319  -8.32783  1.06721  -2.84511  -1.79128  0.113002  -0.0545131  -2.22938  -2.0258  3.51507  0.389037  1.65287  2.05263  3.61679  26.8183  3.29469  -0.443509  48.0088  3.34212  0.696555  -3.42679  6.50699  1.51477  1.45301  11.3122  4.12383  4.86395  13.2661  15.5782  22.5889  -30.8884  -7.0338  -19.2992  23.1369  7.72141  10.3065  7.12394  0.048685  -3.81163  6615.33  16.5822  
0.566058  -2.65078  -0.290554  0.660747  -1.22536  -1.76203  0.738425  0.737674  -1.28263  -1.7344  3.48418  -3.18776  1.95353  2.16843  3.58097  16.1587  4.23723  0.910244  89.8166  1.64927  1.56579  0.528168  9.77366  2.7278  0.280674  10.0434  -0.753923  2.27407  3.26171  10.5562  13.1214  13.1466  -6.79568  -41.2875  -23.2434  -6.46646  7.66344  9.21807  10.6526  -2.25199  20977.7  11.9104  
0.806588  -0.513835  5.97807  1.31514  3.33126  -0.000195965  1.04021  3.9349  0.0393341  -0.464843  1.61746  -2.82266  1.05165  3.94377  0.377493  -5.46349  3.85923  3.14073  49.7391  -0.318846  2.74039  7.33299  8.34198  0.664888  -1.27207  -1.60758  -5.57878  -1.62123  12.7564  4.33514  1.36304  50.3781  -2.49393  -25.0445  -65.1159  -25.7403  -1.6377  -1.12082  19.281  0.555792  25391.4  -0.544487  
0.685699  2.22567  7.17991  0.205991  6.93444  2.43693  0.642528  4.7339  0.692922  0.244944  -1.47212  3.21021  -1.993  3.70193  -5.08128  -10.5864  2.3469  3.93569  -4.63842  -1.02586  3.52021  8.39831  5.50648  -3.13253  -0.186184  -13.087  -5.87346  -6.02152  26.9311  -0.476431  -9.97343  21.4726  0.442743  16.7803  -54.0549  -22.6098  -8.33137  -10.1184  15.5851  2.53303  5707.19  -7.7149  
0.0251012  3.14512  4.72821  -2.09753  6.78659  1.9507  -0.352288  1.53536  0.196184  -0.416754  -4.38795  9.21813  -4.8684  0.337953  -8.65984  -1.16757  0.656454  2.49404  5.55885  0.32156  2.32644  -0.04893  8.9875  -5.84323  2.72418  -12.0026  -3.02597  -9.53356  17.566  -2.15323  -14.2458  -46.7006  0.0999906  40.4678  -7.30824  6.54398  -6.12867  -5.6002  2.54128  2.56057  -23463.4  -5.83311  
-1.15943  2.67462  0.893944  -1.73794  2.35852  -2.26049  -1.5028  -2.79862  -0.795117  -1.62954  -6.04932  6.87646  -5.29569  -2.7318  -6.03047  3.50815  0.525419  3.48485  71.9529  1.54828  -0.0402404  -11.9126  18.6716  -6.45154  3.41535  1.24401  -1.77819  -10.8019  -12.5204  -0.0174135  -1.40431  -73.6052  -0.530353  41.4191  4.52547  29.2993  1.04062  6.99804  -6.03172  1.01488  -32497.5  -2.5954  
-2.47626  1.89482  -3.29465  2.08793  -4.06582  -6.37156  -2.35169  -5.38897  -1.48907  -2.12762  -6.23536  -4.50429  -3.24825  -2.35989  1.36663  -0.944438  2.10806  9.67871  97.6731  0.683236  -1.44813  -17.0122  22.9767  -5.85464  -0.24129  14.241  -3.37744  -9.10062  -29.0764  2.55395  22.4067  -31.6796  1.14859  48.7574  -38.2987  19.2372  2.94566  12.5854  -3.74559  -1.04172  -12867.1  -5.52646  
-3.22923  0.397409  -6.96921  3.59291  -6.98228  -6.36116  -2.63465  -6.97347  -1.70232  -1.68764  -6.39401  -15.1898  -1.53401  -0.76749  4.2477  10.0064  3.10492  12.6717  38.5981  -0.947382  -1.61555  -11.1064  12.9696  -5.10423  -4.9522  15.4811  -3.76162  -4.88866  -19.144  0.276023  29.6108  18.7335  3.57878  63.0726  -64.7275  -14.6723  -3.252  6.14058  0.87385  -2.87527  11438.7  -12.2364  
-2.93674  -2.64682  -8.8436  -1.82548  -2.81821  -2.67582  -2.31186  -8.32698  -1.95781  -1.14645  -7.56623  -15.5603  -2.05683  -1.88434  -2.49907  50.708  1.59385  3.28948  -51.5537  -0.280661  -2.60996  0.239426  -5.89441  -4.32938  -5.79216  6.45478  0.334399  0.0429972  -0.437504  -7.98551  1.1725  14.3354  4.12953  51.3842  -8.93703  -37.2612  -9.74085  -3.2214  -2.66158  -3.99561  14678.5  -15.3402  
-1.82443  -5.5456  -8.0124  -9.16917  4.28821  0.849323  -1.52322  -8.56229  -2.16652  -0.784755  -8.13017  -7.56003  -3.28746  -4.84691  -12.5008  86.9548  -1.19836  -11.4079  -95.8135  2.13141  -4.22084  7.9154  -18.1423  -3.24704  -2.76004  -2.09405  5.6264  3.21921  5.42077  -14.9985  -38.9943  -24.7258  2.45244  10.7738  81.545  -33.0115  -10.391  -6.61573  -11.1704  -4.00754  -463.379  -12.1891  
-0.567691  -4.7557  -5.57385  -8.67495  5.8498  1.342  -0.485671  -5.31882  -1.5199  0.080641  -5.16373  -1.31049  -2.69856  -4.85234  -11.4958  65.2307  -2.24304  -14.0244  -63.9559  2.19457  -3.64309  7.0147  -13.0528  -1.79617  -0.0476203  -1.59685  5.72866  2.99956  2.8097  -11.8911  -41.6612  -30.1924  0.468385  -17.9659  92.1838  -13.2083  -5.41914  -4.8343  -12.2221  -2.65003  -9007.07  -5.3791  
0.462489  0.104483  -2.06158  1.50557  -0.156053  -0.850537  0.62379  1.07579  0.192463  1.7747  1.4755  -1.27255  0.432109  -0.357184  2.80288  -17.9212  -0.698371  -0.0933446  12.2327  -1.52304  -0.0697189  -0.276087  6.79252  -0.27384  0.0719842  6.9092  -0.475746  0.0405632  0.211101  1.55701  1.37488  17.4311  -0.619519  -12.4698  -4.43518  7.96721  1.26574  -2.1436  -2.22638  -0.450306  -54.6426  1.53151  
