0.240316  -1.41408  11.8653  0.0785575  -0.614889  -0.434178  -0.0681448  -2.5482  2.1828  0.9776  0.0810486  -0.0527572  -9.73821  -0.502612  -0.283701  -1.68888  1.05468  12.3674  -4.79817  -1.62194  -0.154305  1.11192  1.20535  0.293208  0.0665307  -6.70044  3.47542  1.67551  -0.580813  -7.57796  -2.16133  0.652202  -8.31691  1.3251  -0.717887  3.26541  -62.6508  -6.01694  -1.05268  1.12907  -0.727123  -4.70907  
-0.0324945  -3.06166  -35.7665  4.72956  -0.648058  -0.622514  -0.606865  -7.59894  -1.24643  -6.86971  -8.42184  -7.3159  -69.6492  -7.33452  -3.334  -1.61455  -0.168082  -29.619  21.1956  15.9375  -23.536  -0.424041  14.4325  0.338588  -1.92982  -16.9297  -0.601226  16.0529  18.6818  14.8205  4.25495  -20.9618  -16.1753  -3.51484  0.654062  0.921546  -1041.65  15.0068  0.0132925  0.884458  -0.733848  -12.6634  
0.111918  4.62315  -47.1551  10.0415  0.377529  0.653451  -0.53675  -9.15464  -9.66147  -8.75848  -11.5879  -11.329  -72.2469  -6.73817  3.29694  1.27221  -0.58222  -31.7323  23.8289  17.7949  -12.385  -2.04864  10.7447  0.324339  -3.60876  -13.9725  -3.39593  17.2011  22.2935  15.0419  6.49852  -28.7727  4.41206  -4.70153  -4.60671  -5.53783  -1438.01  19.6715  1.89434  4.24179  1.74344  -17.3982  
0.635925  20.7229  -21.2862  14.9023  0.605065  2.6179  0.0927678  -4.84597  -17.3318  -3.943  -8.54902  -10.1062  -22.0997  -0.535025  16.2614  8.33174  -0.142031  -6.67365  10.6536  6.41726  23.8951  -2.97187  -5.61141  0.315226  -4.07245  1.4929  -6.91988  6.67729  9.23802  0.307769  4.24178  -19.2458  30.8873  -4.14609  -9.87444  -12.4306  -992.483  12.8573  4.45885  9.30923  5.7643  -19.2727  
1.10114  35.1896  11.4979  15.8816  -1.94285  3.3155  0.715136  2.94592  -14.2011  3.00279  -3.088  -4.62033  20.5151  3.54864  23.6715  17.2915  0.632262  4.62428  7.05469  -1.81229  46.7223  -2.2975  -12.8014  0.390535  -3.05228  16.8217  -11.2868  -2.01253  -4.69341  -1.67876  0.568315  -2.54165  22.9891  -5.31215  -5.61876  -12.8046  44.6029  12.7069  6.52514  10.8557  7.2776  -18.4168  
1.1901  37.9787  22.8123  9.73986  -5.64413  2.50032  0.98755  7.53415  -1.95119  6.14897  0.415636  0.945707  17.7205  2.18844  17.3678  19.9855  1.27961  -5.84529  17.797  0.925306  35.297  -0.852839  -2.02668  0.543861  -1.17664  21.526  -11.3252  -0.586989  -2.68735  14.6053  -1.29748  6.4417  -9.50679  -6.8798  5.33556  -5.37989  1095.35  22.4678  7.05148  7.07768  3.76632  -11.9146  
0.993784  26.9941  12.2973  -0.411999  -5.56244  0.879343  1.20473  5.18644  8.25193  4.02291  0.0394873  2.43061  -14.2992  -0.545014  0.689783  11.0899  1.584  -7.2957  23.2268  5.79271  9.42257  -0.0685309  12.7048  0.63475  0.873823  17.2323  -7.02511  5.95837  12.4562  25.2321  0.00623466  2.85495  -6.53606  -4.86305  10.7588  1.60323  1259.21  24.4072  6.6905  2.10371  -2.1331  1.87708  
0.802321  10.0359  0.340534  -6.89338  -0.524171  -1.27791  1.71822  0.91182  9.51261  0.0227461  -2.53785  -0.553028  -34.7649  -0.334278  -11.775  -4.61713  1.42727  15.6003  10.3874  2.50805  -1.60467  0.186105  12.5354  0.569128  3.31599  12.7165  -5.93106  7.60627  20.5221  10.038  3.41541  -2.89946  49.6894  0.526837  8.13935  0.554025  514.216  7.66439  6.48357  0.460011  -5.04238  18.532  
0.752715  -2.21046  2.70552  -6.29347  5.6717  -3.72261  2.11542  0.978268  5.55228  -1.4229  -4.09017  -4.59748  -30.0091  1.81315  -11.3834  -14.9069  0.89721  32.0518  -10.0359  -5.43565  4.24912  1.25805  0.291092  0.447164  5.18882  12.4311  -11.0364  0.679164  10.8527  -16.3255  5.83727  -0.24935  82.1334  4.51709  7.79996  -8.04651  -601.919  -12.1939  5.65127  1.84521  -2.45152  24.4085  
0.768026  -6.1862  21.2828  -3.79046  7.04796  -4.87892  1.60689  3.75698  2.34999  0.172052  -2.65371  -6.0322  -17.5522  2.21557  -2.1864  -12.5245  0.533859  9.26146  -18.0352  -6.39999  3.80628  3.26321  -5.41856  0.452861  4.75098  13.0222  -9.79964  -8.81103  -3.76492  -21.0635  4.24705  7.85376  4.89442  4.40334  13.1442  -17.5618  -910.957  -10.5167  2.51002  2.86301  2.42627  14.755  
0.749592  -7.18156  38.5065  -5.91346  3.39844  -2.57652  0.382676  1.73041  1.01563  1.99786  0.908568  -4.20017  -14.3025  0.184497  5.47212  -4.18098  0.944254  -38.2681  -9.0266  3.06452  -13.8952  4.07655  2.66979  0.586676  2.49916  10.2881  9.38394  -12.0059  -3.47185  4.63002  -1.53958  10.05  -146.925  2.17188  12.8915  -22.1129  -212.735  10.2546  -1.07526  2.15629  4.38306  -3.91995  
0.653329  -13.1638  36.4481  -9.56507  -2.54037  2.33811  -0.421274  -5.82384  0.944533  1.97473  3.21822  -1.22496  -12.5075  -1.91785  5.6012  -1.01962  1.89544  -59.3838  5.53148  12.9423  -31.5279  2.18657  8.3045  0.618094  1.59901  5.37033  34.0014  -6.24428  10.7238  33.731  -6.86309  2.92438  -228.072  0.827738  -1.33363  -20.8428  689.973  18.5267  0.065185  1.25575  2.13225  -18.396  
0.43695  -24.2991  19.6258  -6.51543  -7.20368  6.22474  -0.144435  -10.0772  1.95642  1.23329  2.09319  0.48193  1.46874  -2.62057  -1.23671  -5.08084  2.36056  -27.3702  13.1331  14.0286  -29.5007  -0.753188  -3.94794  0.349614  3.65113  2.41  37.5036  3.31166  20.018  33.6391  -6.55679  -4.02639  -150.987  0.460698  -18.0873  -15.3927  984.401  -4.27779  6.54061  1.22593  -1.73966  -21.4833  
0.0811492  -29.644  13.2826  2.88228  -8.90824  6.12226  0.427679  -5.14626  2.84098  2.1767  -1.34677  0.193205  12.179  -2.44208  -6.59066  -7.44265  1.57747  26.9162  9.03738  7.5324  -15.5388  -1.04491  -21.4259  -0.120979  4.44005  2.40653  14.8587  8.83617  13.2126  1.80396  -0.994393  -3.90768  2.57792  -0.189114  -19.707  -7.78737  643.925  -34.1853  10.3721  1.28287  -4.28444  -15.0456  
-0.338506  -18.3976  30.5524  8.52333  -6.4119  3.07463  0.20308  3.42577  1.50988  4.64586  -3.37977  -0.964645  -3.81031  -2.28967  -4.94445  -1.01976  0.0566967  52.4017  -1.2454  0.646401  -13.5829  1.93695  -17.7424  -0.533951  -0.585356  2.7502  -8.09398  7.25966  -1.00876  -34.3806  3.00306  -0.898409  84.6265  -1.29447  -5.86253  2.47905  251.527  -34.4294  3.61169  0.726517  -4.16398  -6.29821  
-0.621695  2.90201  48.168  4.82055  -0.18473  0.588401  -0.892297  6.36256  -1.347  5.71627  -2.0307  -1.748  -38.584  -1.59101  2.84068  7.82349  -0.760319  30.3713  -6.73485  -5.18897  -27.5732  4.69061  8.47538  -0.693213  -8.12609  2.0835  -7.14608  2.99729  -11.0253  -44.4296  0.952694  -1.36292  51.6355  -1.80184  4.50724  16.5864  197.865  -3.19311  -9.57954  0.00158303  -1.74048  -0.79853  
-0.588172  17.0281  32.2167  -1.43003  5.14841  -0.160487  -1.94605  3.15935  -1.4974  3.18257  0.80764  -1.85726  -38.7283  0.0748797  9.02755  9.32703  -0.119843  -13.0568  -2.38848  -12.3601  -33.1764  3.29776  25.9458  -0.540753  -8.82315  2.03371  8.48249  1.9942  -13.8091  -20.4357  -3.806  -3.78954  -7.66106  -0.743521  0.328975  32.7269  163.314  20.7193  -15.7364  -0.699925  1.74  1.32409  
-0.245489  13.4556  -12.2324  -0.952903  4.37491  -0.941313  -2.15932  0.659382  2.9418  -1.43826  2.01446  -1.93638  2.03213  1.99392  5.05998  3.48482  1.24654  -38.3705  5.02907  -17.0811  -9.39884  -1.40599  11.6749  -0.13584  -0.356513  3.9315  12.8411  4.79306  -11.3514  18.1152  -4.78816  -0.228054  -4.97349  1.29742  -6.69056  43.7121  122.03  10.7284  -7.931  -1.87299  3.73577  2.24306  
0.226547  0.146304  -42.0608  5.87292  -1.53597  -3.68777  -1.51696  1.17765  8.10812  -4.47699  0.808949  -2.19353  20.2739  3.25417  -7.24801  0.70366  1.9566  -30.4022  6.74964  -12.0825  27.759  -3.76559  -19.5415  0.377225  7.43978  5.70058  -1.50711  7.50327  -1.51625  41.879  -2.00826  10.9271  42.4679  2.44812  -0.241574  41.0042  330.795  -11.244  4.93631  -3.00628  2.43419  2.55057  
0.606766  -8.31246  -29.5667  10.1726  -5.57381  -7.01556  -0.40753  1.14301  9.07411  -4.14548  -0.861656  -1.84581  -41.1862  3.80874  -15.7521  5.95144  1.50171  -4.85875  3.4938  2.33989  48.8965  -0.824747  -31.8368  0.755135  5.20907  4.34005  -16.7696  7.56955  14.3588  31.8743  -1.02706  20.7729  59.2494  1.45527  15.4013  23.5859  828.715  -6.0087  8.17047  -2.16797  -1.00026  2.64489  
0.791065  -7.93677  1.14466  7.844  -2.35668  -8.05245  0.61166  -1.28033  6.12738  -2.43102  -0.894441  -0.699821  -123.116  4.23045  -10.3521  10.9298  0.623135  13.3599  4.78014  16.2701  45.7409  4.48685  -15.4378  0.846054  -3.21093  0.314474  -15.0423  6.7875  25.196  -2.56607  -3.25555  18.7921  17.197  -0.980354  21.4197  1.14824  946.406  29.7324  -0.783004  1.17853  -2.62039  3.1095  
0.815457  -6.04806  9.73987  2.29347  4.29945  -5.59999  0.994144  -1.73639  3.80862  -2.22284  0.667452  0.339632  -119.153  4.90161  4.90461  5.1662  0.236094  11.8716  13.489  19.8415  32.8331  5.5494  4.05378  0.722149  -5.99878  -2.7734  2.20932  7.08946  21.7897  -30.0134  -3.34703  4.39071  -35.7265  -1.76631  8.93663  -11.3965  170.052  59.287  -9.27186  4.73837  -0.385482  4.88979  
0.807856  -6.11326  -5.22531  -0.947879  6.41276  -1.2766  0.667286  1.66687  3.96299  -3.31901  2.1306  0.141029  -16.3059  5.54441  16.0031  -7.80486  0.46991  -1.29449  18.0175  15.7571  17.4281  0.697233  3.41736  0.59825  -0.405889  -2.36817  17.5794  8.1714  8.70164  -25.6601  2.67364  -11.6404  -46.8876  0.130021  -10.0172  -7.71302  -1008.65  59.4784  -4.72197  6.11579  2.88759  8.43822  
0.922367  -5.1147  -11.3681  -2.25194  2.51412  2.70692  0.250318  3.91861  3.99575  -2.32221  2.19536  -0.967551  74.3623  5.17282  13.5347  -14.8077  1.12682  -11.1393  6.51798  11.8214  -5.50987  -4.6708  -6.98917  0.632737  4.3169  0.308527  19.5755  8.51294  0.603424  3.88375  9.92951  -16.9002  -16.151  1.90955  -18.1149  3.44328  -1417.77  49.9157  10.328  5.97323  2.8092  9.34012  
1.17646  -1.73528  6.65888  -2.88043  -1.67125  4.88878  0.375661  -0.480563  1.82688  2.18842  0.937059  -1.79419  87.0037  2.35987  3.80594  -10.2334  1.97905  -12.1614  -13.33  8.62933  -30.4962  -5.01591  -0.485642  0.802934  1.77094  1.97261  10.6291  7.43229  2.03957  28.5836  11.3603  -6.86721  15.1778  0.522292  -10.4209  9.37148  -652.464  56.768  20.5305  6.61002  -0.986724  2.67946  
1.41214  0.721448  27.522  -3.50264  -0.963681  4.6933  0.868566  -7.32489  -0.833438  6.27033  -0.622972  -1.53414  78.9139  -2.5993  -0.309404  -2.80652  2.45289  -8.06251  -22.8576  2.34227  -35.8858  -1.57275  24.1952  1.0075  -2.67399  1.17975  1.08351  4.05624  5.2193  25.2567  7.60765  8.16888  18.8826  -2.77543  4.59544  5.49334  307.464  64.511  15.554  8.21035  -3.70666  -10.1207  
1.42255  1.70499  25.5105  -3.86803  3.01635  2.06549  1.14564  -7.67662  -1.50854  5.02777  -1.5051  -0.586621  113.081  -6.75882  2.90281  -3.11685  1.66363  -4.77275  -13.0899  -6.9016  -14.3132  0.813911  39.9119  1.13917  -2.03404  -0.602558  0.0279555  -2.73873  3.48641  0.268417  4.42377  14.6963  -0.702089  -3.84903  16.3382  0.497692  270.155  33.6128  1.12589  8.72062  -1.80129  -20.1763  
1.09543  5.44355  6.82121  -6.40426  4.2022  -1.36046  1.01188  -0.350134  -1.03509  -0.864397  -1.7956  0.251767  133.775  -7.33621  3.01394  -7.7131  -0.197819  -4.20173  2.9394  -12.9372  7.66269  -0.530438  25.0692  1.05221  0.469077  -1.15253  5.88763  -12.1013  -0.188944  -24.145  2.26067  7.94941  -24.8203  -1.32618  18.7692  3.0203  -641.53  -41.0117  -8.20981  6.72025  2.66679  -24.2649  
0.539006  11.429  -8.60657  -10.542  0.362047  -2.94873  0.80644  5.88028  -0.798348  -4.7389  -1.99587  0.58807  44.2377  -6.59808  -5.68  -6.98319  -1.23819  -8.10771  6.58154  -12.4408  3.58497  -2.17234  -5.57385  0.682741  -2.85876  -0.0784541  11.4873  -19.6761  -0.880089  -31.788  -4.20309  -1.79748  -35.8294  1.38609  12.1233  10.3588  -1200.95  -110.433  -6.49603  3.05032  4.45317  -24.3729  
-0.0250258  10.4476  -13.698  -12.7428  -5.08472  -2.08856  0.622136  3.84489  -1.04755  -2.64856  -2.0893  0.316233  -126.246  -9.74531  -15.6773  2.78555  -0.169376  -21.9954  -5.02667  -9.88176  -16.0393  -0.701636  -18.1095  0.167371  -9.32931  1.13834  9.64887  -21.2421  -1.27925  -21.5612  -14.4456  -1.63086  -26.8967  1.30717  2.87558  11.6906  -693.82  -126.791  -1.7447  -0.430138  2.00439  -22.2741  
-0.33122  -1.18737  -17.7427  -8.0689  -7.45468  -0.845034  0.275185  -2.35979  -0.686636  1.36494  -1.46455  -0.385233  -232.653  -16.1897  -13.9265  12.8282  1.51738  -43.7162  -14.5644  -9.11133  -20.1924  2.64361  -3.36807  -0.144686  -7.82418  1.0249  -0.478932  -16.4622  -9.67422  -1.47456  -18.4149  9.27447  -0.925575  0.131386  -0.836536  2.59952  339.891  -93.5588  -2.89168  -2.33065  -1.53147  -15.6784  
-0.217471  -13.3423  -21.4175  0.893997  -5.32098  -0.710273  -0.0379875  -4.74418  -1.07028  0.547916  0.222901  -0.809344  -195.239  -16.6688  -0.00959265  13.93  1.40342  -57.9956  -4.7735  -7.76364  -0.137657  4.30182  13.6987  -0.0427694  5.46367  -0.107479  -11.2415  -8.13194  -21.7684  18.6896  -8.94794  20.2072  24.4463  1.09903  2.57332  -8.4511  652.952  -50.6506  -7.24897  -1.97337  -2.6173  -2.32622  
0.279454  -13.2782  -15.367  5.95285  -0.556454  -0.0170017  0.111895  -1.16339  -3.54543  -4.59759  1.69422  -0.646078  -84.552  -4.00321  13.3488  6.29551  0.177376  -46.4289  19.0507  -3.03798  18.4011  3.23045  7.58822  0.329938  18.9113  -0.865502  -14.0202  1.46538  -23.5782  26.9117  7.05968  20.7137  28.2241  4.21471  6.97325  -10.9664  114.749  -24.5672  -5.22508  0.510442  -1.91646  12.0133  
0.881042  -1.84169  5.09565  4.29972  3.04424  2.78724  0.650207  3.43773  -5.73649  -6.41699  2.11026  -0.599305  -8.39935  14.3414  14.8668  -3.04313  1.25795  -10.1939  34.5323  1.30716  16.8918  2.27122  -12.7767  0.610895  18.6683  -0.595614  -7.77416  9.39986  -10.6326  15.4046  15.3669  10.5606  4.35371  5.73501  5.41623  -3.77733  -286.049  -9.80526  4.68565  3.96208  -1.57883  19.5595  
1.23332  8.4983  28.5663  1.6378  2.70879  5.30766  0.863536  5.08057  -3.64723  -0.983707  2.12296  -1.50079  4.59683  21.7399  8.80821  -8.01033  5.40339  24.7143  27.9381  1.80269  2.97454  3.97322  -18.9346  0.642525  5.42926  -0.0151752  -0.375601  13.2923  5.03547  -7.86874  10.392  -3.16496  -26.8672  3.66936  -1.15176  4.44368  276.888  1.70883  12.7335  6.22064  -1.57  17.9069  
1.18926  10.9652  40.3054  4.26988  -1.32602  3.49628  0.386471  4.58801  1.45963  6.15135  2.95628  -2.71167  -10.1019  11.9483  5.25389  -6.77671  8.31695  33.5727  8.32433  2.63163  -3.64469  6.52636  1.63572  0.632994  -7.03876  0.107922  -0.134561  12.8341  7.81139  -21.0576  -0.916441  -13.1934  -36.9876  -0.535532  -7.72132  6.63578  1450.38  4.54055  10.6539  5.27695  -0.112702  6.80913  
0.946196  8.57546  38.684  8.79493  -4.55798  -1.5066  0.0591338  3.38341  3.48974  7.60474  4.35879  -2.59665  -28.3188  -2.73865  7.86536  0.470201  5.7493  18.8374  -5.74662  8.55266  2.04282  6.08461  27.1415  0.839522  -7.56267  -0.0866814  -7.05847  11.4464  -4.80898  -11.3058  -8.64768  -15.4644  -20.7366  -3.88149  -10.9109  3.56057  1991.87  -6.07508  1.78696  1.13644  2.19782  -15.5549  
0.840118  3.96506  26.7959  6.02901  -3.83142  -3.75594  0.7779  0.0371839  -0.126857  4.54059  4.57364  -0.653132  -42.1406  -6.69103  9.7542  8.48655  -0.334259  5.86043  -7.4961  14.7165  11.4225  1.88015  32.7208  1.2073  1.31947  0.0796497  -8.75481  11.7892  -15.3961  11.558  -9.43028  -11.5117  1.32549  -4.65137  -10.1411  -0.227517  1337.34  -16.5258  -5.23085  -3.41387  2.73329  -42.5749  
0.941276  -6.62928  6.08599  -4.60951  -0.00713597  -1.00351  2.30726  -4.34231  -3.93457  4.14422  2.62771  1.16256  -25.2328  0.795277  2.70289  10.1024  -3.82389  10.0978  -4.78287  11.261  14.6272  -1.62385  17.4233  1.35737  8.46658  0.615295  4.04877  10.9062  -9.26095  22.2582  -5.77671  -4.96888  10.7754  -2.98573  -4.79018  -1.5092  45.0372  -10.4009  -7.48187  -4.89398  1.0215  -53.0608  
0.957381  -23.1336  -14.4498  -11.8921  2.31487  1.37492  3.20855  -5.46706  -2.49735  7.47552  -0.330159  0.858958  42.122  7.5763  -10.7059  2.9832  -2.18394  20.4033  -4.38884  -0.929063  8.68875  -0.789292  0.724897  1.03337  6.75191  0.933492  23.2718  5.75686  8.03443  10.8909  -1.43345  0.24325  6.48763  0.129698  3.56262  -1.22593  -871.108  6.51599  -7.90192  -2.66848  0.0236386  -28.9531  
0.581597  -35.2489  -18.4105  -7.02936  1.16143  -1.95844  2.34012  -0.487653  0.466007  6.67764  -2.23589  -1.32091  131.134  5.89615  -19.8295  -5.45159  0.887733  19.5404  -5.41673  -9.42216  0.187615  2.9513  -2.92194  0.401461  -0.294283  0.869072  30.6981  -1.32022  15.4188  -13.3495  1.09945  4.2597  -1.76784  2.92156  7.88332  -0.908351  -989.822  11.3852  -7.83059  0.241353  1.45848  14.8485  
-0.0776204  -32.8893  5.02512  3.55047  -0.766987  -7.97369  -0.00581884  6.74672  -1.90602  -2.76084  -2.83156  -2.96351  176.425  0.104586  -17.0139  -5.2614  1.1193  7.3956  -5.47704  -5.82033  -4.03014  5.34951  2.61841  -0.113545  -4.35987  1.18645  18.2417  -3.66921  2.55891  -31.5131  1.26459  8.03016  -8.2998  2.95882  3.92163  -1.70946  -447  -7.0397  -4.37215  0.678547  3.18011  41.9633  
-0.596764  -15.7613  35.9699  6.45392  0.384744  -8.66232  -2.35671  7.95993  -8.74736  -13.1433  -3.44987  -2.70531  155.947  -2.25149  -5.71205  1.97543  -0.959516  -0.362236  -4.5391  4.50057  0.950058  4.89593  4.91217  -0.307832  -1.14726  2.47834  -1.75805  -0.0267093  -17.6017  -31.2274  1.09683  10.3182  -12.1826  -0.285067  -1.16238  -1.09483  393.017  -32.982  2.51727  -1.04872  1.54493  35.252  
-0.672081  4.26521  41.1113  -2.5397  4.29826  -1.82859  -3.34214  1.12216  -11.1455  -13.0553  -4.36783  -1.40891  87.0296  -0.407387  3.83092  5.60319  -1.99328  1.87148  -2.03032  11.0518  8.19432  5.04904  -0.0860946  -0.290341  4.35336  3.90022  -11.9564  3.23717  -25.2184  -13.5654  3.05355  7.70886  -4.94908  -3.79687  2.73522  5.14117  1131.47  -41.0882  6.56384  -2.24443  -3.36624  14.928  
-0.412229  15.479  7.38082  -13.6148  7.79385  6.42304  -2.83616  -6.75295  -4.34643  -2.8555  -4.0018  -0.741211  5.25095  1.4002  2.98491  0.911796  -0.968989  8.69417  4.76652  11.0283  4.55488  7.41732  -4.91473  -0.214235  3.99086  3.60874  -8.93093  -0.553424  -17.8176  8.73925  6.7706  -0.55494  20.2934  -3.91289  12.6256  16.129  1546.72  -23.785  2.65151  -1.77722  -7.32034  8.16382  
-0.121416  15.815  -31.5334  -14.0833  7.48886  9.50382  -1.9499  -6.80697  6.75577  5.99814  -1.86807  -0.783531  -61.2906  1.34493  -5.17807  -3.91142  0.2283  13.579  12.4618  7.28413  -12.1291  8.29158  -1.23525  -0.0539878  -3.69039  1.20295  -4.28517  -9.18526  -9.66334  18.707  7.55656  -8.31109  53.4163  -0.122481  12.7118  23.263  1196.03  5.49339  -5.27699  -1.37526  -6.19685  14.2678  
0.074266  11.5859  -38.3031  -3.59639  3.38668  6.81851  -1.92991  1.18955  13.4872  6.53592  0.147454  -0.739742  -90.4266  1.20715  -12.7742  -0.177454  0.654466  14.9734  11.2106  1.9989  -27.4618  2.60205  9.25109  0.278909  -11.2881  -1.57708  -7.07909  -14.5878  -10.4935  7.35955  1.88599  -9.0616  62.8047  3.3914  -2.16165  18.4879  6.09775  27.4699  -8.08832  -2.50453  -0.841114  15.092  
0.277567  12.7534  -11.831  7.38741  -1.24308  2.10527  -2.6737  8.29215  13.8546  4.29902  -0.250478  -0.114744  -69.1166  2.02667  -12.3697  8.41212  1.91466  11.8288  -1.16753  -3.43333  -26.1342  -8.5863  17.2797  0.678028  -11.9714  -2.46322  -12.5746  -9.91998  -8.87545  -14.5201  -7.38303  -2.21913  31.0532  3.42435  -16.1692  3.7499  -1532.17  30.2165  -2.91892  -4.11803  3.98021  2.71095  
0.586282  17.9329  7.19751  10.466  -2.28252  -2.12687  -2.80346  6.9967  10.9082  6.62488  -1.27369  0.21539  -16.4705  2.58675  -6.99549  10.1755  4.84125  -1.77076  -12.6605  -4.28438  -9.58812  -17.4363  15.0341  0.944999  -6.31768  -1.32907  -10.5893  2.01432  7.13311  -22.258  -13.4605  7.37488  -15.1152  1.74532  -11.7029  -8.80488  -2414.98  12.5403  3.53229  -4.30931  4.5285  -9.28295  
0.932423  17.878  -9.7836  6.01353  0.269837  -5.38804  -1.19786  -1.73987  7.58236  10.2679  1.01103  -0.404552  24.4003  2.04982  0.408364  1.60495  6.87491  -23.9895  -11.5152  2.18024  7.58847  -17.7892  9.21087  1.05899  -1.23265  -0.0679909  -0.321662  10.4116  27.8607  -6.46977  -11.7484  14.2462  -24.9455  1.93495  5.78416  -9.94316  -1996.62  -15.7848  3.84669  -2.95199  1.69372  -11.9159  
1.10397  5.88255  -44.2998  0.950218  1.85772  -7.10788  1.49637  -9.51771  4.97422  6.34955  6.62168  -1.78595  25.0252  1.63624  7.23297  -8.24412  4.71184  -41.1861  -2.45559  11.9678  12.9236  -11.3676  11.2958  1.10842  -0.30168  -0.233129  9.18989  6.57109  31.0764  16.0158  -4.20372  15.7749  11.0785  4.1874  13.4088  -2.79728  -647.065  -35.0093  -1.33787  -1.43579  -0.580141  -9.85161  
0.946025  -10.034  -53.5442  0.758783  -1.97058  -6.24045  3.34209  -9.67909  2.86732  -5.60128  10.5211  -2.81545  -3.1729  2.52135  12.8809  -10.6518  -0.909109  -40.2222  1.30536  16.8149  6.55461  -4.66661  22.3178  1.0548  -0.466709  -0.959459  9.03038  -7.97679  12.3946  18.4288  3.75195  11.6416  41.2323  4.57602  0.647829  1.56258  557.981  -29.1745  -4.83856  -0.569081  -0.100861  -9.72093  
0.532738  -15.4672  -22.2182  3.57298  -8.19594  -2.95338  3.30752  -3.84497  1.52455  -15.0066  9.08981  -2.62576  -22.888  4.0201  17.4894  -6.68618  -5.20349  -23.5997  -4.27418  13.4342  -2.5171  -1.49048  29.2597  0.756915  2.22173  -0.597151  3.46974  -20.4398  -7.81315  -2.09576  8.48692  4.19246  7.8197  0.109151  -17.0547  -3.37587  897.773  -5.48848  -1.63462  -0.139991  0.729629  -10.7003  
0.270991  -11.1651  20.1105  3.86182  -9.46965  0.929862  2.36999  2.06186  0.638551  -13.3944  5.17443  -1.3859  -14.1982  4.78227  19.2324  -3.56773  -4.85495  -3.66313  -9.99689  7.4862  -3.73953  -0.192805  23.349  0.424945  6.0933  0.823748  1.2944  -19.9332  -11.8775  -19.4675  9.20965  -1.73911  -75.5673  -5.82087  -18.5267  -11.5534  809.323  7.6596  5.34979  0.112804  -1.06234  -9.89867  
0.524518  -10.986  35.7978  -1.37929  -2.14926  2.86483  1.96605  3.62153  -1.38546  -3.95891  4.64811  -0.7515  11.5415  4.56672  15.5075  -3.95122  -1.88317  11.5893  -8.8719  3.6963  4.58275  2.56245  16.2628  0.532389  6.0386  1.39793  5.37499  -9.18578  -5.91488  -12.1736  7.65171  -1.22849  -133.402  -7.02859  -3.76816  -14.095  962.961  -5.79584  9.36269  0.214349  -4.30824  -6.2815  
1.05631  -20.0173  21.0633  -7.65  6.11526  1.35859  1.81992  2.16303  -3.81415  3.88951  7.04574  -1.96387  26.4191  4.43112  8.12607  -5.34106  -0.288906  21.5527  -5.09007  1.95828  14.9609  7.97829  22.029  1.07467  0.15485  -0.135638  7.4497  -0.936955  -3.57129  12.0018  5.75809  4.42157  -111.409  -2.5591  8.16905  -8.84975  1298.63  -28.1491  6.22751  0.281077  -4.48719  -1.39238  
1.18208  -22.6846  3.04318  -8.06851  6.15808  -2.01309  0.479127  2.01779  -4.68488  5.58145  6.3192  -3.53422  12.9322  5.08778  2.62206  -4.34476  -0.704394  26.7607  -3.81849  0.564158  16.0858  13.9279  33.0903  1.37693  -7.30648  -2.8008  -0.73059  -3.85317  -4.78318  24.918  5.03467  6.64274  -22.9209  2.35818  4.12442  -3.53719  1252.3  -30.4283  -1.31969  0.37651  -0.387008  3.88477  
0.765581  -4.45033  2.02569  -2.2423  -0.623429  -3.33742  -1.94486  4.084  -2.50307  3.73766  0.491697  -2.30247  -24.329  5.76637  2.91318  -2.27373  -0.649984  25.3809  -3.11364  1.43655  5.64567  16.9636  23.9812  1.11339  -10.4775  -4.70079  -16.1005  -13.4435  1.77812  14.6919  5.18582  -1.74224  72.0093  2.65931  -8.0196  -3.98976  452.274  -9.34167  -6.64828  0.261605  3.76463  6.74803  
0.662819  25.4869  10.9555  4.7858  -4.14466  0.174003  -3.1534  5.88562  1.74819  2.37178  -5.40399  1.58318  -55.4208  4.71055  6.65927  -0.716567  0.620849  22.779  0.992342  5.18442  -5.65181  14.3813  -12.4158  1.06262  -8.39444  -4.77274  -22.3035  -18.1447  15.7654  -6.47742  3.95733  -15.2236  120.324  0.551014  -12.4562  -5.81954  -637.08  8.64948  -5.53015  -0.253761  3.74234  6.4859  
1.65914  40.129  9.42935  8.71413  1.36602  6.11675  -1.36204  4.16525  4.92253  2.6333  -5.53113  3.17316  -57.8228  1.55809  6.71227  0.738342  0.91305  24.7107  5.19809  8.26178  -5.69657  6.92166  -47.3098  2.10724  -3.59158  -3.16683  -10.2986  -10.1178  18.7635  -17.0206  0.160972  -20.3519  99.1139  1.51092  -4.90501  -1.70742  -1258.5  4.69581  -0.348963  -0.802915  1.12864  9.12889  
2.96497  28.3317  -3.5795  8.92017  9.80185  8.33688  1.88802  0.298252  4.98914  3.35316  -1.46284  -0.945965  -30.1507  -2.14045  -0.725258  3.62321  -0.573274  26.7135  6.15954  5.01672  2.91804  -0.51901  -48.3494  3.46178  1.32661  -0.545588  10.768  6.85819  5.18714  -11.0919  -4.42037  -11.1546  21.4123  5.92902  4.29805  5.73528  -970.705  -8.86352  1.94164  -0.930299  0.967118  16.5289  
2.69932  4.44178  -13.1626  7.77823  11.888  3.96026  3.21033  -2.92211  2.01085  3.09128  -0.0360944  -6.54787  -0.164544  -3.97115  -12.2227  6.08792  -1.21806  14.3441  7.13182  -5.27891  5.63296  -3.48508  -17.57  3.05744  5.8824  1.90518  18.8608  21.6305  -6.49618  0.88344  -5.84601  2.4538  -62.5344  8.1555  4.69275  6.35192  -48.3845  -11.0892  -1.75613  -0.967462  4.27474  17.4855  
0.0692087  -8.80626  -11.6593  4.88789  5.55792  -2.77702  1.30067  -4.28387  -1.55573  1.22075  -3.5209  -5.90597  6.98108  -3.30942  -20.3682  4.64  0.438508  -14.4252  12.7099  -14.8449  -5.41091  -2.7205  9.61368  0.0198743  8.35806  2.64882  7.35719  23.8634  2.10962  8.71697  -3.34281  7.13503  -97.9072  4.01086  -2.06184  -4.49214  816.071  -1.9436  -7.31712  -1.58767  6.472  -0.36637  
-3.30731  -5.36925  -7.79488  0.0173133  -2.78775  -5.78395  -1.81672  -5.13419  -3.31341  -1.40013  -7.24187  0.486008  -9.75495  -1.95364  -18.9166  -2.41234  1.10931  -41.3157  17.6604  -14.9386  -19.2403  -3.48738  9.55505  -3.7329  5.24495  1.00991  -7.09413  13.9469  20.8072  7.93297  -1.45239  1.1128  -74.2844  -2.68681  -6.34794  -16.213  965.881  0.23233  -7.94443  -2.70063  3.31187  -25.996  
-4.99609  3.84435  -12.7508  -5.6423  -6.18828  -4.21044  -3.68309  -5.09924  -2.44059  -2.63462  -6.20368  2.21534  -28.5071  -2.08156  -7.49193  -10.2428  -2.79258  -42.6867  11.1888  -5.90649  -17.2779  -7.26249  -6.25308  -5.38496  -3.19875  -1.46874  -3.30438  3.14654  23.457  -0.918929  -4.71432  -6.52967  -34.8205  -5.59284  -3.33407  -15.2702  493.069  -9.18582  -2.35123  -3.32505  -3.6017  -31.7148  
-4.26781  7.64192  -20.2813  -8.86178  -4.6094  -2.31136  -3.91182  -3.28664  0.448834  -1.28574  -1.47664  -7.85138  -26.249  -3.58028  5.97718  -12.544  -8.44454  -15.2149  -4.83841  1.9441  1.29457  -8.94566  -9.6519  -4.26944  -10.6035  -2.44313  16.7915  2.56935  2.11998  -10.6834  -11.2181  -9.49592  -12.0729  -3.46056  3.73097  -3.06748  -93.4093  -14.9999  3.57011  -2.76385  -8.59348  -7.41717  
-2.4552  3.93039  -15.4137  -7.89695  -1.83652  -2.76196  -3.33333  -0.601299  3.08273  0.852658  1.35203  -21.9292  1.47878  -4.39569  13.3701  -8.8681  -8.88439  20.014  -15.6194  -0.155623  18.6429  -3.7091  8.06794  -2.20733  -9.82063  -1.33334  30.7981  10.0693  -23.612  -12.0301  -13.0326  -9.82436  6.77398  -0.628873  8.82013  6.59279  -604.837  -5.36884  4.37816  -1.31385  -8.48256  21.4193  
-1.13595  -3.14095  8.18184  -3.27068  -1.31925  -3.27987  -2.0817  -0.304703  2.68379  0.838979  -0.0642672  -24.223  37.2078  -3.13384  10.1274  -3.99783  -2.22472  36.8641  -10.7866  -10.0418  16.2018  4.40162  32.3162  -1.10012  -1.80738  -0.156737  22.1814  13.4019  -31.8192  -2.86547  -6.18742  -9.37177  41.1641  -0.0520033  9.72029  5.13699  -1130.13  10.3729  1.05831  0.213591  -4.6368  25.3173  
-0.598674  -9.01536  31.1656  3.65912  -2.88713  -0.647447  0.172453  -1.31467  -1.26292  -1.49417  -2.91677  -9.11989  54.7087  -0.763149  0.678058  -0.860661  5.07173  23.7588  -0.238092  -17.166  -3.73807  6.5667  45.1225  -0.997066  5.27689  -1.06453  2.1294  5.96383  -22.2661  5.25166  4.2955  -4.14442  69.9949  -0.0418431  6.8982  -0.179212  -1482  15.3856  -1.99515  1.25344  -0.771813  8.41972  
-0.182486  -11.828  28.4512  9.0015  -4.10406  4.55181  2.56265  3.16075  -5.32515  -2.99543  -2.36832  12.9206  46.5387  0.901347  -5.39807  3.12725  6.0232  -10.0235  -0.256918  -15.5595  -21.7276  1.11633  38.5134  -0.738922  5.1649  -3.96032  -8.08795  -4.54454  -9.98307  4.3085  9.62098  6.83746  54.786  1.92621  2.24272  0.999093  -1031.53  4.5063  -2.73927  1.58846  0.909821  1.17198  
0.493324  -11.5937  -5.67749  9.15637  -3.30907  8.33539  3.48015  15.0544  -4.8671  -1.03485  1.63064  26.7325  23.8472  1.12583  -3.32229  8.35257  1.36077  -42.2145  -10.4132  -9.3395  -24.2164  -2.9626  18.3445  0.201614  1.50688  -6.63092  -1.54407  -5.74233  -4.13156  1.06005  7.95077  14.2001  7.2659  4.86687  -0.487696  9.57611  236.168  -12.9065  -1.76266  1.12973  0.287614  15.9929  
1.1295  -10.4112  -42.9339  3.82965  -0.735597  7.73946  2.54314  24.733  0.684445  2.96207  5.33958  27.2075  7.94469  0.297978  3.14078  10.4381  -2.33563  -47.2163  -14.6972  -4.71754  -13.656  1.69737  -1.58395  1.20004  1.10902  -6.86019  9.7481  2.89695  -0.223889  5.34267  4.25253  9.47097  -18.95  6.07037  0.814517  15.9568  1178.83  -24.7744  0.554468  0.0579007  -0.613531  32.25  
1.23962  -8.58659  -52.5337  -2.4528  1.54693  3.54272  1.00345  20.136  6.74269  4.90679  5.04556  19.7372  6.6025  -0.903864  7.33582  5.76451  -1.04198  -20.9333  -4.60125  -1.19512  -0.354773  10.3948  -6.42093  1.41613  5.14785  -4.76723  11.141  10.0384  4.47275  12.3921  2.50069  -0.71538  -4.64775  4.14619  5.63642  14.0563  883.487  -25.0571  4.16475  -1.03457  0.445668  30.2067  
0.730265  -4.86496  -30.4818  -4.88925  2.27254  -1.18075  -0.0255069  2.36079  7.4826  2.90381  2.17765  11.2248  2.17843  -1.71775  6.24934  -1.13634  2.73509  15.8899  9.32114  5.65989  11.6635  11.4465  6.56923  0.787738  7.23802  -2.85794  0.863706  6.56768  7.03507  6.69096  0.52353  -1.05083  10.5392  0.00886953  10.3518  5.82998  -203.575  -13.0295  6.7817  -1.60542  3.75447  14.0596  
-0.109593  0.417211  -5.26096  -4.27431  1.67965  -3.55815  -0.588571  -12.9753  2.72376  -0.775177  0.971121  4.05796  -19.8301  -1.75087  1.73071  -2.12695  3.7845  36.9549  10.1091  13.8682  19.6032  2.57141  18.5737  -0.110706  2.65888  -3.85823  -10.7496  -4.5759  2.83754  -7.33143  -4.71221  9.84336  -7.03274  -4.04621  11.586  -1.86929  -600.353  4.85084  5.60457  -1.62362  6.3689  1.46249  
-0.841452  2.06022  -0.585734  -4.18545  1.36974  -2.69237  -0.712262  -13.8921  -3.74437  -2.62365  2.71108  -2.39336  -50.2582  -0.636269  -2.80018  2.61237  0.290156  35.8601  -2.14872  17.1592  19.7691  -6.72048  8.15442  -0.748292  -5.43818  -6.95431  -10.8212  -13.8585  -3.587  -9.16573  -10.123  16.1305  -31.5535  -5.16986  7.43019  -4.86613  76.8257  16.5913  1.06081  -1.26202  5.15521  -2.8059  
-1.16145  -2.92176  -4.95038  -5.7831  2.26327  -0.431063  0.155281  -4.31389  -7.54526  -1.59895  5.08861  -7.62504  -54.4131  0.807998  -5.80229  3.43598  -4.52664  26.1491  -12.5105  13.4809  9.48589  -7.33943  -19.3707  -1.034  -9.83023  -7.30229  2.07721  -15.4364  -4.47984  3.88738  -8.58183  5.78912  -22.0922  -2.06249  -1.36454  -3.58847  725.639  12.8046  -2.99095  -0.681383  0.275295  -7.52087  
-1.07922  -9.91402  4.74119  -4.87744  3.786  0.442447  1.73496  2.1363  -7.57416  0.188975  5.14165  -9.09999  -12.2352  1.22423  -6.07597  -4.67855  -6.11273  16.6623  -10.9668  7.60587  -5.8456  -2.45992  -37.5999  -1.15539  -6.93625  -0.817595  18.3113  -10.8477  -1.43281  6.658  1.9479  -11.2957  11.4545  3.19121  -9.23427  0.0587544  497.58  -0.574584  -4.24299  -0.18252  -3.71148  -15.835  
-0.866659  -13.5539  27.6837  -1.01935  3.66125  -0.800371  2.36099  -0.621211  -4.39536  0.461693  3.0626  -4.92205  57.4198  0.311162  -4.14346  -13.3581  -3.1731  0.0243078  -4.08599  4.95891  -17.4001  -1.1884  -29.2681  -1.22023  -0.371072  9.39241  22.3088  -5.76883  -0.813636  -13.5612  14.2929  -15.5598  18.0166  5.57278  -8.80219  1.55668  -68.1976  -7.83828  -4.86372  -0.368025  -3.59364  -21.1618  
-0.74381  -13.3457  33.3969  2.78597  0.625356  -2.33875  0.894956  -6.7362  0.0942135  -0.411651  1.8649  3.59384  107.06  -0.592841  -2.90648  -12.216  1.20529  -24.7483  -2.5314  4.30895  -19.3544  -5.72142  -7.49089  -1.12454  4.65915  14.5134  7.68588  -5.81904  -7.37545  -29.9012  18.4784  -5.68011  -16.8808  1.87287  1.06258  -1.55571  -22.3375  -0.309052  -7.50768  -1.39178  -1.16926  -18.2584  
-0.655994  -10.2778  10.0481  3.12455  -2.86684  -1.75731  -0.967423  -8.20742  4.2359  -0.35061  2.44738  12.2112  101.932  -0.0190706  -3.21065  -2.50119  2.96314  -41.2  -6.68564  -0.271512  -14.0182  -8.71257  4.24659  -0.795638  5.77842  9.28691  -13.0058  -11.5673  -18.4999  -13.0168  11.7139  1.30663  -46.5302  -3.84303  9.49358  -7.17838  506.313  12.6314  -10.2245  -2.34925  -0.544267  -14.3671  
-0.451359  -0.65153  -18.3324  0.99828  -2.76987  0.637536  -0.596094  -4.6018  6.86519  1.24713  3.15477  17.0576  45.9131  1.89612  -3.76407  4.89247  1.32089  -30.4813  -7.66215  -10.8575  -4.73643  -4.17127  1.34603  -0.410547  4.76789  -1.34849  -21.1275  -17.1443  -26.2799  20.7243  0.735908  -4.76915  -22.9156  -4.94123  4.22748  -8.12736  680.701  16.6035  -8.14606  -2.13973  -2.40666  -13.9752  
-0.236995  14.5002  -22.4736  -0.916783  1.4201  2.30568  1.69646  -0.689477  8.03491  2.36286  2.38212  17.3959  -27.7429  3.00584  -0.82417  5.0378  -1.13117  -6.38995  -1.5723  -22.104  4.17397  4.22325  -4.71331  -0.290349  3.89164  -8.06555  -11.4865  -14.0432  -26.5209  27.1269  -5.54581  -12.0366  34.9524  -0.338215  -9.96695  -1.41932  128.79  10.3891  -0.780669  -0.867847  -2.88786  -12.9588  
-0.310021  21.3105  -10.2727  -2.94719  5.62045  1.68826  2.43433  0.586204  7.43177  0.618477  -0.192671  14.5447  -82.7938  1.57662  2.98499  3.13332  -1.82472  -1.52704  5.70199  -25.6856  10.292  8.53372  -6.48159  -0.507727  3.29314  -7.96256  1.65245  -0.210941  -17.3652  0.750384  -4.65925  -5.78682  64.9168  3.54827  -13.5453  6.27155  -805.788  5.98991  6.25499  0.115537  -0.139678  -3.69295  
-0.736117  6.43869  -11.8735  -5.15537  4.61558  -0.37517  -0.2609  0.782578  3.34466  -2.87892  -3.17837  9.67089  -102.112  -1.77905  3.40106  5.61547  -0.87858  -25.8958  8.66932  -17.3919  11.9928  7.10489  -8.78445  -0.806615  1.23005  -6.69034  2.5412  15.5935  -2.52226  -19.3324  -1.44433  7.09022  32.8558  1.0802  0.460909  5.47612  -1420.11  12.2189  7.08228  -0.0304562  2.62097  10.6681  
-1.11303  -20.5633  -29.2204  -5.16324  -1.09155  -1.90445  -3.56872  1.14077  -4.25882  -4.67609  -5.27258  3.96261  -82.8626  -4.51876  0.929497  8.50796  -0.0546128  -44.8387  8.58617  -3.02933  9.42819  4.6384  -13.3225  -0.861144  -3.71267  -8.74406  -8.90874  21.8429  13.461  -5.80532  -1.27921  9.94462  -29.3842  -4.85577  14.6151  -4.13026  -1238.22  22.7672  2.41283  -0.693001  1.78514  15.1589  
-0.988768  -32.4288  -32.7274  -1.85662  -5.76389  -2.24539  -3.34065  0.487216  -11.4818  -2.92918  -5.31257  -0.56413  -35.5286  -4.69234  -0.761017  5.44796  -0.346389  -22.9907  7.62095  6.26709  2.53973  4.3706  -13.9758  -0.605657  -8.46589  -11.1232  -16.3838  16.4107  22.6162  16.0628  -3.52532  -0.383064  -58.3298  -6.34934  8.47631  -11.4951  -341.753  25.0052  -1.79291  -0.970054  -1.37277  2.75143  
-0.410642  -17.5244  -6.79373  2.26874  -5.89  -1.60215  0.266518  -2.15902  -12.4567  0.107087  -2.93087  -2.30065  11.5878  -2.78335  -0.37948  -0.887952  -1.1239  26.6781  2.75646  4.16582  -12.261  3.06663  -6.94724  -0.223444  -8.01293  -8.9801  -7.63875  7.60628  21.9552  12.4114  -3.48767  -6.3328  -32.8267  -0.783502  -9.84494  -8.50007  740.542  13.6744  -1.67662  -1.04992  -1.83564  -12.82  
0.119739  2.48797  23.1847  2.79219  -4.22694  -0.380465  2.8597  -4.50001  -6.6397  1.02887  0.501341  -2.39852  26.7924  -0.948857  -2.63409  -3.57719  -1.23107  51.2324  -7.47801  -3.60808  -30.803  -2.70297  -0.406737  0.09861  -1.25507  -4.31729  11.7443  3.25094  15.7686  -10.4293  0.508527  3.11978  11.7239  5.47259  -13.8757  -1.18724  1278.6  -3.41804  0.752961  -1.54325  1.93612  -14.4375  
0.240458  1.13352  26.3387  -0.0582434  -4.57827  0.947532  1.6568  -3.45545  0.267357  -0.31139  2.90258  -3.35426  -5.30044  -0.584872  -9.61324  -0.715057  -0.487552  23.8955  -15.2768  -7.71009  -42.6619  -9.90913  -1.79416  0.307133  6.17692  -4.09444  24.7392  3.38895  11.849  -19.777  3.33797  17.1933  26.2273  5.68865  4.53503  -1.78516  1040.4  -13.3752  1.43987  -2.11428  5.91611  1.23746  
0.0647333  -16.457  10.4064  -2.2797  -6.50025  1.12672  -1.01057  0.871815  2.27365  -1.08846  2.92477  -4.9679  -42.567  -0.917583  -14.5168  0.847926  0.164884  -19.792  -11.0469  -4.52018  -35.7968  -11.2294  -7.27599  0.38137  7.00871  -9.23142  20.7733  3.63171  12.5128  -8.14584  -0.409501  15.8408  1.1879  1.29535  22.1618  -10.1255  497.587  -10.3939  -0.112898  -1.96721  5.20336  16.1094  
-0.0973656  -21.3753  9.66385  -2.06522  -5.32943  -0.891244  -1.44219  4.244  -0.570095  0.146023  1.06699  -3.6392  -20.8682  -0.28764  -11.7068  -3.42626  -0.0577516  -26.0005  2.56471  0.797249  -11.5831  -3.79162  -7.59095  0.27389  1.71291  -11.6508  2.92591  3.38797  11.7149  2.11339  -9.2309  -2.79473  -27.9692  -1.11665  16.7581  -13.8649  249.571  -0.40078  -1.16669  -1.4542  0.309797  13.617  
-0.140358  -3.00196  30.9013  -0.775158  0.444878  -3.63721  0.323752  3.01831  -3.46027  1.70043  -0.929253  1.75554  74.1035  1.88454  -3.57554  -8.25599  -0.618954  9.52635  11.5423  2.5259  14.4994  6.4688  -3.35955  -0.000551712  -2.25076  -4.55441  -14.1987  5.66369  3.65636  -0.513214  -14.3085  -19.3515  -24.799  1.2545  -2.57968  -4.86874  112.968  6.11973  -0.522901  -1.81663  -3.62661  -1.11275  
-0.128517  15.5306  43.1873  -0.299515  5.31391  -3.26535  1.10914  -2.46407  -3.14941  1.52927  -1.87076  7.14867  170.625  4.19883  1.09294  -6.79831  -0.242803  37.9825  6.62945  0.960481  26.0356  9.89174  -2.53079  -0.243075  -0.00594581  7.69174  -17.1091  10.0784  -11.7707  -5.77174  -8.88623  -17.3003  9.80384  4.63063  -10.9409  8.33263  -347.739  4.73478  -0.753664  -2.92912  -3.21018  -10.1541  
-0.065036  12.6578  20.8446  -0.0839079  3.9623  1.6598  -0.165046  -7.12776  -0.77343  0.149916  -1.56799  7.70248  170.136  4.84928  1.21887  -0.0443412  1.08713  22.2044  -5.69247  -1.06638  20.8293  3.8437  -6.91154  -0.246282  4.17994  14.0816  -1.72873  11.0629  -23.0959  -4.61494  3.0367  -1.47237  41.5551  4.5145  -3.53024  11.4926  -846.966  -0.780471  -3.48959  -2.89192  -0.0335806  -5.84086  
0.0347595  -4.66607  -20.872  0.310411  -2.66825  6.94491  -0.909399  -6.46563  2.09347  -0.449357  -0.160559  4.08201  54.5778  3.30751  0.815042  4.48024  1.56479  -20.7165  -12.1507  -1.79089  11.7125  -5.09376  -8.4017  -0.112989  3.03344  10.3621  18.6005  4.67768  -22.317  -2.78091  9.46862  9.02605  44.3315  1.81421  1.16565  2.74747  -811.609  -2.30487  -6.07432  -0.781508  1.78177  3.54445  
0.0345313  -13.2775  -45.9035  -0.527675  -7.46764  6.55437  0.991537  -0.383206  6.27935  0.125793  1.1903  1.43664  -87.3257  0.825533  1.49263  3.6607  -0.104318  -43.942  -6.81807  -1.25147  11.6713  -7.76382  -1.76571  -0.142846  -3.75008  2.74014  21.2601  -5.8747  -9.82777  -5.34705  3.85556  2.22929  23.2479  -0.287343  -7.66114  -6.04728  -427.324  3.96402  -4.7055  1.51971  0.359441  7.99584  
-0.232669  -6.53753  -39.3377  -1.96678  -5.55981  0.122156  3.45008  5.61828  11.6665  0.444033  1.4907  2.53925  -144.115  -0.952929  1.56772  0.677748  -2.37907  -25.7865  3.752  1.64934  21.459  -3.11071  7.31093  -0.463092  -8.95569  -1.29464  -0.970225  -14.5742  2.97415  -2.07624  -6.01088  -14.693  -0.911358  -0.532632  -17.1849  -5.18705  -317.62  15.978  0.166432  1.39373  -2.83822  10.8726  
-0.642845  0.238848  -14.9722  -2.33461  0.18589  -5.39086  2.82418  7.49754  13.6738  -0.173044  0.526319  4.54103  -85.7106  -1.2279  4.61147  0.265617  -2.31822  13.6754  10.1009  7.1732  26.2302  1.36588  8.66457  -0.812996  -6.9385  -0.906674  -26.6387  -18.5322  2.30627  13.1387  -6.00793  -24.112  -14.616  -0.211868  -11.4512  2.0838  -714.37  24.9109  3.80256  -0.864609  -5.18346  12.4917  
-0.885055  -3.0856  7.46841  0.216409  3.96796  -3.59296  -0.916164  5.84209  7.63816  -1.04809  0.626982  3.88146  24.3345  -0.125556  13.2218  2.68753  0.817685  42.1161  9.48003  12.1998  14.6397  -1.48263  2.73368  -0.919676  0.0338962  -0.188311  -23.5413  -17.9611  -7.23475  22.3438  6.59142  -16.1415  -20.6976  0.0106478  3.40452  7.00418  -755.552  21.3665  3.52949  -2.43055  -5.74833  8.54511  
-0.785811  -7.04661  18.7593  2.97591  3.18112  3.42189  -3.86664  4.80321  -3.82633  -1.5405  3.20959  1.49957  91.9301  1.22641  19.9787  5.90799  4.32584  40.6957  6.22976  11.6718  -4.91695  -8.89164  -1.23647  -0.785866  5.73398  -0.906038  11.6333  -13.0976  -11.4796  9.10354  18.5595  1.91021  -21.4665  0.903095  9.79484  6.18252  -9.3911  4.43964  0.318471  -1.70373  -4.20642  -3.39074  
-0.496375  -0.564761  11.0578  3.47465  2.66496  7.79013  -3.0732  5.16168  -11.5095  -1.98878  6.33034  0.807761  78.8529  0.998032  12.0124  8.14484  5.06857  13.2049  4.78309  4.68824  -13.3939  -10.4608  0.783937  -0.610439  6.7251  -1.64836  43.3535  -4.80498  -4.10192  -13.7709  16.5547  14.9032  -12.3876  2.64192  4.2715  2.51717  904.202  -13.6028  -2.07902  -0.16839  -0.572483  -11.7611  
-0.236023  11.5732  -16.7963  1.45536  5.67973  5.51184  0.0968696  4.52688  -8.35561  -2.34326  6.5301  2.57512  19.8549  -2.20116  -9.37002  7.89681  2.58325  -21.8628  3.46627  -3.52694  -6.45614  -1.20422  2.23002  -0.432647  4.42798  -1.80206  38.2552  3.3904  4.27141  -16.7671  4.17957  15.9354  8.8132  3.8743  -0.245711  -0.086051  987.899  -17.4809  -1.83505  0.00721203  4.50927  -4.76162  
-0.0813739  14.2674  -45.5354  0.017194  10.1721  1.21706  2.23753  0.869358  2.39834  -1.92953  3.86746  3.81808  -28.4683  -7.1172  -25.6963  3.68681  -1.08981  -40.0162  -1.19062  -6.95153  -2.89905  10.4242  -3.60233  -0.179439  1.61326  -2.6191  7.94858  7.6067  0.183086  3.55711  -3.23224  13.4733  25.0622  3.26885  3.81141  1.62053  312.003  -3.50971  0.496902  -1.07948  8.04944  11.2804  
0.0016521  5.79007  -44.2317  -0.279319  10.7469  0.563003  2.2042  -3.37947  10.4243  -0.427211  3.18097  2.46267  -39.7349  -10.0659  -21.4281  -2.98164  -3.60988  -29.6459  -7.47532  -6.08568  -19.5199  11.2369  -11.1897  0.0790865  -0.848322  -4.06448  -8.54349  7.72614  -13.6645  17.6838  -0.203669  16.1305  16.6607  1.13595  8.11528  8.29169  -191.175  16.2587  3.05322  -1.64009  6.9991  17.6623  
0.0070104  0.119715  -7.40391  -1.75744  5.1043  2.40308  1.69036  -4.44816  7.93145  0.759813  7.32171  0.0733684  -38.4698  -8.10075  -3.80477  -7.7095  -3.98867  -3.0438  -7.39048  -5.41921  -43.551  -1.15257  -13.3137  0.108439  -3.27595  -3.81867  2.07115  7.94156  -17.8399  6.50852  2.65188  21.6546  -6.68725  -0.808165  2.57588  17.1083  90.6904  27.4614  3.95606  -0.792028  2.01925  6.77516  
-0.130248  6.01257  29.4397  -5.24586  -2.56145  1.11218  2.05948  -1.40328  -2.45555  0.48026  11.7836  -0.404772  -37.9128  -2.62108  6.1255  -7.64993  -2.61637  15.7794  0.2071  -8.9066  -44.7105  -14.0934  -10.0283  -0.2064  -5.12916  -1.15002  14.1083  9.40916  -3.83752  -10.001  -4.21222  19.7127  -12.1708  -1.39456  -6.77088  21.2857  815.101  24.4328  2.95207  0.51743  -2.02766  -8.35012  
-0.443983  15.3828  32.4831  -7.91863  -6.61037  -4.48971  2.29247  2.63198  -10.985  -0.358891  7.61772  1.37924  -32.0993  1.98352  1.76411  -4.82261  -0.505219  19.0341  4.77462  -14.1301  -14.7914  -14.1889  -7.38058  -0.703705  -3.90614  0.725198  7.7126  8.68025  13.911  -2.96823  -14.4563  7.6791  17.6176  -1.20717  -6.81531  16.4899  1314.28  10.2946  2.30952  0.953327  -1.79669  -11.6629  
-0.837691  16.197  15.6612  -5.09749  -5.75952  -8.70268  0.831005  5.25902  -9.70942  0.00982687  -6.03483  2.85904  -10.205  3.01837  -4.52672  -3.29602  1.25972  17.0213  -5.82112  -14.9507  18.7658  -2.26418  -5.47038  -1.10253  1.59147  -0.664796  -2.58123  3.45416  12.6935  20.0452  -14.5433  -5.69636  51.7506  -1.06519  2.77232  6.34431  1250.8  -11.0934  3.79638  0.309502  0.536273  -8.16804  
-1.12167  6.14776  18.0066  2.62466  -2.67762  -6.88565  -1.63149  5.08564  0.115252  1.54006  -18.2804  2.31714  6.59611  1.78979  -1.65644  -2.68549  1.74295  16.3973  -23.5639  -8.04169  23.9895  8.80424  -1.50741  -1.25046  8.98984  -2.65703  2.58934  -2.92047  -5.50495  22.9925  -3.75843  -11.0223  47.9625  -1.7656  7.45914  -0.940844  740.548  -31.6384  5.22792  -0.62533  0.126133  -11.2418  
-1.0922  -9.7943  43.3492  9.66594  0.485147  -2.02779  -2.40985  2.49788  8.80105  2.18083  -17.7719  0.776077  -8.05911  1.01664  4.64668  -0.207325  0.214963  11.7045  -25.403  2.03834  2.35087  9.80146  2.84912  -1.12475  13.1428  0.0310069  9.5782  -6.58376  -20.2886  -6.367  4.84808  -8.22355  7.44264  -2.59833  -1.09906  -2.06257  -20.1838  -36.8107  2.27117  -1.07107  -3.11721  -22.9255  
-0.706089  -25.2642  49.7703  10.5792  3.30484  0.115288  -0.185669  -1.39234  8.02739  0.758557  -6.14906  0.751561  -29.7191  1.41677  4.87207  4.35905  -3.11571  -3.22885  -3.00547  6.26026  -14.3654  4.38481  0.826477  -0.756566  10.8992  7.36875  -10.499  -7.98616  -18.7404  -35.9374  2.72145  -5.34864  -29.6243  -3.14085  -13.1105  -0.898063  -862.152  -19.2343  -5.389  -0.879826  -4.88067  -26.7148  
-0.198041  -34.1801  10.5455  5.34217  4.59909  -1.17553  2.8782  -3.7025  -0.477297  -1.50874  3.36991  2.57731  0.217904  1.72383  -4.18667  6.31595  -6.2108  -17.1659  22.6945  1.70577  -3.59084  1.4162  -8.71106  -0.277886  4.23417  12.494  -48.0208  -10.4498  -7.80769  -28.4514  -3.63453  -7.58211  -29.8648  -3.41227  -12.9564  -1.13035  -1579.12  8.29653  -12.3198  -0.440342  -2.56057  -11.2594  
0.118496  -28.9697  -40.8382  0.066916  3.14794  -1.64094  3.30913  -3.37328  -6.90996  -2.5015  2.45321  4.14094  91.3897  1.28662  -14.163  3.12313  -6.16006  -14.3063  24.9094  -3.54148  22.9235  3.04945  -15.4314  0.10751  -1.87605  9.79518  -59.0943  -12.411  -2.50971  8.56682  -2.91566  -13.197  -2.61764  -3.75133  0.862993  -1.08501  -1713.47  20.0002  -13.119  -0.136892  0.668295  14.0775  
0.108292  -10.4904  -51.3185  -0.442526  -0.346571  0.936694  0.381876  -1.86229  -4.3789  -1.93576  -4.00496  3.22037  161.959  0.847112  -16.3084  -1.28763  -2.2662  1.91399  4.22305  -0.982316  35.1768  4.16365  -12.2648  0.217727  -4.79541  1.75339  -24.9268  -9.2997  -3.01889  31.8333  5.28068  -16.2599  26.1257  -3.31562  14.3127  1.66228  -942.125  5.44027  -7.77287  0.0531003  0.679674  29.4723  
-0.0808405  7.05249  -13.0262  1.52326  -2.62772  3.67447  -2.90403  -0.760774  3.34621  -1.15399  -5.84726  0.465001  123.688  0.966265  -7.83608  -1.48208  2.4245  12.609  -14.6408  6.96023  18.7155  0.580609  -4.11934  0.0651394  -5.08056  -4.26253  20.8346  -0.58559  -2.04296  16.5493  11.3175  -12.0265  49.2881  -0.880814  15.7012  4.80244  361.262  -17.8125  -0.895212  0.24899  -1.94018  29.2878  
-0.223948  11.8223  27.7323  -0.21947  -1.73542  3.67305  -3.20086  0.423918  7.56167  -1.06663  -0.380462  -1.25842  -3.86987  1.13997  7.04556  2.01624  3.81185  5.41607  -15.3279  10.2444  -12.5889  -6.02796  -3.16822  -0.157343  -4.45763  -5.30767  33.9455  8.38463  2.05079  -14.3803  7.82923  -2.5295  65.409  2.92202  8.76673  4.63459  1347.4  -22.1275  3.82848  0.1813  -3.04778  23.977  
-0.264153  8.1019  31.1175  -5.83365  0.671794  1.70689  -0.740567  3.06616  4.23201  -1.24502  5.79373  -0.305685  -110.45  0.749489  17.9394  3.06399  1.39689  -8.66979  -7.17751  6.65664  -34.0545  -10.2055  -11.7829  -0.271236  -4.0216  -5.04223  15.6187  12.812  3.99469  -20.1507  -1.94252  3.22381  58.788  5.10097  5.38299  1.63219  1174.64  -0.37224  5.03912  -0.516082  -1.14469  25.0399  
-0.313801  11.0706  2.50606  -9.25781  0.611115  -0.0229646  1.14808  4.99109  -2.34674  -1.16213  6.70976  1.95019  -110.231  0.0955655  15.2472  0.168459  -1.20921  -9.38549  -7.42695  4.06274  -33.7117  -8.81789  -21.1961  -0.276444  -4.72442  -6.85705  -0.737933  13.8572  1.60379  7.0993  -9.11829  -2.13306  17.3132  4.00278  9.7021  0.220081  52.8435  28.1421  2.23365  -1.58093  1.08036  26.8231  
-0.427638  24.4498  -23.3005  -6.2325  -3.39717  -0.934175  0.0727527  3.57838  -5.48504  -0.930143  2.78284  3.03134  -30.3875  -0.307452  0.614979  -1.77399  -0.932619  8.83641  -15.9011  6.81742  -18.4767  -2.63848  -21.6713  -0.252832  -7.45304  -9.19017  2.82333  13.729  -0.285729  35.2677  -8.11038  -12.4629  -36.857  1.76436  12.3964  1.69117  -823.391  39.037  -3.23472  -2.17298  1.85282  18.4453  
-0.512826  34.3048  -23.5164  -1.71359  -8.19059  -1.56533  -2.49133  0.815843  -4.2997  -0.62272  -1.26848  2.82675  41.9824  -0.763412  -13.0721  0.96179  0.964151  27.3776  -18.328  8.55514  -2.9812  3.42101  -10.7249  -0.228347  -10.0884  -9.20236  14.9375  10.313  -1.56243  34.7566  -0.90085  -13.319  -62.4865  1.50361  4.58169  1.79539  -725.891  25.0723  -7.12999  -1.94049  2.90568  1.33107  
-0.44268  28.905  -6.70966  -3.20179  -9.68913  -1.1889  -3.19353  0.374601  -2.32188  0.18988  -2.72908  3.29902  53.7264  -1.64603  -13.2343  4.04719  0.918562  24.7377  -6.87495  1.46859  4.88635  4.33678  4.87932  -0.130185  -8.54943  -8.51229  21.8397  2.164  -10.4448  12.0496  5.81727  -1.18645  -48.5265  3.08058  -9.38844  -2.62456  -66.9765  -0.531125  -5.35222  -1.58136  5.56546  -12.9715  
-0.266601  14.8114  1.29156  -8.65791  -6.66517  1.0805  -0.998799  2.81997  -3.50496  1.51726  -1.94824  4.75445  24.3349  -2.22383  -2.56652  0.776232  -1.97181  -0.49704  9.91199  -8.41767  5.33501  -0.289326  15.6729  0.0320719  -1.71647  -10.6958  22.7205  -5.71252  -23.7817  -3.60311  7.39243  8.77479  -28.5878  3.1345  -17.0005  -9.11589  151.98  -17.6516  0.343427  -1.79526  7.23726  -17.4608  
-0.156813  6.38467  -10.9999  -8.64795  -0.77371  3.59665  1.76544  3.28441  -6.51495  1.88557  -0.720746  5.219  -6.94062  -1.34103  5.95276  -7.79837  -4.60876  -25.189  19.9626  -8.99619  3.11699  -4.63899  14.7946  0.118341  6.37844  -14.573  16.9586  -5.26549  -25.4137  -2.76265  4.62225  2.81218  -32.2748  -0.305239  -11.5808  -11.9348  -212.945  -15.1843  3.67999  -2.25834  4.14795  -18.9795  
-0.171146  6.24533  -25.8599  1.42098  4.11179  3.21476  2.47275  -0.531642  -6.15499  0.459494  -0.263956  4.82656  -20.8179  0.643338  7.24963  -11.5603  -3.81405  -26.5978  18.8823  1.30782  1.89132  -3.93748  5.17629  0.0263058  10.2627  -13.562  -0.860963  4.46219  -7.47132  -2.97307  0.693268  -10.3958  -41.7052  -4.64888  -1.13266  -8.83269  -467.154  1.34821  1.6592  -2.20218  -2.40867  -22.9438  
-0.168781  3.17485  -17.1487  11.3429  5.18859  -0.697935  1.28483  -4.9765  -0.990678  -1.55566  -0.161652  6.89277  -24.0783  1.89397  4.93336  -5.08581  -0.0758922  -5.79761  11.0359  8.40715  0.889224  -0.113677  -1.39065  -0.144446  9.25535  -4.2028  -25.9413  13.6497  13.5615  -17.8792  -3.99102  -10.7361  -16.9645  -4.93434  2.97892  -1.72597  -241.064  16.7699  -1.24409  -1.66037  -6.99284  -24.569  
0.018573  -9.98039  12.7004  10.3569  3.92363  -4.6112  0.475752  -4.63156  4.228  -1.8563  0.475471  11.4888  -24.8683  1.40142  4.51458  5.11754  3.21425  16.1847  2.84766  -0.10269  -2.11273  0.328051  2.89591  -0.16666  7.74746  8.33968  -38.7314  12.4233  12.0103  -31.8881  -10.162  3.91133  42.4011  -0.262891  -0.0451455  4.72913  136.152  18.7514  0.69753  -1.40892  -6.38428  -22.0813  
0.325433  -24.7269  33.062  -1.24616  3.636  -4.69554  1.43595  0.706992  3.98166  -0.327491  2.08824  10.4049  -27.5003  0.126202  1.75071  8.15221  3.81825  21.0783  -2.16065  -20.3853  -8.76575  -3.85997  11.4613  0.0193098  8.71004  14.8526  -29.4695  2.71261  -8.76848  -25.0573  -15.0444  12.7703  87.655  4.90579  -1.63575  6.96543  152.028  7.86299  5.97858  -1.84328  -2.95591  -20.3204  
0.492158  -23.3848  24.911  -11.0964  4.67992  -0.900788  3.01329  5.83752  0.462907  0.774643  2.45316  -3.28624  -33.7455  -0.464463  -6.25134  3.50009  2.65505  5.85814  -3.68523  -35.2685  -14.1223  -6.18555  9.63656  0.218562  9.44452  12.0956  -10.2341  -4.72479  -22.4442  -4.7181  -12.2392  2.15246  74.295  4.95906  3.69189  3.89202  -118.365  -2.62523  8.00116  -2.49354  -0.758904  -20.413  
0.353824  -0.716409  7.70474  -11.4983  4.25502  3.34058  3.11438  7.2931  -0.566218  -0.0388078  -0.893977  -19.799  -40.1249  -0.305787  -14.007  0.282308  2.0256  -16.1008  -4.48052  -32.468  -13.5187  -1.29176  -6.25058  0.203428  4.98349  5.55548  3.49141  -5.26297  -10.258  2.08658  -0.0834847  -14.1687  17.7857  -0.452776  10.6417  -2.69561  -129.305  -0.817587  3.43337  -2.73629  -0.0322386  -12.3649  
-0.0113152  24.6409  7.61864  -5.37649  -0.192146  4.889  1.13356  5.17187  2.51262  -1.12329  -6.84002  -16.0321  -27.7991  -0.43733  -10.9161  4.23845  2.5653  -29.294  -5.20849  -14.3103  -8.28843  7.15422  -25.2162  -0.0834493  -4.37427  2.67774  13.0699  -5.28945  14.6047  -11.4364  13.6284  -14.5921  -22.4641  -6.45585  11.0743  -7.95185  248.101  10.3442  -3.40393  -2.25073  1.78936  9.62449  
-0.402822  30.357  18.7806  -0.467051  -6.38449  3.44573  -1.59447  1.18134  4.1185  -0.365036  -10.1073  14.7766  10.8723  -1.11261  1.10056  10.1356  2.67411  -23.4459  -4.93728  3.57733  -6.87237  9.37603  -30.9151  -0.494864  -12.2485  4.75443  24.5279  -13.9667  26.6158  -18.9849  18.7169  0.856932  -10.3955  -7.2215  3.84746  -8.49805  485.485  16.8954  -6.571  -0.970207  5.20987  32.9492  
-0.680629  13.3624  17.588  0.899373  -9.77993  1.1958  -3.3668  -2.45041  0.825827  1.45802  -7.61109  44.1167  49.296  -1.4471  7.46977  9.59082  0.689188  -2.76481  -4.04328  8.51543  -12.3184  0.967026  -21.0278  -0.775656  -12.4412  6.66025  25.5954  -28.921  19.8038  -0.367813  11.8314  12.5318  27.803  -2.98808  -4.78046  -5.7721  145.435  8.99322  -4.43495  0.726094  6.34172  40.1264  
-0.851557  -5.79315  2.01387  2.0127  -8.12913  0.0419158  -3.79629  -4.47197  -3.70012  1.53364  -1.32617  33.3945  56.7889  -1.09665  0.229266  2.05804  -2.93062  17.1628  -6.66223  1.78165  -14.1661  -11.4668  -6.48891  -0.779559  -4.99927  3.74729  -2.3166  -37.7334  6.93361  29.3907  -1.2621  9.09576  41.6655  0.976221  -10.2678  -3.85282  -833.333  -8.13526  0.010805  1.89703  2.18538  32.484  
-0.943969  -9.14137  -9.09522  6.02866  -3.16093  0.0101786  -3.80116  -4.60647  -4.19446  -0.743987  3.72002  -16.796  35.03  -0.682994  -11.0839  -5.64249  -6.01653  29.2911  -13.8607  -4.26224  1.39759  -17.4611  1.40315  -0.552603  3.06497  -2.27469  -49.1286  -30.9514  4.59401  37.4084  -11.3769  0.716759  17.762  0.428384  -13.7715  -6.4591  -1662.88  -16.217  3.36042  1.74258  -4.64894  27.2764  
-0.945527  1.00087  -11.9025  9.57304  2.78645  -0.0376359  -4.26227  -5.388  -3.23502  -2.41415  4.61402  -59.5909  29.7843  -0.681697  -11.7252  -8.48913  -6.74417  40.1106  -17.7202  -0.841118  34.0251  -11.8769  -0.5666  -0.314586  5.09581  -5.32363  -78.0439  -12.786  13.2404  15.7331  -12.7272  1.10797  -10.5098  -3.14217  -18.755  -13.3766  -1563.88  -3.68793  3.68749  0.661471  -8.14654  26.2442  
-0.847985  7.52861  -23.3394  9.21385  8.32047  -0.540609  -4.92543  -8.63632  -5.55576  -1.03643  3.09771  -54.1534  71.3812  -0.698731  2.08301  -7.89933  -5.13573  56.7791  -10.4897  8.3295  65.0247  0.566898  -7.86681  -0.272988  0.378092  -2.35621  -63.8804  4.213  25.3133  -12.7261  -5.69657  9.33936  -7.21589  -5.31858  -24.4914  -20.5033  -483.716  22.6312  1.34964  -0.130315  -5.33916  17.5247  
-0.650556  3.91541  -40.7205  5.65251  11.1879  -1.0481  -4.58377  -11.3928  -9.88955  1.70995  1.24721  -15.2762  116.841  -0.362296  15.7611  -6.57832  -2.52631  65.3573  2.36206  13.2229  69.6671  9.49612  -13.0236  -0.367225  -5.00091  2.77356  -24.7616  11.3911  28.1697  -23.6684  2.85409  13.8691  16.8468  -4.18448  -24.7011  -20.9829  669.948  39.0377  -1.28231  -0.165474  0.209729  -0.581285  
-0.363742  -1.30255  -36.9623  2.23914  8.20189  -0.807742  -2.28693  -7.94953  -9.12097  1.93185  0.085485  7.50044  92.3442  0.0741121  13.7992  -4.12706  -0.187105  40.7136  6.92789  8.3501  38.8139  7.97655  -10.9574  -0.357424  -4.67409  3.72992  1.64865  9.09682  17.8662  -13.0866  5.20715  8.55785  23.6856  -1.75591  -13.4243  -11.8799  885.356  27.4824  -1.65322  -0.138855  2.58195  -10.1683  
-0.025657  -2.12997  -0.988374  1.06611  0.0194104  0.0958654  1.55012  2.38172  -0.816633  -1.2749  -0.880258  -3.89142  -17.184  0.285517  -3.42993  0.155084  1.59613  -17.6863  -0.526692  -4.10948  -16.963  -2.32431  -2.96386  -0.16247  1.70897  -0.767484  3.4923  2.30606  -3.35782  7.8621  0.852596  -4.59646  0.884862  0.0764593  7.07747  4.61713  16.1375  -8.1829  0.696386  -0.576115  0.675604  -2.0201  
