-0.383255  1.6802  5.88743  -6.52352  -0.39948  -1.06435  -0.0871774  -2.68888  0.853382  -10.0602  34.2273  0.960785  -0.979477  -2.7211  2.1658  -2.09593  0.142811  2.05745  5.36138  2.20917  -19.5842  -13.3895  -0.984807  -0.0597823  5.50695  0.833983  -4.70475  -1.58452  -3.63655  6.28481  -1.14188  -2.27392  -0.636197  -142.465  1.81879  0.588454  -9.40001  -4.48054  -1.67867  -1.12922  -1.49304  -0.689754  
0.661676  -6.35849  -25.9648  -5.21671  -0.80699  -1.59613  1.19686  2.4922  -6.77056  -13.4459  -16.0147  -4.6819  -3.99803  4.98956  -7.38592  7.44125  -0.258628  2.71511  -37.5113  -6.47172  38.4639  -19.8885  0.675747  -0.439641  6.07144  13.5292  12.8375  10.4778  -68.0958  22.6139  -1.88644  17.6884  -4.54346  1014.81  -11.2351  1.35923  96.2485  11.1224  5.92351  -0.351928  -11.0306  -4.83259  
0.755961  -10.1948  -29.2006  -6.91883  -1.59379  3.89017  1.77242  3.21666  -2.51447  -20.3037  -96.1444  -13.7455  -3.68529  10.0655  3.72981  11.1333  -0.46538  -6.09587  -49.4345  -3.75687  77.6072  -13.748  0.746496  -0.947148  12.9265  18.9841  19.3566  10.7318  -69.0892  -14.702  1.4515  21.0726  -5.44272  1413.36  -14.1917  2.07962  99.7252  15.1556  9.85866  -1.68103  -7.38136  -3.58197  
0.119451  -10.0644  -11.6631  -4.33263  -2.45923  10.7015  1.73123  8.31494  8.53575  -20.4488  -138.667  -21.4478  -0.00903239  9.8351  27.1761  7.91575  -0.459444  -19.51  -38.0268  6.00767  93.7205  -8.15165  -0.364076  -0.619081  19.6249  13.3584  16.5638  1.81949  -26.2599  -82.832  6.40896  10.8751  -3.26416  1167.71  -9.76675  1.40268  23.2259  9.08883  8.70399  -4.20629  6.96603  -0.508412  
-0.402242  -9.10798  -5.42957  7.9834  -2.32267  9.15478  1.45527  20.7751  11.6708  -3.00045  -52.5272  -19.9349  3.47684  4.71121  40.2887  1.45945  -0.403001  -24.1043  -30.8318  8.99106  95.22  -13.9642  -0.438939  1.08464  15.1936  -0.200148  12.9733  -3.92157  -2.29886  -99.1231  6.81947  4.54453  -0.635805  865.377  -7.88061  -1.73875  -27.0366  3.75723  4.50717  -5.23861  16.426  -3.36258  
-0.572076  -8.22454  -18.0733  21.7  -1.40831  -0.26612  0.858322  24.3266  2.81627  22.8931  121.02  -10.1935  2.90379  -0.342671  33.0306  -3.85837  -0.4566  -14.5955  -31.8777  0.483887  87.5376  -24.6083  1.32538  3.46211  7.23798  -11.7391  9.85786  -0.535489  -12.3155  -35.0128  1.65099  8.29937  0.767287  684.787  -12.4713  -5.16147  0.577224  4.79062  1.30633  -3.90892  10.0362  -8.21857  
-0.719621  -5.34791  -22.7594  22.8975  -0.834536  -7.27033  -0.166128  3.85773  -7.45616  29.7182  245.635  -1.30665  -1.37444  -0.569958  13.1941  -5.50204  -0.623873  -1.21825  -20.7247  -10.5037  74.3598  -19.0638  3.76226  4.67866  3.9032  -13.5427  4.37962  5.7535  -15.205  44.3586  -3.08988  11.9418  1.39305  425.599  -15.7669  -5.17833  53.6561  6.27023  2.42792  -1.86093  -5.11085  -6.99569  
-0.863221  -0.446559  -1.95566  14.916  -1.52657  -6.1405  -0.962496  -21.9884  -8.92873  5.92027  250.31  0.362375  -4.97229  2.25464  -10.7742  -3.47219  -0.763971  3.93232  8.62708  -14.8365  65.2373  -1.70785  4.52669  4.02516  2.84025  -7.49035  0.0892678  6.78518  11.2206  55.2171  -1.46955  4.10715  1.66959  176.724  -10.5778  -1.13804  55.2541  1.21123  6.03205  -0.894189  -13.0203  2.11986  
-0.628672  2.85847  23.8608  12.1  -2.59552  -1.98587  -0.722557  -22.3266  -2.86882  -32.351  174.242  -2.26236  -4.46081  2.37729  -39.7827  0.137882  -0.671101  3.30727  33.7983  -11.9999  60.8837  4.40408  3.8275  2.65093  -3.10854  -1.85446  2.96713  2.36662  26.6463  3.47957  4.74173  -11.4573  1.38066  264.026  0.188015  3.62287  2.88889  -6.92776  6.386  -1.03137  -6.99995  6.36138  
-0.11003  0.43297  22.7081  18.5024  -2.25055  -1.55234  0.226089  5.89648  3.16651  -50.9228  88.5393  -3.61324  -1.54444  -2.26783  -65.6057  2.3225  -0.177607  7.6696  35.1822  -7.95655  45.8614  -16.7351  3.3789  1.75161  -0.484467  -1.48034  7.96189  -2.04761  -5.60845  -29.7209  7.93883  -20.8384  -0.193215  549.329  6.74154  6.51671  -40.4203  -9.01593  1.46169  -1.38787  4.56281  -2.1819  
0.00817495  -5.00815  1.87263  19.9767  -0.241804  -2.65397  0.566462  29.2968  5.23613  -35.6241  6.45803  -2.88617  -0.0655269  -7.14555  -64.5212  1.91683  0.6977  17.3048  18.7788  -6.24584  4.18756  -45.5206  3.57955  0.715813  27.7868  -4.08089  4.19884  -3.40208  -54.9808  11.9056  3.61543  -17.9878  -2.35525  424.725  5.50078  7.99097  -32.9549  -3.27679  -3.33188  -1.57786  10.366  -15.6244  
-0.574405  -6.93487  -6.84585  8.64645  1.72843  1.26764  -0.283113  26.6185  3.69263  -0.931343  -42.3214  -2.61762  -1.31956  -7.86614  -25.5794  1.28333  1.5627  18.1024  4.02419  -7.49096  -48.8536  -58.4918  2.5542  -1.92707  65.6267  -5.15601  -6.93306  -2.63367  -53.8715  79.5716  -4.46336  -9.25872  -3.64957  -232.596  2.34218  9.96155  4.66808  0.611014  -2.35365  -1.72755  7.87244  -18.5299  
-1.25972  -2.26451  11.6979  -4.97476  1.8675  10.1862  -1.36939  10.671  0.539542  22.6606  -34.1841  -3.17999  -3.03787  -5.87911  20.8863  3.14616  1.71794  2.84773  -2.60359  -10.0556  -80.3707  -56.241  -1.057  -6.00288  74.4994  -3.97752  -9.88785  -1.02464  9.09878  82.6764  -9.04788  -2.07228  -3.58765  -706.011  3.6865  11.8005  26.215  -4.70154  1.73856  -1.75282  2.12634  -8.65585  
-1.31204  4.06438  28.4085  -9.2584  0.551092  14.7789  -1.45245  2.19661  -1.31042  18.7285  36.7184  -2.34942  -3.43619  -5.27089  34.0494  5.66524  0.824842  -12.6322  -9.62907  -11.2123  -79.9628  -63.9517  -5.23586  -8.65018  38.9216  -2.66183  2.5096  1.17864  73.9077  -2.10506  -7.18241  2.34653  -2.79498  -371.656  7.86466  10.3236  13.0382  -12.5011  2.29207  -1.45581  -2.97334  1.67042  
-0.808197  4.59992  13.6906  -9.24111  -0.699552  9.68969  -0.557354  0.381741  0.348749  0.657647  73.5666  0.485818  -3.04558  -5.72825  9.26801  4.22428  -0.476844  -7.34857  -20.3808  -10.5274  -71.4191  -86.3225  -6.50688  -7.57262  -3.30273  -2.94101  16.3808  2.58976  88.6064  -101.782  -2.79367  9.6894  -1.34391  344.629  7.95039  2.14229  -13.5094  -10.6163  -0.312052  -1.10302  -6.54028  1.31519  
-0.435773  -1.02503  -19.8066  -16.4185  -1.09778  -0.0854778  0.242099  -7.01524  3.93409  -8.22829  1.06519  2.44446  -3.28694  -3.17938  -16.2014  -2.04496  -1.03298  15.8536  -22.8646  -10.5499  -76.4104  -96.3081  -4.47594  -3.3649  -18.7323  -4.44103  14.749  1.5439  57.2976  -124.313  -1.19567  17.9472  1.16309  487.164  1.49744  -11.5339  -22.5159  1.76892  2.24167  -1.31329  -6.22174  -3.12589  
-0.598562  -5.59271  -30.7991  -22.513  -0.934836  -5.54056  0.218092  -15.834  4.22884  -2.19938  -104.465  1.22989  -4.47395  3.33934  -17.7017  -7.32193  -0.399528  31.8314  -8.47374  -12.7761  -79.6416  -59.2118  -2.33024  1.10983  -18.3624  -6.23184  -0.288242  -0.743171  15.0076  -48.13  -3.0506  18.9796  3.72142  -104.616  -5.38993  -23.4696  -6.47007  11.5531  12.1763  -2.30152  0.0657265  0.695764  
-1.06502  -3.49071  -3.1172  -12.9105  -0.520926  -4.36444  -0.341207  -16.8287  -0.786582  1.33346  -114.073  -1.29596  -5.6234  8.50874  -8.6696  -6.37571  0.463648  22.5032  15.5753  -12.9639  -52.8493  20.2896  -2.5472  3.50159  -36.1932  -7.02649  -10.4576  -0.973311  -13.4324  57.9487  -4.66903  9.2974  4.38344  -630.673  -6.82868  -26.1779  16.7469  8.51553  19.426  -3.4764  8.01993  12.3169  
-1.36011  2.23885  29.8267  9.74131  0.351568  -1.72335  -0.748731  -12.5208  -5.81342  -14.2105  27.7365  -2.07451  -5.39773  7.69303  -13.5368  -1.33874  0.202264  -1.99166  28.8997  -4.59192  3.39899  80.6683  -4.46829  3.86378  -76.3932  -5.50286  -5.72784  1.6439  -33.7505  109.685  -3.09043  -0.652793  2.61422  -452.998  -3.07676  -17.9099  25.1277  -1.61659  14.0027  -3.86445  8.60938  17.9316  
-1.19098  3.90739  32.4862  22.96  1.0589  -2.95952  -0.611045  -14.5888  -5.6799  -42.5623  204.228  -0.850017  -2.58596  2.90684  -23.5295  0.577325  -1.3521  -15.9582  19.0412  11.796  57.3057  59.1776  -5.39091  3.23853  -98.5763  -1.62422  4.58963  3.69805  -48.2718  70.862  1.12774  0.862474  0.967464  89.4314  1.51364  -4.71793  16.1412  -4.79371  -0.364327  -2.99251  -0.0566602  6.80166  
-0.564174  -0.605478  7.69237  13.5739  0.462663  -7.74801  0.045259  -17.7159  -1.71826  -67.0914  260.192  0.0181654  2.21606  0.884447  -11.953  -3.29429  -2.77291  -7.05014  -2.84114  24.9748  86.2904  -30.9443  -3.79386  2.26703  -77.0064  2.58709  7.09871  2.49829  -47.4342  -13.2831  4.66552  11.2398  1.70433  266.047  3.82686  4.49625  -1.0791  3.37128  -10.7776  -1.42714  -8.1189  -11.6026  
0.215986  -5.48053  -13.2321  -6.75262  -1.52076  -10.4569  0.881226  -7.38124  0.759932  -81.7336  179.459  -1.0589  5.64434  4.20042  24.5277  -7.30116  -2.53723  12.3254  -12.2513  26.2701  87.3393  -98.4681  -0.988668  0.623609  -29.4753  4.91196  -0.390774  -0.283713  -23.5094  -69.753  5.24216  16.1478  3.84088  8.87261  4.70483  6.60665  -15.0155  11.8243  -11.5177  -0.357051  -4.79257  -20.4547  
0.693467  -4.66001  -12.1597  -19.091  -3.21448  -6.61493  1.41103  10.4523  0.533271  -89.94  70.8789  -2.51623  5.08948  8.30076  50.0478  -5.61337  -0.731628  20.946  -2.11768  18.794  60.2489  -85.3231  0.886352  -1.6811  5.27631  4.68023  -9.447  -1.12134  11.3353  -57.6658  3.21367  7.25558  4.37019  -149.522  5.57659  4.68703  -18.3891  9.13307  -7.71035  -0.46505  6.53618  -12.8201  
0.664402  0.575912  0.915553  -19.3151  -3.53029  2.82051  1.36727  12.0619  1.48093  -85.4017  24.8715  -2.60298  1.31622  7.17311  33.7687  0.173579  1.01608  11.0911  7.89575  13.8474  6.61755  -22.2124  0.851428  -3.31741  19.3563  2.9399  -12.5147  0.468163  31.3956  2.06155  1.26016  -5.83327  1.89633  46.2009  5.58239  3.18515  -6.53504  -2.52287  -4.05098  -1.18472  11.7771  1.45473  
0.335242  3.55102  9.79353  -13.5397  -3.21082  10.6194  0.872224  -9.0284  4.49149  -63.6893  32.5984  -1.58843  -1.97767  0.853473  -8.03403  3.51443  1.47774  -4.37421  0.650973  16.1763  -49.4843  7.39162  -0.250695  -2.73464  25.6243  1.32823  -8.34905  2.06001  21.6733  54.6733  2.12574  -8.28518  -2.25182  257.019  3.36653  2.68288  12.7896  -9.76381  0.578344  -1.48311  3.31891  8.70498  
-0.0818335  0.649669  10.2983  -4.19786  -2.89176  9.60338  0.204129  -25.1288  4.69094  -35.0313  13.1667  -1.48832  -3.30686  -4.88364  -31.7734  2.18637  1.09867  -9.02133  -15.9123  19.4613  -66.5104  -11.5795  -1.46885  -0.0315354  35.2767  0.420697  -0.01274  2.29234  -0.349045  58.6881  5.34164  -0.158998  -5.59206  166.183  -1.01459  0.734186  20.6613  -5.82116  6.33055  -1.46198  -9.47811  4.92688  
-0.721577  -4.74169  7.88463  9.03116  -1.4824  0.892997  -0.555899  -11.5083  -0.481788  -24.2588  -55.2112  -2.73465  -4.02539  -5.20578  -10.536  0.302532  1.1877  -0.958457  -19.3033  15.6197  -29.5957  -24.0183  -2.52105  2.83239  35.9678  0.352402  7.35806  1.75587  -6.32154  14.9155  6.72272  4.54733  -6.96229  29.3314  -5.76204  -3.6581  3.59651  2.52186  8.25101  -2.39602  -12.5177  -6.16834  
-1.75085  -6.5945  3.99195  19.0722  1.84224  -6.37305  -1.38569  15.6622  -6.13278  -30.0997  -105.656  -3.41675  -4.46721  -1.94346  32.0408  1.51201  1.83872  7.65951  -5.57044  6.45137  24.6044  8.37059  -3.53794  3.88406  14.7766  0.932931  9.20972  0.0446273  15.2877  -48.0219  2.82628  -3.20919  -6.61284  244.02  -7.09196  -7.93172  -21.13  3.65667  3.75791  -4.80872  -3.74994  -18.2476  
-2.68279  -3.60842  3.18759  17.1269  5.00769  -5.9739  -1.91952  21.2876  -5.85392  -12.3995  -89.9379  -2.29564  -3.35887  -1.54591  51.0005  3.76781  1.66515  6.26894  9.64109  -0.360294  48.8466  43.8569  -3.88258  3.54919  -15.3153  1.49388  4.20786  -4.3464  33.7733  -88.2042  -4.47267  -13.6738  -5.13583  618.454  -2.67861  -7.58383  -23.6711  -4.33687  -0.265064  -6.82377  5.02903  -22.3144  
-2.54927  -0.0120191  12.8005  5.98767  4.35814  -1.46845  -1.67165  -2.60081  -0.402572  62.8423  -22.099  -0.17437  0.549621  -7.75074  25.9491  2.83309  -0.0155373  0.532213  16.6216  -0.671077  37.367  37.1393  -2.74808  3.37825  -21.38  1.36319  -2.41921  -9.97528  13.5321  -77.5186  -9.36726  -13.4034  -2.85325  540.017  4.93395  -1.72343  -1.9837  -12.7082  3.70948  -5.58742  4.89671  -11.6325  
-1.09181  0.139039  28.7185  -2.73385  -0.0527957  -0.117902  -0.77102  -27.0221  4.27534  161.572  23.7983  0.849426  5.11192  -16.3854  -12.5568  -0.830481  -1.80372  3.67646  20.1938  0.872054  11.4422  3.91327  -0.665248  3.86642  1.21617  0.393223  -4.98068  -11.511  -34.9869  -20.2188  -8.8747  -1.21813  -0.510846  -116.266  9.62471  5.62756  16.6173  -13.2065  10.897  -0.785705  -0.0180427  9.16325  
0.676268  -2.36031  31.2918  -0.842975  -4.42049  -1.0094  0.0509256  -25.8498  5.2124  197.692  -3.64136  0.442844  6.95864  -19.1417  -21.9793  -2.8847  -1.80211  16.2711  20.871  -1.92284  -16.1856  -12.981  0.291669  3.76584  9.96977  -0.704261  -2.30496  -4.77698  -66.3278  45.7434  -5.34474  8.9694  1.42917  -678.902  6.933  8.73888  10.9406  -6.25553  8.877  4.16733  -1.54008  24.3216  
1.51901  -3.31045  9.41414  4.84267  -5.10864  3.21289  0.410545  -8.42812  5.1197  126.119  -45.5937  -0.508588  5.26316  -12.3719  5.84152  -0.942398  -0.25581  25.7619  5.4329  -9.07163  -47.6102  -5.36372  -0.414643  2.21451  -28.5125  -1.03586  1.04256  7.0872  -57.1541  72.841  -2.79049  5.08774  2.52634  -519.252  -0.774218  5.4545  -2.80028  1.52669  -5.8391  5.52154  0.253211  20.952  
1.37634  -0.655995  -19.5892  4.43178  -3.02114  11.8611  0.720938  -0.100784  5.80875  0.198437  -40.5615  -0.832137  0.9803  -1.60689  34.4437  2.37284  0.630226  20.2544  -25.1129  -13.7166  -67.6464  -18.4424  -0.727861  -0.0627632  -77.6816  -0.0633661  1.42407  15.0948  -23.322  40.0137  -1.84263  -9.18592  2.56591  139.994  -7.38097  0.131562  4.52929  5.47171  -20.0437  3.4566  -1.0302  5.5294  
1.16105  3.45808  -28.0256  -5.40735  -1.03361  15.1537  1.37697  -7.28054  5.37414  -73.8965  9.52527  -0.432527  -3.82979  4.1735  28.8772  3.06929  -0.41596  4.03969  -42.2692  -9.82034  -52.3244  -60.3458  1.0759  -1.91903  -63.4431  1.33784  -0.620359  13.3641  0.634696  -26.2506  -0.583959  -19.4527  1.58408  556.342  -9.02294  -2.87425  30.7612  4.14908  -19.0227  1.50553  -5.04348  -1.06025  
1.28973  5.98773  -14.9235  -13.7102  -0.0020077  7.87012  1.8169  -13.3694  1.84542  -53.004  42.5312  -0.271622  -7.01277  2.71915  -4.57688  0.571192  -2.19571  -7.61579  -22.7758  1.47951  -10.5328  -90.0939  2.76483  -3.36625  26.0133  1.63573  -3.67895  5.08344  7.33087  -71.6464  1.4374  -17.2504  0.487349  394.803  -5.79984  -2.36787  42.5147  -0.865974  -5.75786  2.00454  -5.17485  8.38797  
1.10318  5.52415  -3.83632  -8.07204  1.14871  -1.17051  1.07877  -5.37215  -2.38285  3.01855  7.57129  -1.35345  -6.89238  0.25958  -28.3264  -2.70228  -2.80799  -6.12314  15.4947  13.1705  16.9905  -73.5238  0.894796  -5.13568  112.111  0.22709  -7.15548  -1.2926  17.565  -56.9076  2.45754  -6.13156  0.31612  24.7628  -1.03299  -0.689882  25.7489  -6.27813  2.48841  3.4281  1.18082  18.537  
0.0516817  2.40113  -6.46819  8.82237  2.43381  -1.74712  -0.771797  6.7433  -4.44179  8.5491  -50.3582  -3.04054  -4.37208  2.96609  -21.026  -4.99008  -1.77892  1.53661  30.8745  19.4488  13.9693  -29.0278  -3.82752  -6.34428  113.52  -1.80373  -9.45138  -1.23064  38.6027  11.8469  1.43955  5.6986  1.20334  -65.9333  1.74256  -0.203825  -5.09278  -6.43457  -4.99533  3.03727  6.99966  11.7858  
-1.179  -2.41657  -8.37491  19.5098  1.97545  2.11631  -2.34944  8.95537  -4.35536  -44.5929  -40.8562  -3.44127  -2.82169  9.06601  -1.66504  -5.57234  0.0077695  1.9156  11.5141  18.3558  8.98271  -11.7197  -7.07582  -4.5295  41.8298  -2.69792  -7.39347  1.85139  54.4083  87.922  -0.291274  15.3129  2.06647  127.564  -0.119206  -0.507445  -25.2462  0.0261138  -19.6876  0.796264  5.88339  -6.94118  
-1.34871  -6.58014  0.899893  8.70696  -0.381438  -2.24622  -2.31891  0.387478  -3.55189  -77.2981  33.9434  -1.71758  -4.41538  11.7775  0.147442  -4.04904  1.53848  -7.88606  -13.1777  12.2044  28.2451  -44.689  -6.1435  1.24162  -26.3455  -1.78578  -0.191034  1.92319  53.2271  104.896  -1.09786  24.6522  1.51102  245.106  -4.50037  -0.946941  -26.8256  5.89375  -23.8325  -0.807776  0.65587  -19.8644  
-0.340977  -6.38494  7.6762  -12.6465  -2.56162  -16.628  -0.829753  -4.80282  -1.82551  -29.6202  73.5865  0.457228  -6.22002  8.60972  -15.7114  -0.708424  2.01197  -16.5879  -12.9075  5.34374  48.6901  -81.5184  -3.56807  7.87206  -38.2831  -0.497693  7.90133  -1.96782  37.6811  34.319  -0.650337  34.1996  -0.524261  111.21  -4.39973  -1.16132  -18.6644  1.99066  -11.1371  -0.511707  -1.28944  -19.4286  
0.645411  -1.34525  -0.587588  -21.9902  -2.39592  -27.322  0.705423  0.108054  2.06813  53.0216  -6.92767  0.930196  -3.48499  3.43102  -20.4086  2.43329  1.31998  -12.4646  6.82371  3.03006  30.9642  -58.1542  -3.27709  10.6609  -12.1948  -0.374065  10.9472  -5.49245  18.4205  -71.4485  0.111913  37.7817  -2.75932  -151.531  3.3588  -2.30284  -4.15854  -9.99457  6.60733  0.198791  0.60273  -14.3613  
0.647902  3.4526  -11.8693  -14.5542  -0.711488  -23.0668  1.1646  6.17886  6.00535  64.7698  -120.57  0.0409617  3.65024  1.24259  5.01676  2.73579  0.441433  1.86766  19.2922  8.27773  -13.6232  19.331  -5.25849  7.97995  10.7248  -1.0326  6.80575  -4.86039  -7.96399  -112.115  0.575805  27.8579  -3.76551  -301.85  11.7446  -3.79173  4.14098  -17.9635  14.1757  -0.429094  0.48146  -14.2603  
0.0971446  2.49369  -6.69844  -9.16022  0.199186  -7.49186  0.712584  3.56681  6.44915  -32.4608  -110.333  -0.121005  9.1992  2.16173  43.2933  0.188017  0.860165  10.4783  12.9287  17.8428  -31.6071  60.0637  -6.33299  3.31375  4.28952  -0.82788  -1.52538  -1.56428  -31.1143  -31.872  0.376701  4.16324  -2.86267  -173.242  9.63444  -4.79888  -6.11005  -12.8871  9.86977  -1.73304  -4.96307  -15.6272  
0.0725243  -2.484  7.93923  -14.6318  -0.568839  7.42295  0.334736  -7.35456  3.49438  -154.587  43.1154  0.985979  8.42914  3.60092  60.6499  -2.07054  2.52622  3.09075  0.148577  22.1057  -1.95444  7.78288  -4.40863  0.959355  -32.2351  0.711286  -10.2827  -0.0174122  -40.9558  105.625  -0.603876  -21.6297  -0.976782  168.885  -2.16318  -4.92265  -33.6975  0.0037769  4.64536  -1.64287  -11.4553  -9.5023  
0.838038  -3.66522  6.33916  -14.6826  -1.5589  13.9448  0.636383  -15.5191  0.800961  -182.6  162.382  1.5045  3.83009  3.84536  45.705  -1.81793  3.43359  -12.1284  -5.64024  13.6373  30.3414  -73.5597  -0.97217  1.37365  -79.2197  1.96772  -14.2863  -1.77917  -35.4029  169.504  -1.95864  -34.9405  0.229985  479.517  -9.0155  -3.7756  -54.8009  8.8792  6.52256  0.389263  -11.2753  3.50137  
1.61594  2.98162  -8.28028  4.28396  -1.08736  12.4745  1.2519  -14.2128  0.82913  -92.6068  83.6789  0.136743  0.579568  3.30201  16.3949  -0.0847452  2.34826  -17.3946  -2.69217  -4.10642  18.4918  -54.0847  1.45797  1.618  -99.9069  1.61564  -10.2776  -3.73513  -20.7706  95.6107  -2.58252  -29.8041  0.248611  421.801  -0.851129  -1.25122  -46.3952  10.2404  10.8803  2.5739  -2.93765  15.3188  
1.70073  11.0927  -5.385  25.208  0.91554  6.37461  1.46799  -5.93162  1.64039  17.7034  -91.8479  -1.59502  -0.159755  2.04434  -1.84999  0.502039  0.984232  -4.1715  3.05839  -17.8012  -21.8397  95.9733  1.72427  0.0469577  -61.7775  0.30736  -1.28851  -1.92598  -6.61013  -44.1964  -1.85836  -12.9309  -0.727267  -39.4766  12.6288  1.91598  -11.2703  8.61915  8.16749  2.95354  6.50358  19.7632  
1.1612  11.0837  26.5434  20.7138  2.90498  0.470319  1.01267  0.117577  1.28199  45.0769  -138.593  -1.50393  -1.00361  0.206378  -3.6396  -0.33353  1.37872  20.6833  6.45713  -16.6314  -36.4578  253.955  0.109341  -1.80687  34.3737  -0.157748  4.26285  3.17417  1.93334  -113.137  -0.270756  1.88678  -1.90108  -512.353  13.9669  4.65268  22.0637  6.89874  -1.8836  1.56322  8.27925  17.6661  
0.424676  2.62718  55.3465  -0.3799  3.00533  -1.49149  0.226527  0.610757  -0.0261889  -8.73537  6.94297  -0.409999  -3.11592  -1.14929  -4.73909  -0.771306  2.127  42.0208  5.5451  -2.7538  -14.6678  276.165  -2.5182  -2.01442  126.193  0.347945  0.985215  6.23235  8.57169  -57.0449  1.19508  5.26464  -2.71867  -551.999  -0.627807  5.82571  34.4859  2.29697  -9.19912  0.0797675  2.43434  11.2348  
-0.275461  -5.01909  44.5629  -7.35273  1.32947  0.75177  -0.39011  -1.64349  -0.946177  -55.2052  138.057  -0.615374  -3.65676  -0.209207  -20.6406  0.575765  0.0858048  49.4878  2.26898  11.2369  1.96793  157.303  -4.49487  -1.20346  151.81  0.312954  -5.95458  2.94384  10.1031  41.0782  1.99286  -1.98154  -2.55348  -94.9258  -15.1643  5.87498  28.6763  -5.52687  -6.92907  -0.280347  -2.61708  2.24052  
-0.841576  -5.57334  1.29422  4.46349  -0.89758  2.52763  -0.653941  -2.39549  -1.81936  -32.1652  78.0013  -2.27158  -1.12233  2.93934  -47.6322  2.89969  -4.16575  38.3521  0.343108  16.2621  -11.48  5.61244  -4.72804  -1.11104  92.3453  -0.802051  -4.91026  -4.29815  0.395701  61.7238  1.72677  -11.176  -0.809118  431.686  -14.1314  6.28682  22.2391  -9.64252  0.91317  0.0929838  -0.115673  -2.75795  
-1.1166  -2.45838  -32.8541  7.30131  -2.0582  1.53666  -0.795277  0.723797  -3.22982  28.2237  -114.585  -3.0262  2.29274  6.05692  -59.6577  3.77055  -5.73429  10.8388  1.78784  13.1226  -27.7861  -86.9215  -3.98005  -1.87862  -8.1116  -1.6629  5.1524  -8.18232  -15.7162  -11.8907  0.0706937  -15.5108  1.81061  505.596  -1.44851  6.85812  21.2325  -4.90216  5.55383  0.0498957  5.92451  -0.410796  
-1.12855  -2.78282  -35.3116  -12.789  -2.25328  0.517617  -1.20273  5.72881  -3.89708  57.0691  -233.817  -1.24907  2.94126  6.92295  -39.0139  1.89403  -2.11587  -21.7051  4.47431  9.36166  -15.3827  -109.914  -4.59001  -1.60027  -73.7064  -0.550493  12.6537  -4.74911  -29.2533  -76.3977  -2.16402  -13.6124  2.79002  83.0306  7.48443  6.34306  21.1039  3.35996  4.3946  -0.767028  6.60458  3.47768  
-1.17795  -6.36211  -20.8116  -29.3219  -2.67716  1.52496  -1.89753  7.00957  -2.27529  32.8953  -215.119  1.75617  0.881963  5.69867  1.77608  -2.23351  2.64076  -44.2454  6.30284  9.39245  8.84903  -101.59  -7.06042  0.885632  -62.8964  1.77568  8.6125  1.84211  -32.4897  -39.3905  -3.151  -7.35855  0.50873  -365.662  5.49797  4.01954  7.65261  4.94064  1.90153  -1.59075  0.714669  2.01773  
-1.30294  -7.00243  -17.317  -15.1462  -3.75483  0.902923  -2.19409  1.42108  0.515703  1.09642  -138.964  3.40761  -1.01954  4.18639  23.8765  -5.74837  3.04252  -46.9136  8.54987  11.4755  5.67275  -97.0868  -8.80223  4.00958  -6.06372  2.9513  -0.791851  4.39994  -25.8548  62.8732  -1.67792  1.12575  -3.2181  -425.725  0.125434  1.63484  -21.8347  -1.79874  1.47364  -1.61146  -3.46727  -2.21991  
-0.940073  -2.96541  -28.1797  14.6998  -4.1712  -4.53288  -1.23813  -9.94898  1.39873  -1.04231  -79.4026  2.27119  -0.885953  3.50841  8.82934  -5.81668  -0.529324  -35.8973  12.6809  10.9288  -25.0889  -118.189  -7.34226  5.32978  25.5495  1.91689  -2.16828  1.4605  -3.33787  113.392  1.03468  9.51568  -4.0706  -124.494  0.121348  0.817662  -48.2143  -8.33616  1.54584  -0.725224  -1.10063  -0.304403  
0.270427  0.0720971  -35.3468  25.5476  -2.70509  -8.80507  0.733965  -17.7313  -0.850668  14.7683  -12.3227  -0.195266  0.88837  2.81945  -18.03  -1.94026  -2.83873  -22.5569  13.7773  6.15245  -42.4348  -146.716  -3.72428  4.53305  3.29187  0.108592  4.79847  -2.15221  30.1212  60.0005  2.42548  13.3629  -0.56945  151.879  3.31163  0.769494  -45.28  -6.30412  -1.19224  0.635681  2.70477  10.5693  
1.48571  -1.37746  -21.5527  12.2858  -0.530009  -3.09203  1.99025  -13.1717  -3.13529  17.0255  94.6898  -1.14518  2.80053  0.151955  -17.6023  2.77323  -1.41495  -12.6562  5.23714  0.687347  -24.759  -114.823  -1.28053  4.21048  -33.2187  -0.586844  8.63192  -1.44782  62.8338  -31.544  1.10646  10.7592  3.93385  179.951  1.6474  -1.13921  -14.4916  0.270022  -6.15199  1.94326  1.45342  20.7454  
1.45004  -2.92221  4.83745  -0.440388  0.23931  10.2015  1.16221  -0.258974  -2.6893  5.08794  164.203  1.35309  4.42559  -4.68972  16.7701  4.88026  0.766837  -0.588539  -11.7876  -0.26197  3.66549  7.36827  -0.460947  7.38753  -26.8653  -0.225638  1.73739  2.79089  69.6738  -63.1795  -1.68311  3.63642  5.65836  52.9759  -6.16573  -4.8038  11.0377  1.6189  -9.80591  2.60388  -2.17122  20.6185  
0.278196  1.4989  21.3564  0.260585  -0.34931  16.4978  -0.766771  7.11607  0.28311  -1.93101  120.458  4.75578  5.2304  -8.45434  50.8218  3.67379  0.681674  18.3824  -23.9006  3.88278  12.0541  146.844  1.45067  13.3939  16.9772  -0.0110097  -9.20244  6.47152  41.1873  -25.8657  -3.34997  -1.34515  3.89237  -82.3337  -11.463  -6.85132  4.01846  -4.24828  -9.76066  2.13595  -0.912974  10.7962  
-0.364976  8.89866  13.2537  2.25608  0.20885  7.16595  -1.26105  0.211207  2.65173  -1.69466  -6.39515  2.57756  4.6376  -7.10624  54.506  1.03167  -0.31827  38.1968  -20.0474  7.89876  2.57127  182.823  5.73395  17.1493  42.2583  -0.052407  -12.2528  6.93258  -7.56587  24.5268  -2.38303  -0.0103286  1.41276  -173.74  -7.54729  -5.55104  -20.9375  -8.85417  -6.63599  0.872339  5.04578  -1.55174  
0.486637  10.2479  -4.77231  -2.96344  2.83314  -8.3991  0.474354  -13.2236  2.87094  -13.7924  -91.566  -8.14512  2.85953  -0.14861  27.09  -1.47608  0.357668  45.9384  -4.37455  5.9223  -8.8014  95.5113  8.71018  12.5366  27.6378  0.596704  -6.83051  4.35966  -46.2147  44.0049  0.544651  2.43086  0.112019  -254.844  2.4567  -2.39508  -23.0458  -4.11302  -3.41764  -0.00520238  6.86774  -11.2679  
1.63818  2.68676  -9.11267  -5.0647  4.5353  -14.6891  2.26796  -21.3585  2.293  -43.9528  -79.0214  -21.0694  0.777916  6.96567  -9.94222  -3.52133  1.88911  35.6395  7.72144  -2.76068  -14.209  4.91277  6.54889  -0.637455  6.74046  1.7739  -1.14362  0.155752  -54.9506  35.6321  3.45906  -1.62559  -0.262073  -221.898  9.55262  -0.710854  3.20198  6.07891  -2.20343  0.292665  -1.09244  -15.9309  
1.239  -5.29519  7.54994  6.56792  2.19444  -8.458  1.67857  -22.1818  2.10405  -67.4615  -17.8295  -24.0541  -0.485437  7.56381  -40.7772  -4.85884  1.43584  13.9216  4.4302  -11.7275  -12.1106  4.77109  0.673781  -15.312  9.42076  2.2498  1.20937  -3.93047  -39.3758  9.81899  4.21395  -9.72132  -0.760049  -26.4055  8.90922  -0.677347  22.2991  11.2022  -2.72417  1.05529  -13.4175  -12.764  
-0.599039  -4.58782  23.4803  21.5585  -2.63342  0.457526  -0.779585  -24.594  1.49095  -60.6065  19.4535  -13.4291  -0.544553  0.638846  -56.4357  -3.95779  -1.04417  -6.99213  -3.98738  -14.9295  2.21894  48.2742  -3.22721  -22.7633  14.7003  1.26596  3.90355  -6.12627  -16.3148  -19.9913  2.23418  -11.2818  -1.48864  174.807  2.86938  0.299963  4.06806  7.98116  -2.515  1.04558  -18.8279  -3.99926  
-1.87821  2.83343  18.6086  25.1813  -4.6186  3.40724  -2.38698  -28.1262  -0.589912  -30.0459  18.3276  0.782622  0.519869  -7.09346  -46.3957  0.0387525  -2.56971  -20.2677  3.76308  -11.962  26.4669  29.3817  -2.63691  -20.6594  -8.88137  0.235219  8.64902  -5.96729  -1.6247  -38.3461  -1.18486  -0.0195783  -1.36858  168.751  -3.26101  3.44728  -28.6733  4.0676  -0.559915  0.301851  -11.8931  1.83865  
-1.34328  6.6968  -2.72704  13.4829  -1.38998  1.34408  -1.74113  -21.4818  -2.27217  1.38003  8.52211  5.44071  1.9496  -8.55221  -11.4476  4.8747  -1.45779  -23.0954  29.0067  -8.38705  37.1865  -50.5276  -0.416944  -14.336  -44.3697  0.528676  10.472  -4.16047  4.8627  -31.8566  -3.62615  13.4469  0.0229602  -8.24976  -6.54869  5.99573  -32.7939  6.19316  1.46127  0.0110401  2.08531  0.898167  
0.0838402  1.15803  -19.967  -4.13749  3.29944  0.106632  -0.123451  1.6704  -0.496724  22.6228  18.7408  0.0530769  2.52161  -3.79934  24.7762  6.56903  0.695805  -12.8868  45.8358  -9.03682  16.8103  -76.6583  0.446119  -10.4562  -50.3642  1.64128  5.78989  -2.16344  11.6535  -10.8284  -3.35195  13.0706  2.02305  -141.325  -5.42823  5.19334  1.17477  9.2509  1.111  0.590287  11.7152  -2.35466  
0.73633  -8.46409  -22.8198  -18.4765  4.63017  1.7134  0.606585  22.1304  3.59419  37.8985  38.8592  -3.96903  1.76084  1.08426  33.7645  3.22874  1.61097  10.0779  27.9185  -13.7307  -18.7235  -3.34921  0.638725  -10.2289  -20.631  2.00446  -0.861651  -0.86961  19.625  4.25684  -0.932771  -3.37707  2.81261  -167.399  -0.959875  1.10104  33.4036  2.60237  -1.21839  0.981201  8.98558  2.01531  
0.233149  -12.9462  -17.4164  -22.586  2.00206  3.29317  0.182151  16.452  4.09377  44.3299  32.4173  1.5548  0.64011  1.96149  9.03994  -2.33572  0.945537  32.0654  -14.3188  -18.0471  -34.0976  77.7239  2.0239  -9.70247  9.23799  1.53923  -3.94001  -0.422114  17.3557  15.1399  1.29774  -19.9939  2.22701  -252.985  3.69628  -2.35518  31.7157  -12.5102  -1.99199  0.324524  -3.3999  13.8649  
-0.470344  -8.79986  -14.2446  -13.9252  -1.07875  2.88442  -0.418876  -9.93111  -1.90506  33.7372  -21.0737  11.6936  0.0790026  0.204038  -19.1599  -5.34016  -0.273664  31.512  -39.3959  -19.3738  -18.4261  55.1893  2.79604  -5.72953  9.47634  1.31985  -4.0207  -0.165214  5.21159  35.0169  1.61596  -20.9943  1.87959  -356.18  3.87963  -2.85534  4.52889  -21.3312  0.762712  -0.554793  -12.9612  19.615  
-0.481876  0.563567  -11.8517  3.08656  -2.63111  0.60899  -0.475834  -23.8027  -9.03309  9.44048  -110.099  16.3527  -0.817858  -0.516916  -17.9234  -3.43154  -1.22478  2.25731  -24.2256  -15.7631  1.58467  -56.1812  0.135602  -0.543092  -7.462  1.49501  -5.38876  1.21499  -4.23671  47.1459  1.02189  -6.72628  2.94053  -203.963  -0.880231  -1.14482  -9.20597  -13.7561  4.74698  -0.28587  -8.48376  14.0832  
0.196526  9.71037  -4.41245  13.8803  -3.65303  -3.81333  0.0183004  -2.77389  -9.00448  -5.36987  -191.975  13.5474  -2.67176  0.0585605  8.91596  0.559798  -1.4923  -31.6933  9.84919  -4.90017  -3.174  -127.676  -4.67449  1.11123  -15.9779  1.56901  -7.38968  3.96992  4.23616  22.5378  1.75973  8.2885  3.41371  260.778  -4.89686  0.735973  2.0146  3.19976  6.88578  1.05293  7.27636  3.22197  
0.938394  15.3054  7.91322  10.63  -4.39255  -9.51826  0.731689  33.9046  -0.577794  3.97076  -209.334  8.51554  -3.84316  -0.588353  25.2282  2.01646  -0.872113  -39.0387  23.3258  12.9452  -23.5753  -79.7118  -6.91784  -2.58611  -9.46849  1.85203  -6.74239  5.30012  12.3606  -15.4286  4.13087  13.0662  0.539863  587.087  -3.58423  2.39303  15.1394  12.7952  7.05389  1.95187  19.3925  -2.56384  
1.09841  15.6059  17.4121  -0.998132  -3.35264  -13.6503  1.11486  48.3768  8.1563  23.5132  -129.315  4.72272  -1.98928  -2.76447  0.967239  -0.541764  0.213756  -17.059  6.50938  30.7435  -29.8956  45.8929  -5.02469  -8.63071  3.3416  3.26758  -4.13777  1.88717  -2.43223  -10.6655  5.3643  8.49289  -4.89661  345.377  0.965852  3.35137  5.05709  9.10396  7.68305  1.51687  15.0128  0.373976  
0.47335  10.2655  14.943  -5.49422  -0.179231  -12.6479  0.63826  28.3112  8.76482  26.1512  15.8448  0.465379  1.60452  -3.54817  -50.9937  -3.71449  0.607617  6.39135  -16.6706  36.7071  -9.69665  135.172  -2.44911  -12.4547  18.389  4.52939  -2.66788  -5.32882  -26.5965  31.3718  3.07408  2.89775  -8.0438  -235.017  2.80509  1.93536  -19.0829  0.734211  8.14244  0.551853  -1.07278  6.48317  
-0.445515  1.1594  0.060736  2.0008  2.16601  -6.51185  -0.436471  -1.48002  1.54517  6.48713  125.319  -4.78453  2.2866  -0.858331  -84.3522  -3.5797  -0.203857  11.8611  -17.98  27.4179  16.0836  128.722  -1.77268  -12.4045  29.8918  2.12219  -1.60211  -10.2012  -26.0793  28.0905  -1.44985  1.36243  -5.90357  -453.632  1.69998  -2.22165  -26.8539  -2.42821  4.84692  0.239051  -11.1221  11.1389  
-0.831246  -7.10955  -17.8069  14.2315  1.59501  1.36278  -1.0073  -13.143  -6.33579  -16.9262  146.927  -6.55033  -1.80288  2.61678  -70.4076  -0.216363  -1.23246  12.7075  0.516516  12.1351  21.1712  73.3569  -0.754888  -10.1711  22.4495  -4.53427  3.92854  -7.59086  2.38228  -49.5593  -4.66046  2.5073  -1.25823  -68.1153  2.4757  -5.37266  -6.49821  0.0199996  -2.89608  0.562722  -5.52951  14.4139  
-0.441284  -10.1029  -22.9042  19.1838  0.364678  8.20619  -0.534351  -3.06396  -8.75062  -23.8224  88.6872  -1.36487  -5.77151  3.11308  -25.5234  3.06568  -1.18946  28.7735  20.4398  3.88737  8.15907  54.1528  2.74452  -7.88585  -6.16009  -10.1882  12.0137  0.124775  23.7762  -109.149  -4.77018  2.25709  0.956108  338.167  6.82752  -4.07973  17.5209  3.45244  -9.87277  0.66182  5.1752  17.2519  
0.029888  -6.56871  -9.74557  13.6086  1.65583  15.112  -0.00417328  9.80287  -6.44174  -12.9006  26.682  6.7448  -3.86823  0.730072  12.6418  3.72614  -0.159503  50.22  29.3172  4.8889  0.814861  88.9639  6.09357  -6.01477  -35.1821  -8.92005  13.3692  5.61281  12.754  -52.8784  -3.2954  -0.245312  -0.269928  131.061  9.50993  0.214876  20.0162  5.16512  -10.4667  0.364715  4.5948  16.5309  
-0.12475  0.596012  6.03398  2.24258  4.69618  22.7454  -0.606044  8.72983  -4.86946  4.54532  -2.44425  10.4078  2.93219  -0.401364  26.9574  2.21487  0.841082  47.3376  24.8058  4.71248  11.1782  105.368  4.9913  -4.23932  -45.0623  -1.73016  1.77223  4.85776  -10.8918  67.443  -2.26221  -2.02194  -1.6339  -542.46  7.17478  2.26514  3.26824  5.45958  -5.37952  0.340418  -7.76064  10.7381  
-0.549196  5.84101  10.2857  -4.71634  5.50913  26.6741  -1.70056  -6.43644  -6.48272  20.2377  -15.932  7.36247  7.94094  1.89074  30.9236  0.31608  1.19085  15.2381  15.0408  -5.85063  21.1291  41.0744  0.830495  -2.59958  -38.5614  4.14298  -14.0427  1.1443  -11.6378  111.851  -1.94647  -0.507566  -0.295542  -914.52  3.71056  0.529785  -10.6503  3.04874  -1.13808  0.919892  -15.0824  2.67498  
-0.310759  5.80376  2.0613  0.324836  2.55243  21.0187  -1.46996  -22.1042  -7.78199  27.9059  -53.4065  2.81949  7.71264  4.25131  39.8691  -1.15099  1.17156  -13.9376  7.61313  -20.5097  10.3004  -57.4382  -1.29533  -1.2264  -29.9997  4.09518  -18.0468  -0.131806  0.763945  41.6842  -1.62186  1.34007  2.62306  -550.879  3.95909  -0.593832  -12.2899  -1.87061  -0.870833  1.42869  -6.56208  -1.41662  
0.670031  2.23001  -3.20761  11.7677  -0.709222  6.51342  0.409156  -23.975  -3.78081  20.4849  -82.6366  2.58099  5.27625  2.22288  44.0388  -2.11849  1.15369  -10.7549  6.41953  -23.9809  -16.1451  -87.8931  0.387476  -0.322043  -17.7982  1.21686  -6.46923  1.99475  -1.70324  -31.8126  -1.17637  -0.833223  4.47228  130.915  3.71343  1.94159  -9.68913  -5.20572  -1.62117  1.12594  7.98197  -3.02826  
1.32918  0.0159427  -0.104504  15.4237  -0.835002  -7.16905  1.90688  -8.10971  5.2856  1.96018  -48.5969  6.24607  4.40592  -3.1355  32.0857  -2.26249  1.07318  11.9314  5.33415  -6.99858  -30.7595  -40.7232  2.20889  -0.0838603  6.83263  0.80174  7.74055  4.46231  -26.4929  -17.7135  -0.610095  -8.37933  4.12798  440.328  -4.26812  3.78006  -11.9427  -3.22965  0.0259318  0.339695  10.8295  -8.0495  
0.847207  1.97176  0.0758745  7.75918  1.03478  -11.4995  1.2768  12.4128  12.719  -9.77005  4.64033  9.49513  4.5576  -6.52149  11.9052  -1.09234  0.86257  18.547  -6.45705  19.1573  -17.4296  -12.5206  0.978492  -0.882439  27.7962  3.25694  10.2276  3.86743  -36.7303  36.496  0.540351  -15.4996  2.15137  253.314  -17.5256  0.443963  -10.9042  1.14244  2.2981  -0.133807  -0.0213977  -17.2418  
-0.202304  4.2744  -10.4412  -0.298289  1.20024  -6.78408  -0.54416  20.6119  12.0602  3.42455  7.64444  9.03722  3.18025  -5.25298  1.85856  0.541045  0.692198  -2.24199  -23.136  32.4308  7.01769  -77.3335  -1.26809  -2.31116  16.3141  4.24843  0.160142  0.225813  -11.1626  36.1292  2.02694  -14.0186  0.144372  34.1306  -23.2491  -5.05454  -2.86596  0.113618  1.2247  -0.0592011  -9.23134  -22.9402  
-0.659532  1.85851  -24.1056  2.64954  -1.29133  -1.81679  -1.29395  10.4237  4.50142  30.0223  -27.0454  5.85493  0.246663  -2.7649  2.96976  1.31565  0.631735  -25.141  -26.3144  21.9692  19.2926  -167.402  -1.08427  -3.3414  -22.2045  2.35689  -9.3552  -4.16576  21.2953  -18.6334  1.98743  -4.22566  -0.769198  101.554  -14.618  -4.9565  0.853459  -6.6695  -2.64356  0.117287  -4.42102  -16.4895  
-0.317789  -4.24941  -25.1339  11.1626  -4.07536  -2.12635  -0.600446  -7.21957  -3.87333  39.0022  -40.7528  1.88726  -2.84708  -3.41819  -2.69541  1.09796  0.524303  -24.6714  -8.26192  1.43957  13.5388  -173.636  1.1747  -3.82784  -42.2273  0.954819  -8.44303  -7.04942  24.3753  -46.121  -0.346952  4.8345  -0.432856  237.721  -0.633513  1.70679  -11.1744  -9.50875  -4.55528  0.335499  8.75757  -1.74226  
-0.0665157  -7.31218  -15.4488  10.8776  -4.78055  -6.75474  -0.281515  -14.6425  -8.55897  13.572  -17.1979  -1.49565  -5.35783  -6.06414  -17.9771  1.14195  0.0932749  -6.24805  12.5006  -7.02267  5.20388  -99.44  2.30528  -5.09637  -10.1916  2.53172  0.729755  -6.79046  7.52472  -21.7869  -2.51157  3.25527  -0.427359  66.2009  5.27587  7.11391  -24.4373  -1.08675  -2.79409  1.01449  15.0747  7.61198  
-0.450284  -3.34817  -6.63675  1.7321  -3.60685  -11.3718  -1.29397  -6.60138  -10.4715  -25.162  -29.2815  -3.42206  -6.58602  -5.67169  -26.9818  1.68761  -0.612092  6.73262  11.6355  -0.299856  5.77441  -32.6677  1.48284  -7.75431  36.0077  3.72466  7.56227  -3.2851  6.32391  3.23777  -0.878727  -8.11195  -1.6528  -349.289  2.10383  5.32693  -17.5986  11.5301  -1.66729  1.94069  8.81814  7.91913  
-0.81363  2.85552  -3.64329  -1.68845  -2.09451  -13.6371  -2.04022  8.0462  -11.054  -38.7192  -96.2651  -3.18382  -4.8637  -0.883223  -17.3659  1.43438  -1.00525  6.02611  -4.6801  4.79718  10.199  -1.8002  0.797117  -9.62893  38.5014  -0.100463  5.581  1.85787  33.1856  -4.90747  3.99882  -16.4234  -2.97759  -474.552  -1.08019  -0.272596  6.17193  15.4244  -4.52761  1.97783  -1.89934  4.12485  
-0.237437  4.02441  0.265768  10.5042  -0.446021  -11.3274  -0.692123  16.2634  -8.95986  -14.1273  -123.666  -0.906024  0.281802  4.32516  -1.91851  -0.847143  -0.436922  4.03868  -9.35422  -3.70226  7.27762  52.6348  1.93073  -7.6316  -8.40477  -7.20433  -2.22369  5.43936  57.1114  -15.6152  6.82375  -10.128  -2.16445  -92.9926  1.89459  -2.17594  23.5994  7.7151  -6.82375  0.66107  -6.70615  3.24315  
1.03052  -0.443666  9.58007  24.4849  2.08558  -2.17141  1.84691  13.9698  -2.95892  24.1649  -17.2463  1.45618  6.05336  6.05077  1.09396  -4.00657  0.97674  10.6935  6.5824  -18.0894  -7.25058  142.765  3.80138  -1.4611  -45.6566  -10.6425  -7.3758  4.88219  45.0688  -5.69792  3.57719  7.4969  0.4546  357.451  7.1164  0.882075  16.0799  -1.93991  -2.01747  -0.732847  -3.81448  3.26997  
1.75922  -4.29159  18.7708  18.8994  5.26014  11.3996  2.84088  8.04058  3.53578  42.3709  131.189  1.66268  8.13313  4.69687  -7.63486  -4.82664  2.08271  17.2891  18.304  -22.8312  -25.3721  178.236  4.39016  5.4567  -27.3803  -6.59486  -5.58999  0.831041  8.55093  2.82797  -2.70071  18.4242  1.79314  311.697  7.80048  3.76613  -2.79554  -3.87754  8.96019  -0.550945  1.0055  0.889782  
1.32246  -2.70836  23.0646  -3.80524  7.3266  20.184  1.41314  3.78349  5.24526  25.5649  136.176  -0.0826446  6.18293  3.13481  -11.1665  -2.13091  1.80734  12.5583  2.08659  -15.5358  -35.1228  93.2975  3.35516  9.22586  15.982  0.777236  -1.48996  -3.03985  -21.7219  -10.8795  -5.29201  10.175  0.461419  -185.636  3.28463  3.47457  -7.76522  0.839327  15.9517  0.961515  2.23503  -4.54938  
0.448688  1.56551  25.1351  -18.033  6.96618  17.0294  -0.353224  2.4497  1.73859  -8.28887  -28.6529  -1.48782  2.92127  2.78967  -3.85326  1.66469  0.578161  -0.127808  -32.864  -6.99966  -33.5003  -49.6044  1.6375  8.83527  26.2035  4.70494  -1.85983  -3.90154  -26.1985  -15.1134  -2.17253  -10.6514  -0.927202  -552.091  -1.08929  0.874084  3.41841  5.99943  11.1908  1.84913  -0.972109  -8.3446  
0.127916  3.92075  23.2914  -6.7917  3.97016  6.0999  -0.417012  2.18484  -0.836434  -28.0198  -183.984  0.00604743  0.754668  3.27268  1.40671  2.4666  -0.130632  -6.54056  -49.5082  -3.61009  -31.743  -117.344  0.608965  6.69211  -7.97939  3.41273  -7.91344  -2.14857  -17.7968  16.3754  1.66354  -23.7792  0.442357  -395.207  -2.13764  -1.71598  14.8332  7.56106  -1.3845  1.01387  -6.77796  -10.2527  
0.290196  3.88216  8.99823  14.8975  -0.110179  -0.845666  0.593315  2.77745  3.17472  -15.3313  -178.937  3.79142  -1.07035  3.78896  -6.65107  -1.04053  0.155727  -3.15175  -31.6412  -1.66687  -32.8659  -69.434  0.582706  5.25922  -41.2336  0.382791  -12.7011  -0.479726  -21.3776  40.2017  0.719659  -18.8444  3.07762  90.1846  -1.52479  -3.44798  11.9291  5.07417  -11.731  -0.448284  -12.9753  -11.5774  
0.130561  3.98563  -15.4992  17.2064  -3.43546  1.97792  0.720973  3.77197  10.4286  18.4409  -87.8004  6.28642  -3.13704  2.84514  -17.3791  -6.15796  0.125157  -1.74589  1.17878  0.806576  -27.9342  26.1066  1.00608  5.208  -36.0364  -0.543698  -10.5827  -0.390831  -35.0805  2.49305  -4.07008  -4.619  3.06535  430.124  -2.78363  -2.62155  -7.7552  -1.05512  -13.9469  -0.866643  -15.4869  -10.2926  
-0.533648  5.79859  -29.8705  -6.83314  -5.48858  7.81437  -0.321621  0.936812  11.8989  40.2036  -48.7924  5.04468  -4.72484  -1.57652  -10.5289  -8.63893  -1.19739  -11.7342  15.5957  -1.9938  -1.77775  78.8553  1.03615  4.48768  -9.50048  1.22872  -4.01398  -0.958523  -32.9634  -65.4332  -7.15007  2.50101  0.0147079  415.133  -6.00822  1.72132  -27.968  -8.16572  -10.4658  -0.157254  -9.72875  -3.80796  
-0.941053  7.76874  -16.1579  -31.9073  -5.72458  8.74683  -1.04003  -6.31645  3.79776  30.6282  -71.2403  1.55875  -4.62936  -8.65002  16.0373  -6.8778  -2.41512  -24.9099  0.75309  -13.7997  33.241  63.5827  0.761658  1.07325  2.13086  3.97515  0.868105  -0.76394  -3.10248  -69.3239  -5.50874  0.115134  -1.9982  165.011  -6.96325  7.03837  -30.2008  -11.2257  -6.35981  0.487112  4.3792  5.71646  
-0.587602  6.72434  11.467  -34.5343  -3.8137  4.82756  -0.718479  -9.41433  -6.90212  6.16003  -70.3929  -0.595484  -3.49093  -13.2204  37.6  -2.65168  -1.3099  -23.2147  -20.3237  -26.27  40.1462  9.41307  1.22261  -4.05054  -4.62902  5.5831  1.51065  0.295359  33.2043  14.5858  -1.2887  -1.96432  -0.433875  -152.396  -2.60969  7.27427  -10.9961  -6.69442  -3.65295  0.422859  17.2714  10.4537  
-0.000303584  1.34582  15.4436  -19.4443  0.458347  0.153765  -0.40763  -2.16153  -10.3617  -3.73426  -52.6305  0.454197  -2.35751  -10.6846  30.7192  1.19945  1.87189  -0.164559  -21.4653  -24.584  -3.14023  -33.372  2.53594  -6.75587  -13.1878  4.49465  1.05288  0.978843  35.1355  87.3257  2.05978  3.94532  2.11405  -387.519  4.51476  -1.62804  14.9909  1.82208  -1.4875  0.165113  17.2253  7.02016  
0.107188  -5.60371  -15.3679  -6.99216  4.97146  -3.71777  -0.893957  7.94741  -4.98411  11.2991  -130.536  2.49743  -1.73771  -2.99696  0.327699  3.40262  4.12638  25.49  -2.03374  -5.55736  -64.8474  -19.5714  3.75595  -3.62693  -7.46192  0.846638  0.891943  1.24295  -8.30113  56.5282  3.21759  13.0498  1.74359  -362.395  8.27049  -13.5713  25.1598  7.33344  2.46136  0.209748  4.24  1.84927  
0.00639427  -8.4451  -45.4357  -3.49621  6.7649  -7.77277  -1.13301  8.49197  2.3289  29.0409  -284.293  2.70819  -0.613836  2.69481  -28.1042  4.59557  3.41018  27.8332  19.5115  17.4007  -80.6353  42.563  3.34562  3.78409  0.184825  -2.46476  0.336572  1.75109  -50.9958  -31.7232  2.90628  14.1916  -0.984765  8.63103  5.98372  -17.8248  13.9331  6.52254  9.5676  0.355239  -7.35574  0.768572  
0.552237  -3.77757  -35.2724  3.20895  4.97797  -9.30301  0.160126  0.148128  4.39433  23.6679  -332.071  1.15627  1.64397  3.3579  -34.1479  5.75746  1.25469  0.809463  31.0241  25.8321  -26.1617  94.4088  1.65032  9.75926  5.94149  -2.07477  0.121056  2.75992  -38.5333  -59.2902  1.87018  4.30398  -1.79111  433.875  1.83356  -10.5082  -5.78399  1.44114  17.6047  0.414502  -5.37448  3.27638  
1.73864  4.21969  6.20922  15.4899  2.66496  -6.04964  2.22104  -1.97178  1.1353  0.834579  -141.769  0.0331817  4.50778  2.22528  -22.3119  6.6819  0.509222  -28.1572  37.5982  15.7614  56.2184  78.3046  0.837279  10.3001  9.22706  1.54676  4.46706  2.87102  27.3782  -1.28359  0.759533  -9.64317  1.01727  538.883  0.6355  0.948993  -16.3269  -4.58237  20.4268  0.754342  4.73336  4.06843  
2.39466  6.92292  25.7132  15.9403  2.68218  -2.69793  2.90937  7.05998  -2.53651  -11.2843  139.842  1.08427  6.65613  2.68827  -11.0788  6.37223  1.39366  -26.3999  40.0927  0.260195  94.4538  13.9058  1.48176  6.63376  9.56396  3.40889  10.3449  0.604746  76.8107  44.9937  0.334445  -16.0146  4.44808  187.158  2.75327  5.85053  -20.0806  -7.6822  12.1796  1.53622  6.17255  1.25631  
1.52109  1.14645  -4.20374  -3.82222  3.29932  -7.08414  1.46705  14.0361  -2.92103  -1.15424  286.974  3.02857  5.89658  3.34982  -9.42204  4.02416  0.994231  5.19379  27.8001  -5.95967  55.1034  -31.323  2.46796  2.86123  -5.5369  -0.325366  8.15765  -3.74305  50.9765  1.24964  0.358473  -11.5789  4.50289  -305.391  3.43677  2.22372  -26.2087  -4.94779  -4.40866  2.00096  -5.81994  -1.69925  
-0.511852  -6.47222  -47.4848  -25.3039  0.78294  -17.7733  -0.673682  7.31055  -0.430184  12.5554  216.223  3.63501  2.01624  0.793483  -5.75083  -0.1697  -2.81709  29.2122  -4.18367  -4.00449  -22.3669  -23.3281  2.50577  1.24524  -31.3356  -6.98064  -6.02413  -7.43535  -25.6661  -80.0542  -0.550924  -3.26177  1.004  -590.585  0.680099  -2.93017  -29.5826  2.56144  -17.9249  1.29966  -17.9859  -1.27299  
-2.36421  -6.64192  -47.8312  -25.9833  -4.97789  -22.534  -1.88477  -2.88544  2.38662  8.32163  69.4862  2.42638  -1.85842  -3.62916  11.3011  -4.85417  -8.22514  14.5292  -34.0665  -5.60518  -66.4325  5.84421  1.75159  0.917167  -43.8255  -9.33783  -19.822  -7.46921  -65.9833  -87.9235  -2.39998  -1.61429  -2.62334  -478.718  -2.81207  -4.12828  -19.41  8.10234  -19.0179  -0.249199  -16.2124  1.29736  
-2.95032  0.991089  4.4331  -14.1386  -8.32058  -13.3371  -2.0342  -2.4969  3.11433  -8.18449  15.825  0.888607  -2.11724  -5.55505  35.2475  -7.74549  -10.6978  -21.3246  -33.8538  -15.9696  -42.8331  20.5737  1.63846  0.879894  -20.6363  -4.27662  -18.593  -3.75601  -29.8932  -0.902913  -2.67293  -7.08827  -3.46145  -116.704  -3.81106  -1.95301  3.28066  5.00597  -10.7187  -1.24658  -3.94236  2.24881  
-2.11661  7.49151  65.31  -14.32  -4.97082  3.41039  -1.76697  5.85231  1.19562  -12.2644  67.1275  0.426528  0.675263  -2.96868  43.4427  -7.06285  -7.57099  -32.6951  -9.84797  -24.0534  16.087  26.842  2.64225  1.34136  18.5423  3.41595  -4.67992  0.422995  29.0878  83.9213  -0.100114  -9.28314  -1.47015  164.3  -2.7049  -0.28205  24.2199  -4.78103  -4.6073  -0.754  3.89068  0.639791  
-0.48083  5.25885  89.3268  -29.0138  2.5513  14.9659  -1.15659  6.96665  -1.86515  2.50148  138.545  1.07298  1.8703  1.34131  20.6668  -3.54776  -1.15686  -4.88809  3.85406  -16.8881  46.6156  39.4796  3.68486  2.58578  34.2594  6.71299  3.8696  1.55564  36.1629  78.4732  2.51662  -0.514538  1.31872  72.1978  -2.33022  0.0372153  29.7582  -11.8176  -6.74413  0.741135  1.12134  -0.191046  
1.00557  -3.06987  72.4432  -35.2905  7.24735  15.7614  -0.0105896  -2.74407  -3.4991  17.7227  146.31  1.43991  -0.780688  3.95911  -19.6849  0.185205  3.37036  24.542  -7.6167  3.95021  27.8556  36.6086  3.51671  3.69026  19.6275  4.05442  -2.48937  0.286814  -18.1779  2.17723  1.13227  14.0659  2.91601  -303.824  -3.82058  0.47028  20.7864  -9.18532  -10.5892  1.96655  -3.11697  -0.0145785  
1.57527  -8.30779  41.2181  -18.6231  5.82109  9.25913  1.12977  -11.9128  -2.27244  15.6507  89.532  0.487725  -3.95043  4.20034  -45.313  1.65788  3.29617  15.8573  -19.3301  22.756  1.43857  -1.27834  2.65539  3.49669  7.50836  0.568041  -11.5438  -0.1079  -59.532  -53.6787  -3.59  20.8907  2.53972  -459.711  -6.08802  1.34088  8.16748  -0.0257715  -6.04566  2.10172  0.735431  1.67454  
1.24138  -4.82365  16.7463  4.03339  2.13529  1.87889  1.37108  -11.5769  0.483042  5.54604  16.3696  -0.89755  -2.9246  3.14402  -35.9967  1.38532  1.14278  -20.7888  -4.36913  27.5973  19.1985  -52.4621  2.08548  2.24339  26.4678  0.966563  -6.64683  1.8369  -38.6183  -35.0646  -6.01767  15.0247  1.19438  -14.2681  -7.53362  1.41492  -0.759591  7.50681  6.68568  1.32748  9.83765  0.986385  
0.769824  4.04004  3.69247  10.0263  1.71231  -2.66107  0.745319  -7.48094  2.39301  5.59061  -20.4452  -0.432184  1.25335  1.59182  -2.06735  1.30264  1.16683  -40.4864  25.8531  20.9211  70.9269  -72.5006  2.01863  1.4777  58.9578  3.91546  8.87831  3.1415  17.1814  24.9519  -2.61984  4.35574  -0.104479  621.534  -6.17532  0.718889  -2.85721  8.94841  16.0447  0.419689  14.4044  2.11027  
0.772835  9.63103  0.000285839  1.08946  5.11999  -2.17755  0.213114  -4.90209  2.38479  13.236  -21.5702  2.44937  3.69741  -0.312586  22.8375  2.06174  3.47258  -23.3756  36.6978  11.3146  92.5279  -52.0017  1.59269  1.94604  54.7546  4.90152  16.2338  1.2335  35.4793  62.9855  3.32187  -0.203652  -1.45516  633.888  -0.883779  1.25835  1.61877  4.43694  12.9455  0.128724  10.6859  9.15275  
0.920998  7.98245  2.848  -0.769039  7.68582  2.04272  0.279023  -0.254805  1.67927  14.787  -9.07993  5.47321  1.95873  -1.97783  20.0868  1.82745  3.82131  4.63908  19.8812  5.03731  44.499  -16.9594  0.258099  2.99855  1.28604  2.92632  6.48689  -2.32558  -3.44365  53.0196  5.72809  -0.0758242  -3.79762  -138.126  6.2859  2.76832  6.56721  -3.28549  1.56511  0.539431  5.00981  20.7259  
0.542548  3.32373  8.87245  9.54862  5.70688  4.71095  0.460773  8.25149  1.54733  9.14181  -1.73659  6.47851  -0.889013  -2.58334  -2.64564  -0.247618  -0.135686  13.2045  -0.829801  0.573434  -37.629  15.5705  -0.826115  3.44499  -54.5615  1.82813  -8.74064  -3.00787  -48.2845  15.9225  2.97024  -3.34299  -6.66375  -820.834  10.708  3.92955  4.2655  -10.0395  -5.41832  0.992078  3.71439  22.9714  
-0.25399  2.46899  11.285  14.8028  0.0501927  1.38371  0.288435  13.9134  1.72679  12.1668  19.3113  6.04137  -1.20629  -2.13781  -19.8756  -2.06904  -4.69468  5.63592  -6.25288  -2.56264  -79.8885  54.4396  -0.513011  2.50103  -57.3555  4.62456  -14.1334  0.304887  -36.2923  -22.069  -0.961275  -11.4661  -7.3027  -596.277  9.56603  3.15055  -4.90923  -11.1089  -2.45781  0.644642  4.96903  8.76031  
-0.546829  6.48457  7.73458  2.42936  -5.1368  -5.18533  0.0890102  11.1857  0.388549  26.1332  29.9124  6.91974  0.924639  -1.40944  -14.4095  -1.0054  -4.38481  2.2899  -7.29948  -2.34397  -51.7104  101.27  0.89179  0.734912  -9.16688  8.68796  -8.69021  3.93545  19.0833  -50.2201  -1.93527  -14.7589  -3.071  219.023  4.68601  1.65291  -10.7491  -4.2855  3.93862  -0.407065  1.75725  -12.3183  
0.104464  8.57441  0.382826  -14.9563  -6.94751  -7.92919  0.288196  7.78369  -2.63009  29.6124  22.5097  10.4246  3.32489  -0.547253  10.1498  1.7712  0.644157  7.86593  -18.8557  1.78338  5.23906  129.549  2.44552  -0.534982  29.1015  8.44778  -2.32661  3.7903  52.5555  -56.4841  0.0225217  -5.69922  5.03053  589.056  0.859542  1.3107  -8.36088  5.40914  4.34556  -0.976496  -7.99097  -20.6637  
0.88396  3.0746  -6.69325  -16.771  -5.94441  -3.83499  0.439883  11.859  -4.78311  7.77389  10.9931  13.5493  4.76756  0.208803  31.8274  2.49301  4.58673  10.8714  -27.6034  5.51454  24.6887  124.285  3.95748  -0.378891  7.27572  2.27363  -0.537244  -0.0387167  24.502  -24.369  2.07967  8.2839  11.6882  99.9372  1.01195  1.38809  -2.48581  9.2337  -1.49366  -0.128732  -17.5081  -9.20762  
0.716212  -6.44045  -10.3279  -5.67923  -4.30392  1.04487  -0.199643  17.5521  -3.93247  -25.6263  49.3306  9.94849  5.42781  0.0423414  30.2507  -0.781255  3.36732  8.29449  -10.4023  1.8655  -14.017  109.801  5.17004  0.983966  -50.6562  -5.44762  -1.23068  -3.2387  -40.5287  29.6593  2.07366  10.1942  11.4521  -545.228  3.17461  -0.192862  -2.21762  4.15001  -5.23393  1.56124  -18.4538  9.76724  
-0.3708  -11.0245  -10.1316  -1.2025  -3.15443  0.585017  -1.4258  12.9383  -0.818462  -41.9778  134.447  -5.1129  4.98726  -1.66182  1.81923  -4.99207  -0.654632  10.0018  25.8505  -9.01188  -67.2034  115.709  5.68071  2.20714  -69.1979  -9.57723  -3.78502  -1.9137  -80.1919  55.1233  -0.201162  -3.54964  4.60979  -522.623  2.89214  -3.22899  -2.82829  -2.70175  -1.92809  2.40183  -9.74278  20.4524  
-1.27073  -6.06345  -7.81805  -10.4787  -1.66011  -3.43621  -2.05951  -0.843841  0.927499  -30.3645  163.729  -25.9656  2.93088  -3.61318  -29.9255  -6.13337  -2.41773  18.1631  45.6424  -17.5679  -75.4778  121.837  5.1754  1.8883  -14.0476  -9.17506  -9.57804  2.88115  -67.7172  21.2439  -3.32036  -17.762  -2.22505  78.4659  -1.47165  -5.03625  4.28767  -2.58571  3.25672  1.44411  1.70939  19.6929  
-1.04833  3.81338  -3.97138  -16.0554  1.57607  -3.35443  -1.29374  -8.47288  0.150101  -5.13739  80.1108  -34.843  -0.0492317  -3.42604  -33.0701  -4.06743  -0.460943  20.534  26.4916  -15.1745  -31.0328  75.5099  4.29595  0.145714  62.0031  -6.95834  -15.7167  5.76997  -23.5512  -29.853  -4.93896  -14.8968  -2.90038  459.274  -5.98299  -2.54006  12.9065  4.0864  1.30556  -0.338383  9.67775  11.6308  
0.0895949  10.184  1.94453  -0.824643  6.22918  3.59314  0.334108  -2.10846  -1.3722  15.7134  -46.1274  -18.0332  -2.57804  -0.258608  1.42172  -1.76547  2.21357  9.43946  -6.85578  -5.505  13.4766  -31.5307  4.38239  -1.31567  78.3941  -4.66367  -13.1985  2.73672  9.85065  -24.684  -3.12931  2.21291  2.25616  190.694  -5.51401  3.06289  2.36287  8.56017  -7.68208  -1.22348  12.8201  -0.686808  
1.12401  8.9074  8.42619  22.3524  9.50708  10.917  1.60514  9.70135  -1.26967  26.1453  -63.6529  14.2381  -3.37506  3.03222  44.4951  -0.436444  2.40333  -7.32721  -17.694  -0.510062  8.59562  -128.986  4.84653  -0.563859  23.7326  -2.22506  -0.888551  -3.93743  13.6141  42.5249  1.46217  11.8189  6.14028  -409.993  0.00541721  6.86227  -22.9419  5.05195  -14.1758  -0.73822  11.9856  -11.9375  
1.30412  2.02576  8.17712  22.5282  8.33034  9.24778  1.91542  14.0561  -0.524574  29.5749  30.9903  32.0621  -2.31944  2.53812  56.5733  1.69323  0.0463374  -18.9027  0.21314  -7.45444  -33.2579  -143.141  3.41221  2.38581  -28.4929  -0.194331  11.2321  -7.18242  4.92839  91.4785  5.49577  3.35701  3.09744  -785.9  5.28441  5.96397  -33.4556  -2.51722  -9.13554  0.0456161  6.17943  -16.8839  
0.768873  -4.60901  -2.87205  -4.82623  2.90686  -1.36628  1.51349  11.2849  -0.104414  34.5327  114.737  19.6388  -0.817707  -1.59667  28.8243  6.0099  -2.37893  -30.1653  16.8063  -20.2738  -53.238  -74.0009  -0.508169  5.59286  -16.4261  -0.0205621  13.5611  -3.71244  9.69918  51.5893  6.44744  -10.4693  -4.28997  -798.189  6.22182  1.71704  -10.0344  -5.51727  4.36511  0.148144  -2.55044  -13.6643  
0.241523  -6.30827  -17.5371  -25.974  -2.76669  -11.5944  0.854288  7.66402  0.578716  45.3992  84.3038  -3.92735  -0.795809  -4.72272  -7.83853  10.0864  -2.5008  -50.315  9.72898  -27.7039  -21.5202  6.24397  -4.26766  7.06117  40.2356  -2.01971  12.2539  1.46944  50.5318  -49.0341  5.79171  -9.18838  -7.7933  -661.689  6.2535  -0.841617  20.2275  -1.56992  14.7357  -0.125983  -6.91127  -13.5634  
0.216534  -2.2351  -23.0426  -12.9093  -4.43179  -12.2796  0.174928  4.89443  3.21337  60.5671  -21.837  -9.49861  -3.14826  -3.175  -16.9476  10.4939  -0.206242  -73.0664  -11.016  -24.908  32.8179  35.1385  -4.71426  6.28269  68.0505  -4.14168  18.6544  1.59861  105.121  -122.472  6.08304  10.0151  -3.4503  -582.846  10.2682  1.27888  18.124  4.51657  13.8131  0.11072  -1.40479  -23.0156  
0.478255  3.44635  -15.2998  17.7473  -2.17336  -5.62087  -0.303965  2.51246  5.67276  66.4024  -91.8748  3.63731  -5.21718  0.999746  -0.48102  6.91394  2.16249  -76.7082  -22.9554  -16.2281  60.5932  14.382  -2.25049  4.35871  42.4762  -4.39766  27.2276  -2.8914  132.597  -114.61  6.6112  26.5094  3.4346  -509.563  14.9368  4.45535  -10.7666  6.53625  5.60058  0.812671  8.15303  -33.2053  
0.46019  5.59252  -3.32244  23.0535  0.558748  -0.434594  -0.332707  1.55532  3.95615  48.9537  -70.8047  8.87277  -3.67673  2.38853  10.8183  2.21837  2.01316  -43.8248  -15.8909  -7.23679  42.079  -16.8498  0.0095497  2.68911  4.38082  -2.65716  19.7511  -5.23266  93.9904  -45.8933  3.90784  20.5112  4.59167  -322.956  11.0009  4.22205  -24.2897  3.31753  -0.260063  1.06525  9.53024  -23.4949  
-0.0224953  2.93401  5.3794  -8.95056  1.76599  -0.720463  0.0505895  2.93771  -2.60168  9.6661  10.6667  -6.11823  1.94542  -0.44277  3.17031  -1.60865  -0.80036  17.8687  4.89794  0.157881  -5.13903  -36.8198  0.636686  1.71711  -15.8724  -0.111293  -7.94601  -2.41578  -4.12766  40.259  -2.98152  -7.76166  -1.73113  -14.0343  -3.34301  -0.785261  -4.10735  -2.95218  -0.201349  0.481819  -0.134394  8.62266  
