0.309724  -1.24155  3.19587  0.66131  -1.63017  -0.503702  0.253674  -0.153525  -1338.68  -5.54556  0.769057  0.0985886  -1.57933  0.537339  3.96296  0.929628  0.348557  -0.58143  -2.97051  -7.09783  -0.821459  -0.0353844  -1.10246  0.811953  0.189366  0.113019  3.09056  -6.32788  6.62449  1.00303  0.878593  3.21773  -1.1956  -1007.59  -0.278202  1.2617  -0.0300386  1.4696  1.33752  -29.0049  -17.8404  -12.6473  
-0.0562251  -6.33127  -3.50044  -4.60073  5.00626  -1.89635  -1.78373  5.50197  5227.32  27.7718  -12.0722  -0.398095  5.22837  4.65679  6.02496  1.23276  0.566526  0.776192  16.3262  -11.6128  -1.80942  1.44874  -2.96118  0.817656  12.4934  7.33155  -4.22088  -6.5421  -20.9686  -1.3637  -4.21315  8.43239  -7.61903  3703.14  -2.89507  0.580218  -12.3677  -13.8059  -1.29969  94.2358  -11.7407  -8.27536  
-0.566692  -4.09035  -6.05266  -6.77172  3.77075  0.434167  -3.03734  6.6903  5420.99  36.1787  -13.5451  -1.26479  6.19412  2.22587  16.8324  3.44812  0.979098  0.41415  24.8913  -26.6231  -0.612192  5.48684  -4.21753  0.571273  11.1681  12.3236  -8.7723  -4.88142  -44.4043  -2.40886  -5.43717  16.9736  -12.0524  6381.26  -5.50246  -1.65837  -12.6934  -23.0675  -2.68687  137.285  -0.901939  -23.6839  
-0.899042  0.480622  -4.74345  -6.06982  -3.67126  5.52808  -3.14223  2.44706  852.504  24.24  -4.94036  -2.04365  6.29584  -3.27637  28.8282  7.63924  1.49964  -0.539742  19.4471  -48.8685  2.39464  8.83173  -4.3511  0.365064  -3.09252  13.1964  -9.33163  -0.05705  -53.9662  -1.85171  -5.30826  19.7691  -11.0421  5891.68  -6.89214  -4.35485  -2.69084  -25.3113  -2.94534  107.315  9.48116  -46.013  
-0.680932  -3.10427  -3.41209  -4.67442  -8.27834  8.63234  -2.14895  -3.22564  -1716.83  13.2049  1.85665  -2.00991  12.8638  -3.84721  25.3135  11.8441  1.65521  0.464516  6.53852  -58.6551  4.86924  6.66945  -3.19179  0.590573  -15.502  9.74412  -7.05665  5.73176  -46.246  -0.59906  -9.36577  8.30054  -3.77129  2923.57  -5.66227  -4.58025  5.3843  -27.1428  -3.23783  68.6464  11.5091  -43.6951  
-0.127498  -17.7723  -3.65588  -3.63354  -4.26299  7.43559  -0.312532  -5.06697  850.529  10.4508  1.01014  -1.2411  19.3075  -0.0396498  4.85078  12.3627  1.07974  3.46353  -3.00128  -40.093  5.56852  -0.224658  -0.860721  0.997903  -15.8396  3.73673  -3.71581  5.86803  -26.9678  -0.362615  -15.0845  -7.20856  3.18157  -190.746  -2.28843  -1.04262  3.40118  -31.0145  -4.04522  49.4809  8.30597  6.08364  
0.182022  -29.7216  -3.46284  -2.62152  4.20133  3.7781  2.06389  -2.21274  4596.55  5.47425  -3.1086  -0.543764  12.9721  0.94404  -15.2408  6.00365  0.153885  4.79909  -2.44441  0.0167875  5.6103  -5.83363  1.3345  0.838686  -6.09206  -1.2467  -2.27101  -0.899838  -8.0863  -1.73619  -13.4899  -8.07452  3.8159  -1684.24  0.931362  4.22422  -4.49171  -29.3252  -3.26004  28.2452  11.2809  74.4481  
0.123089  -26.2055  -1.20601  -1.32074  7.41923  0.359544  4.07498  0.153913  4424.42  -6.78284  -2.76966  -0.342712  -3.60109  -2.91612  -21.6172  -7.02021  -0.163005  1.85953  4.21034  35.7217  6.82077  -6.05722  2.36085  0.0302325  1.97428  -2.18303  -3.69303  -5.9947  7.69431  -3.36042  -1.38375  7.34094  2.37388  -1690.52  1.57465  7.67899  -8.13283  -14.8914  1.30591  -7.53769  19.0799  110.886  
0.102834  -10.4741  1.48008  -0.388568  1.69977  -2.10652  4.29548  -1.22654  419.812  -16.2402  1.53977  -0.33647  -13.8228  -5.40238  -14.7863  -19.0395  0.486755  -3.08308  7.96245  44.087  7.74131  -3.65749  2.05161  -0.422762  2.45391  -0.0591856  -5.49854  0.756622  19.7952  -2.76615  12.7728  19.2112  7.32513  -1746.83  -0.344026  7.14717  -4.21873  3.27825  7.78761  -31.4034  17.9346  79.9262  
0.353458  2.96742  2.28568  -0.0907522  -7.16246  -3.58788  2.20616  -3.6518  -3296.18  -14.8503  3.68422  -0.161958  -8.30001  -1.69079  -1.30786  -20.5361  1.11873  -4.42551  5.03848  30.2848  5.195  -2.58446  1.05253  0.358562  -2.52564  1.04957  -3.08118  15.5651  26.2726  0.547553  17.8041  12.3948  16.3823  -2510.77  -2.57989  3.73935  1.42487  4.8561  10.1816  -21.6436  4.1492  1.37484  
0.579138  3.40578  1.53174  0.188712  -9.40843  -2.67267  -0.616948  -2.35024  -3852.27  -7.83531  0.682966  0.0522914  1.79634  4.91228  12.7216  -11.538  0.57353  -0.400008  -0.325602  12.8979  -1.71209  -3.98998  -0.509085  1.89006  -7.28838  -1.97186  4.05599  24.0263  26.3307  4.032  11.8934  -5.99287  15.6466  -2891.7  -2.49481  0.634097  2.23876  -16.2425  5.33119  0.76341  -7.31437  -75.5691  
0.442136  -3.66134  1.56003  0.441321  -1.61402  0.837214  -1.8131  1.7105  -1949.01  -4.21765  -2.21119  0.0336034  1.08033  9.18758  21.8877  -2.20394  -0.747945  4.18616  -3.46852  5.50077  -8.50554  -5.47551  -3.21462  2.64801  -10.6209  -7.47034  9.74695  18.4578  22.8563  4.29124  3.84392  -18.1873  -1.27904  -1792.81  0.11285  0.0597357  -0.718616  -31.4525  -0.889017  0.964145  -2.13179  -113.246  
0.130496  -3.9477  3.74829  0.379185  9.5718  3.6006  -1.0702  3.30396  217.473  -2.71699  -0.481813  -0.117008  -7.78768  11.3  21.5779  -1.31337  -1.06104  3.54845  -5.20504  0.598409  -10.4099  -3.96271  -6.89434  1.93226  -14.1697  -9.63168  8.49115  7.45793  18.5378  0.990068  1.20173  -17.3543  -19.4059  174.007  2.42443  1.06534  -1.71895  -11.085  -0.00466703  -22.8452  10.44  -93.9596  
0.0464474  7.52131  6.5843  0.384669  13.6956  1.60267  -0.677163  1.49971  803.198  2.26603  2.5092  -0.0918555  -10.7196  12.817  12.7302  -3.17981  0.566887  -1.99127  -8.18181  -9.57654  -7.02859  0.0573989  -9.21478  0.603912  -13.7439  -4.91934  2.03162  0.130895  12.779  -2.92871  0.309628  -9.79727  -19.935  1409.87  1.92855  0.807053  1.65197  32.2609  6.48084  -38.941  9.66607  -24.0937  
0.170351  19.2615  7.84921  1.18521  6.34775  -4.19715  -2.5131  -0.293871  -641.964  8.41142  -0.00341263  0.112259  -2.42547  11.844  3.04222  3.35702  2.75428  -6.07129  -11.8339  -15.0342  -2.64649  3.35269  -7.20432  -0.0854329  -4.7881  2.65284  -2.39288  -1.27537  3.42394  -4.19395  -5.2726  -2.62663  -4.73994  1437.87  -0.51664  -2.35225  4.80308  48.6753  6.348  -28.8248  -8.18513  61.2188  
0.0955023  16.5146  6.34914  1.72088  -6.169  -7.71461  -5.57766  -0.348319  -3241.98  8.98349  -7.71852  0.212249  4.96414  4.74165  -5.05614  16.3473  3.25375  -3.99402  -9.33681  4.25244  -1.24964  2.17077  -0.917325  0.0328339  10.918  5.81044  -1.691  -1.19538  -4.57125  -2.0507  -16.4446  2.74024  6.28  1010.63  -1.20813  -6.53898  2.94654  10.5134  -6.9352  -9.80554  -20.9973  104.281  
-0.305538  -0.216534  2.61969  0.134601  -13.2664  -5.12237  -7.17707  -0.274955  -4774.63  3.38565  -12.2721  0.0631211  0.140623  -5.21915  -14.138  21.93  1.60967  2.02676  0.676412  50.368  -3.02626  -3.1679  5.1705  0.210835  19.941  1.48012  0.405074  -1.58509  -5.97729  1.65913  -25.4955  7.42795  3.37505  1126.66  1.84324  -8.03761  -2.00408  -43.2432  -21.8411  -6.51139  -16.754  73.0593  
-0.646064  -15.4074  -0.974015  -2.63345  -10.5274  0.454261  -6.05532  -0.749501  -3405.67  -1.20107  -7.64608  -0.172364  -11.7055  -10.838  -23.345  13.0475  -0.437454  5.40074  11.3032  89.8858  -4.43071  -6.70354  6.32065  0.0277957  14.6946  -4.88296  -0.192129  -3.23742  -3.54022  4.28682  -25.2966  11.1835  -2.78638  1575.74  5.86732  -6.03608  -4.12466  -47.6758  -20.2553  -14.13  -5.85432  -8.68211  
-0.495694  -12.6699  -1.50869  -3.5518  -3.18213  3.17294  -3.2636  1.3166  70.2418  -2.13195  2.89926  -0.251736  -16.1344  -9.73951  -21.3315  0.357578  -1.15747  2.48703  13.621  84.1044  -2.42236  -3.34296  2.01382  -0.0583563  2.47289  -5.65094  -1.82534  -8.2753  -4.86916  4.12344  -17.0819  14.5219  0.650554  1773.24  6.23445  -2.74322  -0.932202  8.17853  0.405854  -7.45645  -6.94671  -77.0696  
0.0490688  3.36566  1.3532  -1.26657  0.260636  1.71253  -0.47925  4.98993  2989.86  -4.61145  8.07578  -0.134764  -6.1242  -7.13476  -1.52526  -1.72667  -0.57494  -3.99841  7.01101  22.6082  2.97272  4.84267  -3.67438  0.421622  -2.30104  0.170714  -0.930236  -16.398  -9.81067  1.04653  -6.23233  17.3439  10.0351  1411.74  2.22269  -0.4773  3.55784  60.511  21.1971  15.8828  -16.0534  -87.6512  
0.494835  13.8988  4.3457  0.65706  -0.819884  -0.159502  1.25765  4.10241  3282.72  -10.8182  3.36711  0.0308291  10.2088  -7.62295  21.9599  5.03076  0.0897917  -7.95654  -1.22116  -55.1082  8.52981  9.50251  -6.09724  1.2594  4.75447  6.33002  2.2397  -22.2653  -11.1036  -2.84935  1.96004  14.2954  12.7476  595.876  -1.82098  0.85108  4.27974  44.2225  22.2251  23.7734  -12.481  -54.4031  
0.546964  7.1698  3.06133  -1.00179  -0.669302  0.201582  1.58499  -4.46687  1806.34  -13.8512  -4.2857  0.0916121  19.2259  -8.56065  22.773  5.47142  0.177991  -6.03504  -4.83543  -95.3862  10.1727  5.77965  -4.52716  1.89097  13.9277  6.66881  3.75753  -20.6861  -6.40163  -4.28297  8.75131  0.00170354  7.10501  -359.683  -1.73109  2.5773  1.32405  -22.2943  3.09383  -5.22349  10.7177  -22.2373  
0.388554  -8.99914  -1.99209  -4.26438  3.22178  1.46098  0.797667  -12.4452  523.993  -7.4001  -5.39985  0.0404371  14.895  -6.36014  -3.13969  -6.91076  0.095399  -0.522581  -2.58717  -80.275  6.05272  -1.56711  -1.75571  2.04492  15.0279  2.4079  2.40382  -16.291  -2.15441  -1.70827  16.1704  -20.6709  2.48757  -1154.61  2.01927  4.45355  -1.53608  -52.1602  -18.332  -43.1759  35.8174  -16.2618  
0.361691  -15.268  -4.87278  -4.19672  6.6242  1.37613  0.181137  -9.30654  299.108  0.782556  1.36349  -0.0387828  3.0464  -2.46  -30.5306  -19.8442  0.36392  3.45295  1.69566  -40.6558  -0.513403  -5.16852  -0.79148  1.86588  2.9053  -1.07187  0.341007  -17.2318  -0.734797  2.66089  23.2039  -32.6166  4.13157  -1443.54  5.07866  4.48357  -2.30831  3.7765  -24.8039  -42.7732  42.131  -27.9322  
0.526297  -5.83479  -1.39871  0.154231  4.46898  -0.0191351  0.887878  2.31796  425.503  -1.46245  8.0564  -0.0787596  -6.67014  -1.12881  -29.8638  -18.604  0.806935  3.42534  6.18954  -24.2096  -4.39171  -1.83709  -1.66017  1.59673  -15.8461  -0.531461  -0.266435  -23.4579  0.621972  4.56753  23.3902  -26.1929  6.36485  -1168.94  4.2169  2.46665  -2.02578  89.151  -14.7757  -3.54802  24.5723  -32.2391  
0.641444  5.20245  4.956  4.3301  -0.958346  -0.626049  2.37591  8.49236  980.248  -12.0273  7.38063  -0.105058  -8.68848  -1.46424  -1.91842  -5.4826  0.948476  1.74211  7.29793  -36.799  -3.87454  4.62539  -2.183  1.36313  -26.9971  1.73115  0.34728  -22.054  0.306977  1.67085  15.089  -8.36803  2.63215  -798.494  0.474419  0.557264  -1.95676  104.633  -0.0410288  24.015  -0.45022  -28.4343  
0.541701  2.26611  6.47633  4.69438  -2.90256  0.525854  3.04681  2.43026  2247.38  -13.1826  -0.697155  -0.180949  -4.70671  0.7226  20.2342  4.88172  0.939738  1.94829  0.757394  -45.5075  -1.92144  8.12754  -0.987713  1.07387  -16.5786  2.14727  1.41626  -3.10216  -4.58947  -3.62991  4.98249  4.41828  -5.00142  -688.612  -2.7688  0.398061  -1.94353  22.2657  7.66551  7.86678  -14.3371  -20.2756  
0.341902  -12.4206  0.876454  2.88252  0.69437  2.3492  2.32601  -6.72342  3603.7  2.21267  -8.98369  -0.257167  -1.46067  4.8049  10.868  4.75683  1.36944  3.59713  -10.7972  -21.4077  -0.856101  4.95648  1.03636  0.508025  8.11758  0.304973  3.00897  23.8784  -9.67631  -6.87887  3.46041  6.01183  -10.2386  -649.178  -3.6012  0.870794  -1.40473  -80.059  7.84309  -24.1219  -13.5036  -13.6798  
0.2036  -19.4718  -5.06837  2.10941  4.3357  2.59073  1.37157  -7.41401  3816.74  18.22  -11.4786  -0.224338  -5.13076  5.7327  -20.5525  1.82906  2.16209  3.28369  -18.3595  15.3666  0.524899  -3.54929  2.12239  -0.471323  17.5496  -2.26614  4.38482  38.8896  -5.03872  -5.19035  10.9573  5.7488  -11.072  -439.975  -3.14523  0.0521516  -0.155742  -109.963  7.86758  -29.7132  -7.21366  -3.0871  
0.0473906  -8.79657  -4.0784  2.36524  3.29138  -0.163931  1.16671  -1.20549  2771.79  14.8195  -7.65568  -0.121351  -13.1977  1.68247  -37.7071  4.84781  2.14169  0.356526  -15.8673  26.2807  2.89633  -12.3505  1.84792  -1.46913  -6.51948  -4.15372  4.14998  32.551  7.68076  0.00371258  13.9018  12.2625  -9.07732  -373.218  -3.70616  -1.8916  0.631904  -61.0408  11.2648  -9.96055  -4.6452  20.4985  
-0.263495  7.79142  1.98105  1.23866  -0.148562  -3.54162  1.04257  0.920324  2064.97  -4.12093  -2.51434  -0.0926569  -15.3122  -2.17078  -25.3646  10.3325  0.40333  -1.41733  -7.18069  11.369  3.58711  -15.8015  1.41798  -1.69134  -37.4008  -5.48923  1.89383  17.7517  11.5732  4.574  -0.521971  20.2024  -5.73389  -980.992  -5.36394  -2.84822  -0.367636  -5.6139  12.841  2.49714  -4.90814  43.5808  
-0.598523  10.9176  4.06035  -1.19951  -1.49706  -3.18096  0.0210674  -3.11429  2011.96  -16.5316  -1.17954  -0.206494  -6.12287  -2.09128  -1.27984  8.80161  -2.13422  0.750897  -0.834421  13.2521  -0.372593  -13.5951  1.15051  -0.749143  -26.767  -6.22607  -1.09645  12.5077  -3.72596  5.35197  -25.0883  18.4722  -1.41203  -1848.78  -6.06367  -1.53323  -3.59329  -2.69893  7.16976  -3.39729  -2.79817  46.3194  
-0.636857  -2.45442  -1.96944  -2.29792  -1.78159  2.24852  -1.3481  -5.58227  792.339  -11.3953  -3.15014  -0.323238  6.3561  -2.10984  7.60339  -0.25048  -3.17005  3.62545  0.739334  57.8541  -6.15658  -10.6559  0.262167  0.599551  31.0056  -5.84408  -3.21345  14.5548  -25.3015  2.48523  -38.2838  6.73224  1.69572  -1814.52  -4.0031  0.8053  -7.00016  -36.0812  -1.49541  -10.9093  -1.38743  21.2679  
-0.222573  -16.1604  -9.53313  -1.04077  -5.85088  7.19789  -1.65774  -1.1673  -2606.98  0.404881  -3.22863  -0.21858  8.99491  -5.46487  0.910412  -7.12553  -1.59523  2.06775  2.65189  108.259  -7.42363  -9.94734  -1.60899  1.33336  81.3299  -3.53728  -4.35354  6.54644  -30.8768  -1.41962  -27.923  -3.57171  2.03977  -576.833  0.274216  2.58938  -6.89021  -51.4022  -4.30833  -10.6356  -5.27627  -8.16415  
0.331462  -16.3841  -8.76589  0.293219  -11.6069  5.47127  -0.681894  3.80742  -5377.42  5.77543  2.02021  0.0475034  0.864786  -7.53535  -0.110196  -5.81982  0.885876  -3.18899  6.8604  105.951  -3.11842  -8.53014  -3.28199  1.32843  71.6231  0.317256  -4.57645  -18.8472  -12.5413  -3.85181  -5.02091  -5.53982  1.19764  660.651  4.17686  3.04634  -2.59785  -21.082  -0.988509  -11.8402  -9.46464  -5.37243  
0.635247  -3.76012  0.860745  -0.484729  -10.59  -1.18836  0.426248  2.96918  -4237.74  4.63151  9.34313  0.216052  -6.54932  -2.33389  14.6682  -1.19212  1.60698  -5.5755  11.1565  43.653  1.29027  -2.29728  -3.89273  1.4537  12.9007  4.38969  -3.1311  -44.3339  13.5901  -3.90904  10.5319  -5.41219  1.75403  855.285  5.74293  2.57677  2.26936  28.2703  -0.0268285  -11.6826  -4.17687  29.9558  
0.653311  11.2509  9.90881  -2.33272  0.304544  -4.02784  0.865052  -0.821511  145.249  2.7057  13.4441  0.11033  -3.9328  7.45142  28.2928  -0.369903  0.115666  -1.34707  14.2946  -24.6644  1.14922  7.17223  -4.13758  2.22047  -36.7474  6.45075  0.110584  -46.9276  26.5039  -1.84294  12.2289  -8.9364  4.35053  360.732  4.8579  1.74374  4.29674  52.9661  -5.38147  12.7966  8.54571  61.0885  
0.701976  22.342  9.93192  -2.30113  12.4062  1.18665  1.07763  0.325691  3614.59  2.64569  13.7132  -0.112189  4.35158  11.4468  21.2412  -1.68271  -1.09311  4.91814  15.9823  -54.1113  -0.952593  13.0275  -5.30629  2.92077  -41.7939  5.22323  3.66283  -26.862  20.271  1.29893  8.01712  -10.8893  5.82443  34.5744  2.94911  0.920751  3.23395  35.3374  -9.53403  64.2104  11.3402  56.4684  
0.912393  25.3032  3.8299  0.230663  13.2809  7.00901  1.80661  5.36991  3235.1  4.39622  14.5211  -0.19261  7.35509  6.37219  1.31681  0.0813849  0.190245  6.03298  14.256  -47.9784  -0.0160226  11.7964  -6.29724  2.37826  -16.2449  1.22313  5.80185  -5.75792  5.36725  4.27924  4.55282  -2.68653  4.41502  -366.25  1.37002  -0.0802379  1.95269  -3.22984  -4.89776  101.712  -3.41054  30.353  
0.927092  15.1324  -0.156583  2.54117  2.62251  3.68645  2.58701  6.33337  449.42  9.10618  17.7143  -0.0883099  1.67254  -0.727691  -8.20671  4.64742  2.8143  1.11758  5.33948  -46.0318  2.9435  7.18836  -4.5662  0.470998  8.02922  -3.54341  5.40583  1.24331  -1.68047  5.09586  1.69258  11.3974  0.667594  -1439.69  0.781386  -1.94646  1.56033  -29.5129  4.47932  84.4215  -18.1556  16.5956  
0.292411  -3.90037  0.802277  1.89285  -6.83499  -7.69213  2.09604  -0.4383  -2236.52  13.108  18.2585  -0.000490896  -6.83172  -3.40603  2.75723  7.61031  3.28665  -3.81456  -7.91671  -63.2456  1.65662  4.63411  -0.212806  -1.63402  17.7307  -6.54872  2.67989  0.584466  2.83747  2.9327  -2.46377  17.5061  -3.36946  -2668.76  1.21496  -4.47002  0.430941  -24.31  8.18389  26.2693  -13.6693  24.0927  
-0.855595  -14.2518  2.03897  -0.618699  -5.19976  -15.7362  -0.299511  -7.4227  -3564.19  7.98618  10.6387  -0.0538902  -12.3558  -2.98801  15.3024  6.5952  0.0560089  -3.98276  -13.6865  -83.7394  -5.1994  3.74055  2.92342  -2.64657  14.2532  -6.51943  -1.07502  6.26359  6.9527  -0.507477  -6.10507  9.36209  -5.53451  -2696.46  2.03917  -5.96854  -0.469237  2.46938  4.25582  -16.1469  5.85134  19.5165  
-1.685  -2.97374  0.0961539  -1.75296  3.37661  -12.578  -3.18135  -5.88244  -3712.07  -7.16285  -1.48185  -0.139209  -12.5617  -3.75208  9.22913  4.02939  -4.20414  -1.00547  -7.04389  -89.1745  -10.5662  -1.59903  1.96853  -2.24907  -0.34399  -3.32562  -3.44213  17.4127  3.29778  -2.078  -7.03195  -4.27765  -3.6692  -1244.51  2.42538  -3.90293  0.699228  26.9525  0.333482  -12.9381  15.4654  -23.3823  
-1.43338  15.7706  -0.917901  0.0226177  7.47741  -2.14338  -4.02507  3.33444  -2667.12  -21.0578  -10.3015  -0.0835762  -7.08625  -4.84815  -14.0464  2.28906  -5.35541  0.561986  1.58377  -79.0819  -6.99448  -12.8543  -1.48457  -1.03493  -17.0296  1.78233  -2.64208  24.2775  -5.72513  -0.613806  -7.32759  -9.55312  0.825646  602.261  2.33225  1.10795  3.94357  29.936  1.8245  7.9369  1.37997  -90.1012  
-0.311249  12.9697  4.23932  2.25354  3.34398  5.46976  -2.09517  10.1239  -1299.23  -22.7482  -12.0382  0.0659267  2.48176  -3.44728  -34.2056  1.14017  -2.57872  -0.476059  0.63618  -58.144  2.83177  -22.1789  -3.0178  0.274744  -19.7012  6.17002  0.440324  22.4326  -7.37987  1.79788  -8.23177  -3.96229  2.73955  1816.92  2.19308  5.1519  5.25724  10.9785  5.29564  5.02918  -19.5694  -136.772  
0.661261  -16.4492  11.9485  1.84997  -1.60575  5.36355  0.323356  6.46213  -904.087  -16.194  -11.4133  0.0869056  9.45449  -0.75172  -38.5089  0.425991  0.891132  -1.38043  -6.53633  -17.4542  9.10209  -18.197  -1.10347  1.33124  -3.11321  7.65791  2.36241  17.188  -1.54527  2.31731  -6.65476  5.86491  -1.51933  2327.74  1.88791  5.38255  2.83672  -15.8677  4.76988  -21.9662  -21.4274  -136.085  
0.788856  -40.9164  12.512  -0.712864  0.829724  1.01568  0.0836272  -4.73369  -1374.18  -10.839  -12.3993  -0.0762202  7.7628  -0.257097  -34.584  1.96583  1.91714  -0.0594483  -7.21768  49.2149  6.25937  -1.3662  1.93403  2.07217  15.2186  6.14393  2.04648  11.4579  -0.237153  0.739484  1.2333  12.5671  -5.70581  2029.32  0.832657  2.986  -0.785312  -31.1467  0.598117  -39.4738  -0.617935  -94.7629  
0.417073  -31.0903  2.85979  -2.18009  7.87953  -1.46475  -3.04236  -12.8114  -630.636  -7.03849  -13.8393  -0.21286  -0.74135  -2.2866  -36.9597  4.92018  1.24431  2.42797  3.89904  121.61  -1.15852  15.4128  2.64591  2.39996  12.92  4.22163  1.34625  3.12171  -9.21828  -0.772784  11.3726  12.206  -2.49169  601.624  -0.670562  1.20363  -2.07196  -23.1316  -2.25038  -29.6858  21.2362  -29.9742  
0.375172  0.378216  -7.6493  -0.64522  10.1634  -0.0042165  -5.87565  -10.0116  2156.66  -0.798596  -11.8422  -0.110427  -7.06626  -3.02328  -44.6249  4.91253  1.76271  3.80874  14.6238  152.882  -4.42305  18.8652  0.574523  2.29978  -9.62086  3.67722  2.16634  -6.7022  -14.8612  -0.199033  16.7977  4.35655  4.77698  -1402.9  -1.76057  1.23452  -2.09424  0.966616  -1.31682  -10.0432  19.0128  33.5046  
0.82902  16.5088  -8.13511  1.25588  3.18009  2.44594  -5.57238  0.123377  4582.47  4.09462  -5.43622  0.133258  -6.21706  -0.322814  -41.9639  -1.01373  3.88187  4.00656  12.5683  112.313  -1.22741  10.8202  -2.33216  2.09133  -29.9533  3.05054  3.1083  -9.46564  -6.62947  1.43426  14.5711  -8.18367  4.25788  -2431.62  -1.50016  1.36428  -3.51361  15.2446  0.809238  -4.30349  -7.61756  79.8764  
1.0894  7.3663  -0.125417  0.209725  -6.42737  2.33105  -2.56162  6.88771  3763.64  -0.222352  1.53405  0.221979  -0.0675863  2.12309  -18.6046  -9.16633  4.48675  4.2577  0.371296  23.7917  3.39158  4.19208  -3.62412  2.08046  -32.5035  -0.522158  2.03701  -1.11457  6.52733  1.4027  8.16313  -18.4986  -5.63657  -1601.51  -0.408946  0.553178  -5.49022  -0.981264  1.36315  -10.8732  -34.1658  101.266  
0.643871  -1.46857  5.28053  -3.01119  -8.92037  -0.043757  0.529157  4.09378  813.719  -9.61464  4.8999  0.0559599  5.19242  0.561222  14.9719  -12.865  1.48781  4.88741  -10.8903  -53.0089  4.5597  5.40728  -2.98488  2.09565  -18.9269  -6.2016  -0.360219  11.5647  7.0891  -1.26819  0.270668  -21.5536  -9.68391  166.535  0.463313  -0.209663  -4.12959  -34.784  0.528915  -12.9832  -34.3949  109.603  
-0.0964521  7.4978  1.01894  -4.39404  -3.97142  -1.02909  2.15696  -3.30054  -510.988  -10.9321  3.70464  -0.176841  7.50486  -3.87263  39.636  -9.64163  -2.69586  4.58509  -14.801  -78.8846  2.89814  7.00146  -2.57376  1.70812  1.54326  -9.50498  -1.31328  16.8275  -6.71964  -4.23359  -8.48076  -17.3873  3.08348  1290.95  0.365547  0.186131  1.03502  -47.6896  0.313055  -5.27331  -8.1218  117.225  
-0.298534  16.4861  -7.8615  -2.27393  -0.307695  1.69986  2.65049  -6.39062  1183.05  -1.07433  -0.286022  -0.190704  6.59383  -6.46165  48.6972  -3.64169  -3.89984  2.40968  -11.7603  -72.1846  1.79861  -1.22055  -3.8403  0.996474  22.6438  -6.88747  -0.309132  12.9639  -20.5694  -4.27075  -16.0591  -9.16576  19.8153  1017.93  -0.556177  1.24605  5.77429  -18.6305  1.92728  3.38387  18.494  116.933  
0.176871  1.7063  -11.5765  0.690225  -5.24274  5.35755  2.46381  -3.20412  3003.84  7.54279  -2.6371  0.0561078  2.20214  -4.09817  49.231  -0.174393  -1.80276  -0.317264  -3.46952  -69.682  2.14051  -15.7061  -5.68372  0.751755  36.7865  -0.53553  1.13655  8.23027  -19.0096  -1.19493  -17.1121  0.227494  18.4939  -203.228  -1.66957  1.68643  6.27456  28.46  4.45584  7.67382  22.076  81.3295  
0.649793  -22.7824  -7.72439  1.2133  -13.048  4.872  1.50244  0.748963  2247.81  5.07608  -0.860696  0.33483  -3.46603  1.13339  47.8773  -0.102766  0.0827315  -1.80282  7.13995  -80.2603  1.99175  -22.3535  -5.479  1.34404  35.471  3.08657  1.75966  6.49014  -1.09508  1.98932  -11.0669  8.38984  -3.06137  -1394.11  -1.75469  1.27137  3.57932  50.3526  6.04776  12.7646  7.00974  2.29823  
0.61449  -24.2761  -2.49427  -0.365717  -13.5349  -0.259789  0.312159  1.00414  -570.572  -0.622515  4.67094  0.42479  -6.54563  3.56594  39.3404  -0.959726  -0.269872  -2.08104  12.6319  -77.262  -0.0105641  -14.0234  -3.19479  2.01381  21.4674  0.860647  2.04601  6.91839  22.1388  2.75274  -4.47869  12.291  -23.3106  -1568.23  0.0139972  0.283589  1.26638  32.3849  5.57396  21.1678  -0.202786  -84.0587  
0.424514  2.76728  -1.70361  -1.09642  -3.9879  -3.9782  0.235731  0.136965  -2638.45  1.84567  11.0935  0.298214  -3.34778  1.25818  18.9172  0.108303  -0.722704  -2.72567  6.24902  -45.0025  -2.84361  1.9071  -1.70963  1.93756  8.54273  -2.91754  1.85629  7.11815  35.5792  1.63934  -2.71401  10.3009  -24.565  -458.821  3.06758  -0.736912  1.01637  -1.5699  3.67026  22.584  10.1436  -128.647  
0.695483  25.0697  -4.54478  0.416289  6.86504  -1.50038  1.1621  1.58086  -2668.61  10.8609  14.5389  0.205808  4.02815  -1.47231  -5.61036  2.88441  0.840095  -4.58402  -8.2708  -0.922542  -4.67099  12.7882  -2.81173  1.73663  5.57533  -1.38041  0.593138  9.16516  27.2005  0.537221  -2.66254  3.77554  -11.6231  1067.58  4.93916  -1.11311  0.757006  -22.6547  2.13042  7.06526  20.9998  -112.799  
1.28887  18.9048  -5.708  2.72242  9.78215  4.11958  0.880148  4.29623  -1631.17  13.9281  14.0636  0.326673  9.19171  0.353042  -19.897  5.10107  2.57432  -6.08844  -18.3655  29.073  -4.28493  12.379  -3.5535  2.61591  5.74985  5.79195  -1.7443  12.9321  1.19436  0.36744  1.63615  -2.90744  1.21  1727.35  4.01816  -0.383804  -0.797372  -24.038  1.76926  -18.6176  13.2216  -60.1719  
1.37199  -0.601541  -2.18441  3.85392  5.5954  5.16457  -1.927  3.4019  -785.897  5.54018  10.3856  0.437314  8.53977  5.90652  -18.849  5.34711  1.50187  -4.96739  -17.2914  37.7209  -1.82182  4.14446  0.0713483  4.16312  -2.00875  11.4127  -3.18096  11.0408  -22.2844  0.179839  7.35629  -7.07041  8.02943  1495.83  1.15427  0.599935  -2.50764  -13.996  1.53734  -34.6148  -7.03209  -5.21939  
0.416839  -2.28441  3.27031  2.85963  1.6526  -0.648538  -5.09238  -1.88567  -421.42  -5.17443  4.84794  0.0292692  4.89347  8.38998  -15.4752  4.02345  -1.44045  -0.985539  -10.8437  38.2132  0.934349  -5.23961  6.80962  3.90473  -12.478  8.67016  -2.91095  -3.00395  -20.8685  0.0743938  7.93105  -8.49708  10.9524  1305.05  -1.20761  -0.00546654  -2.2063  4.13721  -0.0999041  -28.1411  -14.3089  33.832  
-1.08163  14.3475  4.69772  0.387819  1.65912  -6.92728  -4.96008  -7.32037  -377.807  -7.8607  -1.18542  -1.03143  2.58959  3.67503  -20.5399  2.6384  -2.40846  3.22055  -6.79617  37.2105  1.9347  -11.006  10.057  0.440148  -12.494  -0.140631  -1.78723  -22.5353  3.91498  0.782084  2.77595  -6.28228  8.94808  1412.05  -2.14869  -2.13225  0.41115  26.6351  -2.54717  -8.20439  4.2679  58.3648  
-2.09089  22.6246  -0.384833  -1.84294  0.819368  -6.67712  -0.758897  -7.62577  -539.316  -4.02093  -5.76719  -2.03382  3.51658  -5.36939  -27.9942  1.83206  -0.537947  4.66051  -3.17657  34.9218  0.0152222  -10.606  5.8769  -4.19766  -0.667103  -6.29305  -1.01714  -33.7708  29.5792  1.9907  0.01247  0.798922  1.2852  978.191  -2.21002  -3.31402  2.35316  39.783  -3.04182  5.30988  33.355  67.3035  
-2.14188  9.4408  -7.60821  -2.7361  -4.72073  -1.20568  4.14379  -3.95485  -474.849  -1.53209  -8.83221  -2.08049  4.6664  -11.8333  -21.3409  0.373117  0.548229  2.62178  4.54077  24.3591  -3.09159  -4.43364  -1.28118  -6.43924  7.67303  -4.34217  0.281274  -29.6609  34.6581  1.97424  3.7076  12.2727  -5.74352  -228.835  -2.23427  -1.39196  1.06075  27.9884  -0.61666  2.26207  46.8751  61.189  
-1.63619  -8.14265  -9.37098  -2.54089  -9.97575  2.59816  6.19384  -2.23139  402.111  -4.35384  -10.207  -1.19831  2.52865  -12.2914  2.13339  -3.23797  -1.6685  -0.835241  10.237  3.10303  -3.6339  2.09031  -4.7512  -5.17177  2.91329  1.59986  3.18171  -17.0167  19.3026  0.288884  6.5073  23.2987  -3.62095  -1253.66  -1.79434  1.7461  -2.51578  -3.447  1.8389  -8.69814  34.9966  46.401  
-1.23353  -9.41049  -3.82457  -2.27363  -6.68137  1.35344  5.27094  -4.88585  1431.83  -8.2999  -10.5446  -0.428829  -1.66476  -8.33359  22.6056  -8.44204  -4.59751  -3.2965  6.19842  -24.7345  -0.437919  3.17161  -3.25265  -2.69733  -4.97218  3.58486  5.96899  -7.7074  -2.33966  -1.40362  0.271356  24.8901  4.8208  -1374.17  -0.696043  2.12312  -4.24435  -28.2137  1.13722  -13.632  6.68922  28.4012  
-1.08015  0.989306  2.83618  -1.86729  6.20225  -1.57838  3.73108  -7.85651  921.955  -7.75656  -8.58868  -0.506557  -3.80503  -2.09658  22.2133  -12.0076  -4.16758  -3.57864  -4.17512  -39.8832  3.92713  -1.27808  -1.26272  -1.57791  -2.29659  -1.03409  5.84552  -4.81362  -18.7563  -1.5032  -10.8007  13.214  7.71272  -1278.46  0.310129  -1.4996  -2.79389  -23.0398  -1.43628  -10.9865  -19.8619  11.2576  
-0.744495  4.09324  2.85428  -0.255487  17.9707  -1.43042  3.08408  -5.85615  -2052.29  -2.27575  -4.64388  -0.833255  -2.34255  4.97255  7.44846  -9.54902  -0.464084  -1.71259  -7.76014  -20.6515  5.63978  -5.56063  -1.21609  -1.78387  7.06768  -7.51726  2.89762  -5.44808  -26.597  -0.206226  -14.1213  -6.08134  0.0389856  -1725.74  0.122806  -5.22236  -0.506131  8.71888  -1.03193  -9.5365  -31.0821  -6.71356  
0.131077  -6.21494  -3.59574  2.83413  18.4864  1.61504  2.99169  0.978833  -5112.3  3.5579  -0.797213  -0.241534  0.0737655  10.0005  -0.388765  -0.0995217  2.60094  1.83612  -0.733328  28.3887  3.51557  -3.75244  -0.667331  -1.66553  6.58495  -8.24845  0.0807412  -5.27774  -23.4196  1.633  -6.02576  -20.7851  -9.30251  -1825.75  -0.757352  -5.07915  -0.183891  40.1101  3.45933  -12.8569  -24.114  -12.5766  
1.25074  -16.9257  -9.09547  5.13093  7.11051  3.89984  2.60566  6.87211  -4932.21  6.44413  -0.0702359  1.3473  -0.384988  9.99576  5.78251  10.4292  2.44833  5.67061  5.83275  75.5862  0.238849  1.15737  2.65497  -0.537466  -8.5144  -0.0870171  -0.147426  -2.83827  -8.06291  3.34759  3.32353  -22.7632  -7.69093  -435.08  -0.660781  -1.37627  -1.08867  44.096  6.45593  -13.1229  -10.0859  5.6053  
1.8595  -16.036  -7.66205  4.40409  -7.71767  3.12808  1.73687  7.72887  -1096.03  6.48205  -1.84195  2.64601  -3.94604  6.00879  9.03967  13.4463  0.536048  6.92517  3.61348  91.9231  -1.40513  3.68233  5.92541  0.616747  -22.1897  10.9862  0.360241  3.67959  11.8303  4.14269  4.54864  -15.1208  4.74627  1444.86  0.86944  2.00636  -0.639476  15.4206  2.90207  -4.84288  -4.35295  30.5036  
1.55716  -5.57136  -0.457526  1.56943  -17.6167  0.20078  0.478461  4.64562  3188.42  5.91525  -1.99352  2.55953  -4.93387  3.14912  -3.0487  7.32079  -0.208459  3.4613  -1.77498  81.9451  -1.34777  3.09972  4.54478  0.730685  -18.6285  14.6066  -1.35979  14.0575  22.5581  2.5879  0.337282  -7.6633  16.0002  1646.13  2.44274  2.86935  1.02599  -25.1322  -3.49102  4.12193  -12.0237  31.4051  
0.749774  6.39875  6.35867  -0.117742  -18.1915  -2.85865  -0.899527  1.38318  4729.16  5.54811  2.1536  1.41858  -1.30568  4.15406  -18.7977  -0.853507  1.01367  -2.68878  -0.755945  64.6691  -1.52831  4.46884  -0.894592  -0.0295065  -1.15359  7.85836  -5.37303  19.6417  16.9479  -0.761632  1.93048  -5.00512  15.1506  -337.006  1.81679  2.38324  1.30119  -53.6424  -4.2506  1.29135  -19.3175  -12.7126  
0.175235  16.3811  8.57267  0.647687  -8.99674  -4.26338  -1.56773  -0.267793  3098.58  3.18138  7.18497  0.416929  3.21505  6.35397  -16.9751  -3.17014  2.37223  -6.75483  4.93409  36.788  -2.66921  9.88314  -5.31601  -0.738944  14.3339  1.58566  -7.7558  13.0257  5.09666  -2.74583  13.4664  -4.41313  3.8791  -2123.5  -0.933348  2.61937  -0.464887  -56.0927  1.65513  -11.5442  -12.9051  -69.5401  
0.00420014  24.279  6.00439  1.88084  5.89404  -3.36068  -0.652052  -1.01976  409.927  -2.53854  8.07034  0.0753392  3.56866  4.12978  1.82639  -0.937513  1.81616  -6.13028  6.33222  -18.8796  -2.45686  13.5055  -5.89645  -0.909591  20.0145  7.74393  -5.4589  -1.68091  -3.41377  -1.19157  21.9562  -1.88554  -6.98195  -1869.94  -3.36597  2.99599  -1.96598  -34.2759  4.39589  -19.4307  4.01814  -84.8828  
-0.224123  28.1382  1.39461  1.45384  16.7173  -0.653099  1.39445  -1.23441  -1435.72  -8.72902  4.23259  -0.014362  0.132967  -2.17882  16.8969  -0.990532  -0.812242  -2.6108  2.25261  -88.2374  0.545617  9.66418  -5.04477  -0.901933  20.479  19.8815  0.227057  -7.64904  -8.79351  1.40745  13.5469  0.85518  -9.46452  -477.771  -3.30362  1.73587  -1.34492  0.197344  -3.52249  -12.1152  12.1845  -47.2489  
-0.804791  22.8333  -3.06708  -0.358443  14.6242  1.88341  2.47882  -0.52176  -2054.53  -9.92643  -0.682617  -0.277072  -2.1097  -6.84945  13.0746  -5.40858  -3.55427  0.950528  0.969937  -124.949  4.29819  0.216957  -5.11875  -1.1744  19.2909  16.0419  5.69124  5.10453  -14.5611  0.910073  -9.44151  2.63962  -5.26327  -136.088  -1.49023  -0.251732  0.304926  27.2612  -15.6986  4.2792  5.42896  3.71997  
-1.33049  8.74904  -6.4037  -1.35717  2.30632  2.12118  1.13427  1.32716  -1708.11  -3.29165  -2.87578  -0.484051  -1.46214  -6.56756  -0.068796  -7.83131  -4.23042  4.23109  5.67538  -96.8175  4.80386  -6.90987  -4.77661  -1.64096  12.3856  -13.1572  7.59624  26.4896  -14.926  -2.4532  -27.5299  6.66509  -1.21777  -1003.68  -0.509611  -0.591137  1.19278  27.8149  -18.4056  17.8346  -4.03235  21.9273  
-1.1722  -8.15522  -8.39874  -0.390958  -7.74527  0.176143  -1.43816  3.33695  -683.127  6.49382  -2.90255  -0.194884  0.169792  -3.52553  -3.11405  -5.18857  -2.57997  7.90416  9.047  -33.8253  1.5033  -5.76486  -1.72567  -1.79848  -2.29724  -45.263  5.20166  33.9735  -2.81954  -4.0037  -24.6823  15.5244  -0.594704  -1137.5  -1.32477  1.17447  1.94765  0.923075  -7.47196  22.8222  -2.93437  8.61291  
-0.326036  -19.2317  -9.33147  1.50867  -7.14516  -1.52324  -2.22274  4.82523  584.261  10.7938  -2.42008  0.493941  -0.812292  -2.32675  6.69993  -1.32272  -0.329786  9.89312  1.71276  6.70531  -1.20403  2.15952  2.78317  -1.4581  -16.3929  -48.1367  0.374974  18.2343  14.9578  -1.17269  -6.70473  23.1034  -1.07663  379.653  -1.55407  2.39722  3.90289  -24.4547  6.53869  19.6692  5.15367  -2.90567  
0.527454  -20.4736  -9.11384  2.56881  -0.910381  -0.875718  0.0960927  5.65275  1529.8  5.64578  -1.35313  1.04116  -2.95543  -4.25107  17.3183  -1.46834  0.790006  7.07052  -13.8848  6.9459  0.412023  10.1029  4.69352  -1.02345  -19.4373  -18.3443  -3.13454  -6.51262  17.9116  2.65499  6.28756  18.5004  0.19251  2033.24  0.613307  1.17317  5.59438  -15.9463  11.4855  10.9435  5.34388  11.2241  
0.777413  -13.0472  -7.1506  2.04088  1.50865  1.81019  3.13285  5.0747  1990.31  -3.93951  0.538391  1.09966  -3.46465  -6.57307  14.421  -3.08422  0.662139  0.745613  -24.8592  1.40353  4.07302  11.7051  2.59216  -0.945725  -10.5167  14.6341  -2.52977  -19.3056  0.309131  3.33615  3.32562  4.00159  1.80842  2008.68  3.26487  -1.22359  4.25391  24.7655  6.82891  -2.38575  -1.14285  37.5033  
0.440894  -2.05936  -4.31516  0.927101  -1.40663  3.74776  3.08877  2.8776  1877.19  -9.69719  1.78842  0.809494  -0.385601  -6.53786  0.281148  -1.36328  0.277054  -3.18988  -23.0741  30.5061  4.08148  7.86853  -1.07554  -1.10781  1.63648  23.4713  0.483772  -13.188  -15.3192  1.34789  -7.37619  -3.82556  1.4787  640.657  2.69001  -1.64507  0.00452568  55.4039  0.969271  -15.3262  -3.24642  52.4698  
0.00308542  6.63291  -1.97623  0.887289  -3.62422  2.46785  -0.515062  0.0917686  1170.21  -7.52376  0.131196  0.523552  5.84683  -4.3129  -8.35972  3.26521  0.216817  -1.0471  -11.6973  82.5921  -0.872669  4.90583  -3.22562  -1.07826  7.94563  12.0833  0.105775  -0.312828  -9.02101  0.186508  -9.72528  5.22698  0.654348  -120.772  -1.02068  0.845085  -3.5595  38.9965  -0.190656  -21.8482  6.59919  46.6391  
-0.15086  9.08946  -0.563276  2.10357  -2.70983  -1.25438  -4.01789  -0.871569  -160.043  -1.68247  -2.22096  0.397499  11.0324  -1.57004  0.317475  4.67577  0.374963  3.74451  -0.22721  102.603  -5.08854  6.45983  -2.97165  -0.784345  5.99514  2.83835  -5.73442  2.58909  12.0912  0.866887  0.677281  17.5515  1.56669  395.981  -3.4685  4.00432  -3.56601  -11.2501  2.25694  -19.3334  19.0683  26.6211  
0.00884207  7.90566  1.40099  3.08696  -0.96886  -3.57748  -3.76638  0.410582  -1857.15  2.88746  -1.09861  0.396135  9.20799  0.843009  14.5076  1.29269  0.521851  5.23634  6.32687  61.177  -3.06929  6.62897  -1.0264  -0.592563  -0.164692  6.49292  -10.7997  -6.52399  24.8275  1.13264  13.0931  11.9406  2.96351  996.053  -1.3503  5.03747  -1.48135  -43.3805  4.60262  -10.5563  15.5584  -1.46229  
0.270052  8.49173  4.60918  2.29625  0.0165092  -1.31481  -0.74076  1.57603  -2925.33  3.87684  4.01034  0.43442  -1.34288  3.00023  10.3089  -1.86026  0.616588  2.08394  9.90507  -14.2619  3.37587  -3.78811  1.51558  -0.558647  -3.96126  14.1008  -7.24986  -16.5716  21.9322  -0.05077  16.0022  -11.6523  1.69276  914.72  3.37908  3.16668  -0.139683  -23.9322  5.61128  -0.873722  -3.17396  -34.587  
0.372553  10.3618  7.30537  0.664633  2.36859  3.91325  0.906223  -0.174681  -2572.55  2.31234  8.80012  0.429601  -12.7896  5.24608  -18.3487  -1.30992  0.605357  -1.94387  15.3812  -68.2983  7.73401  -22.4839  3.58721  -0.424419  -2.33653  13.7182  3.16486  -15.4405  16.7701  -1.07203  8.67181  -27.8447  -2.07354  830.205  5.86221  -0.115462  0.109044  25.5925  5.51551  5.05047  -16.3354  -58.415  
0.221668  7.30281  7.19345  0.147856  5.32078  7.37284  -0.695531  -3.84483  -1028.69  0.304156  8.04496  0.34846  -12.3073  7.43319  -45.7829  0.644032  0.5351  -3.49138  20.0233  -78.9962  6.16168  -31.5728  4.28606  -0.264252  2.28491  5.02869  9.94985  -3.7319  16.3557  -0.628578  1.48143  -18.0339  -3.86246  1272.12  4.60606  -2.38478  0.997717  51.6822  4.38454  3.7698  -5.56245  -49.9628  
-0.0286938  -1.65821  4.48658  0.601421  4.27054  6.09027  -2.70473  -5.92642  575.447  -0.344758  2.80607  0.226548  3.66328  8.67405  -40.4647  -0.474481  0.664297  -2.66452  17.0901  -64.7872  1.27989  -16.818  4.15747  -0.537291  1.94016  -4.3003  7.64461  8.37856  8.26705  -0.137471  4.36499  5.24519  -1.70379  1253.31  1.89518  -2.14591  3.4336  26.1448  3.12271  -2.70199  23.352  -5.47582  
-0.0822462  -8.22394  2.49058  0.0518981  -1.87657  1.88086  -1.49436  -3.89651  1160.67  1.88703  -2.20245  0.174125  21.7904  6.71082  -2.73107  -3.60391  1.01017  -0.974915  6.59152  -51.2397  -2.51778  12.1523  4.18999  -1.18202  -5.91613  -8.24647  1.98052  10.099  -10.0773  -0.629335  15.5655  14.7006  1.0665  -104.205  0.0581799  -0.15553  6.22269  -25  3.08174  -7.46562  36.7033  42.1116  
0.231666  -4.69425  3.19629  -1.68357  -6.81586  -1.50107  2.40619  1.0022  1013.63  5.89977  -4.16288  0.306747  25.4992  0.500244  33.0348  -4.07595  1.00776  1.17876  -2.46488  -41.3709  -3.68603  29.0899  4.76743  -1.14135  -14.6334  -6.89889  1.4762  0.687904  -22.4345  -1.03966  22.847  4.4228  -0.149834  -1626.43  -1.25124  1.38136  7.42764  -47.4593  3.78984  -5.50299  14.6062  45.5181  
0.719232  3.75475  4.69523  -1.80129  -4.71263  -2.78907  5.19356  5.47592  1418.74  7.43958  -4.61055  0.535447  14.2052  -6.9646  36.437  -1.26326  0.188918  3.49336  -2.12767  -26.6156  -3.44413  19.0851  4.72523  0.349054  -12.8123  -3.81364  5.28615  -12.3403  -12.4988  0.0282674  15.8775  -6.25116  -5.08842  -1240.66  -2.48891  0.745357  5.69799  -16.048  2.00464  -1.05834  -23.5525  8.70638  
1.00817  4.40098  3.51684  1.33339  1.10668  -3.25882  4.9487  6.65431  2490.64  3.66872  -4.77124  0.69341  3.24609  -10.5625  12.5414  1.62908  -0.985528  4.50892  3.21349  -4.34366  -3.5448  -3.82788  3.36525  2.29267  2.42551  -2.0066  6.53356  -20.5222  9.57285  1.65119  -0.987053  -1.65488  -8.39196  853.002  -3.03942  -1.27376  1.5137  37.735  -3.70542  -2.57993  -36.2402  -19.3421  
0.918284  -2.66368  -0.882148  4.83097  3.33463  -3.79285  3.56622  3.90961  2699.66  -2.21003  -3.27107  0.686972  3.88865  -8.16055  -9.17746  1.29157  -1.54063  3.21822  2.5201  22.8035  -4.2583  -16.7947  1.29775  2.88059  18.7805  -1.59261  3.04464  -20.1472  19.0613  2.19497  -12.151  8.81817  -7.23396  1965.66  -2.08846  -2.54471  -3.09403  60.9111  -10.0527  -8.73829  -12.8717  7.36967  
0.547741  -6.31736  -4.30157  4.43034  1.61249  -3.11703  3.28594  -0.754552  659.865  -3.62697  0.953629  0.527485  9.93549  -2.99234  -9.30003  -1.2022  -1.31911  0.975875  -5.25026  42.9929  -4.4071  -13.0644  -0.129122  1.58312  21.3302  -0.312241  0.179878  -10.9819  12.1351  1.57211  -8.38577  4.45975  -3.15408  538.837  -0.658036  -1.72254  -5.58044  35.3004  -11.8626  -9.39024  14.9086  60.6838  
0.141315  0.723229  -3.08097  0.381779  1.66056  -0.227091  3.5274  -2.85241  -2312.03  0.959607  4.63604  0.323937  8.26048  0.615878  6.68588  -2.62284  -1.14248  0.199397  -9.74325  47.3324  -2.92649  -3.92831  -0.665362  -0.157388  8.17161  2.47129  1.44043  2.92908  7.09056  1.24954  -0.619078  -18.2716  0.851655  -1833.05  -0.370257  0.0161041  -4.9673  -5.64436  -8.3168  -0.129161  8.46419  82.1855  
-0.179146  11.5093  1.6808  -2.48959  5.64771  3.13532  2.16364  -1.1572  -3383.44  5.63841  5.71061  0.160222  -3.15369  1.5424  21.4356  -0.310559  -1.48475  1.27337  -4.25881  32.6863  0.147491  0.441418  -0.682034  -0.906416  -5.0456  4.26363  3.68554  14.4497  14.4411  1.32274  -4.15607  -40.7668  3.12726  -2239.96  -1.30821  1.1304  -2.70505  -16.6994  -3.25027  8.89493  -21.7149  56.3618  
-0.368805  11.68  5.72679  -1.4337  7.88272  3.69702  -0.89163  1.15759  -1998.44  4.14247  5.9098  0.127855  -13.7976  1.15418  26.7774  5.44924  -1.65849  2.11864  2.39643  5.43358  4.10006  2.7095  -0.256283  -0.818383  -4.04658  2.47495  2.60336  18.7785  18.7307  0.601015  -18.5156  -44.4234  4.1896  -350.372  -1.61278  1.31582  -0.621925  6.85336  0.215091  7.54491  -33.6915  24.5471  
-0.383191  -0.846727  6.41117  1.32422  2.91075  0.542956  -3.24334  -0.0701783  -493.888  -1.67197  8.70276  0.261845  -15.3101  0.112479  23.3394  11.1656  -0.855622  0.982423  0.67687  -19.1526  6.57225  7.36796  0.824413  -0.958059  7.67314  -1.94523  0.132563  16.9582  6.72745  -0.67433  -26.8776  -28.5657  4.1477  1610.94  0.0823397  1.73578  0.565643  29.7372  2.16453  0.0657776  -4.11343  16.9333  
-0.202739  -14.565  5.02369  1.83039  -7.18709  -2.99151  -3.19965  -3.22455  -1102.88  -5.20381  13.5756  0.48635  -10.4539  -1.47259  15.6901  12.8446  0.549221  -1.04959  -5.99926  -26.9842  6.68889  11.4266  2.53862  -1.54475  11.2442  -5.03608  0.0388259  13.6467  -10.5418  -0.933315  -19.6756  -4.67703  3.00657  1818.02  3.12198  2.45496  1.69588  20.925  3.91847  -2.21515  42.3292  21.4751  
0.0119973  -15.5996  2.92626  -0.570747  -13.4095  -2.88714  -2.00705  -3.91986  -2917.41  -3.55618  14.3443  0.646272  -5.95159  -1.96023  2.94903  8.98202  1.20411  -1.67759  -6.47323  -17.1485  5.21808  8.05519  3.80662  -1.82234  -1.24035  -4.883  1.63606  10.2916  -10.2141  0.331477  -6.92746  15.558  1.13107  722.618  5.68029  2.63762  3.14048  -12.158  5.11993  -0.285183  62.8709  7.91568  
0.00198921  -3.44659  0.482734  -3.04941  -10.7573  0.632471  -1.94239  -0.681342  -2678.56  -0.91872  7.08231  0.627541  -5.07353  0.523519  -9.90146  1.26025  0.403684  -0.472453  -0.297757  5.9741  4.14573  -1.95598  3.61463  -1.36802  -15.8107  -2.28517  0.884525  4.23127  9.55418  1.11413  -1.23637  26.7645  -0.713841  -22.0052  6.29256  1.48724  4.2666  -37.5432  4.69403  -4.77749  42.45  -22.2164  
-0.232294  5.81196  -0.760295  -3.59162  -2.04732  2.7019  -2.68792  3.25197  946.424  -0.957493  -2.93638  0.498399  -4.81048  5.25919  -15.1227  -5.6518  -0.985104  1.14207  2.73035  31.0218  3.91264  -9.44742  2.2449  -0.782269  -13.4371  0.505593  -3.10723  -3.94487  26.0162  -0.304617  2.0747  27.0785  -1.73314  399.17  5.05987  -1.13396  4.28727  -35.6657  3.17763  -15.505  4.5104  -46.1168  
-0.307068  -3.93929  2.38649  -2.35853  4.36017  0.196033  -1.3348  4.4421  5412.32  -2.22322  -8.48659  0.396135  -2.83506  8.71506  -10.0224  -8.27494  -1.27964  1.91549  -2.33314  50.1133  3.04632  -8.94871  1.32297  -0.777054  3.49338  1.72029  -6.68822  -8.6399  18.9987  -2.43866  13.9498  18.6032  -0.948824  1247.17  3.10008  -4.2904  3.18012  -11.5063  1.22039  -16.9928  -22.687  -54.0973  
0.105288  -24.0042  8.53431  -0.722622  3.54414  -3.03655  3.21337  2.74014  7005.81  -1.06606  -7.13916  0.386682  0.806313  8.62129  -2.74153  -7.13529  0.0338195  1.84491  -6.02016  48.3285  0.254071  -3.05188  1.9402  -1.07429  14.3428  0.881075  -6.5287  -4.28092  -4.84286  -2.10825  29.5686  7.73894  0.697245  1514.82  1.39448  -6.46143  1.53705  15.7998  -1.83557  -3.1888  -28.958  -51.3524  
0.72463  -23.8902  9.48397  0.690119  -1.95837  -1.11071  7.28198  0.596667  4612.02  1.89924  -4.1566  0.388752  3.59239  5.92475  -2.09832  -5.01581  1.55994  0.924583  -0.156465  29.6386  -2.39148  1.26377  3.68064  -0.819311  5.70968  -0.235576  -3.25253  1.55064  -21.5458  1.00937  29.4701  0.699412  1.79482  955.275  0.0410048  -6.20801  0.831873  32.0766  -6.15781  7.95097  -22.5942  -38.1757  
0.880167  9.81438  -1.2912  2.13138  -4.36306  5.09006  6.14541  -0.917585  698.861  3.00656  -5.20401  0.331339  3.81448  2.32137  -5.82265  -4.3801  1.44479  -1.20788  8.38642  11.0058  -0.945419  2.76215  4.47801  0.17653  -10.2721  1.26393  -0.139137  -1.00477  -17.6334  3.3759  9.27687  -1.34203  1.08496  165.067  -1.67303  -3.19385  1.7016  30.9933  -9.38295  -2.82644  -15.3738  -12.7156  
0.344103  47.4992  -16.6474  2.88491  1.38368  7.59144  0.3517  -1.38869  -1045.52  1.14204  -9.08211  0.236339  3.42089  -1.8834  -5.44153  -4.26544  -0.46211  -3.32788  8.19456  8.1332  4.71927  3.44024  3.45582  1.13379  -14.818  4.4801  0.909688  -11.1417  -2.80889  2.00109  -8.401  -1.59573  0.191253  -215.26  -3.58014  0.669897  3.62462  12.3154  -8.27989  -24.4117  -13.7361  3.64237  
-0.300641  47.656  -21.3298  1.87678  9.67714  1.57498  -4.00624  -0.971273  -104.58  -0.661731  -10.1534  0.232207  3.64435  -5.6687  -0.792874  -1.85374  -2.2136  -2.77062  -2.04855  10.5345  7.36361  4.96932  1.50455  1.12937  -2.85228  4.15486  0.172328  -15.83  2.51864  -1.46421  -3.30549  -1.51038  1.80579  -209.408  -4.6485  2.66515  4.2481  -16.3807  -3.08099  -26.3255  -13.5032  -16.3906  
-0.379905  8.54401  -10.7842  -1.05635  10.243  -7.50006  -2.55911  -0.488561  684.362  0.620865  -6.47896  0.347874  3.65032  -6.19269  -3.48087  2.97697  -2.03594  1.30861  -9.43494  -2.34926  -0.0444583  5.56848  0.776014  0.179138  10.9503  -3.52144  -1.37152  -5.64922  -10.635  -2.73756  14.1972  0.672317  4.90689  -173.647  -3.7325  1.98065  1.95993  -38.5468  2.68214  2.7928  -6.21243  -60.8751  
0.0644954  -24.928  2.64475  -3.84482  -0.14782  -10.4122  1.85066  -0.376056  -1686.42  3.21446  -0.973499  0.5005  0.483801  -1.73198  -18.0153  6.39988  -0.424999  5.10498  -6.05507  -27.4326  -13.4022  5.06922  2.16747  -0.759295  13.568  -13.1711  -1.95651  10.0685  -30.5873  -0.0710352  15.6649  4.89979  5.44204  -137.425  -1.64016  0.293497  -2.00786  -38.5922  6.45  38.3037  10.8305  -77.2561  
0.372588  -15.9496  6.64893  -4.00644  -10.562  -5.30337  3.20917  0.0661951  -6150.32  3.44999  2.84372  0.514084  -5.49454  5.09211  -29.5607  4.60483  0.628859  3.97647  2.50953  -32.2988  -18.4535  4.35911  3.97634  -0.912116  5.16489  -15.0267  0.185354  14.2932  -35.4835  3.37035  -5.21359  7.71309  0.989713  132.566  -0.141076  -0.277134  -4.11916  -16.6853  7.96318  47.7039  30.7987  -39.8587  
0.258013  20.0064  4.56725  -1.43715  -8.3321  1.74882  0.477262  1.9292  -8501.38  0.281802  4.16118  0.365357  -9.02672  9.72797  -21.6886  -0.366993  0.407152  -1.52724  5.56573  2.92281  -7.05201  4.58944  4.04408  -0.414727  -2.34153  -6.83481  4.61568  1.73971  -18.5482  3.52379  -24.19  4.53014  -4.7574  368.125  -0.231969  0.461494  -2.34873  12.8862  7.06263  25.8097  35.1668  20.6817  
0.132117  40.7391  8.42617  1.21382  5.35117  5.29782  -1.5499  3.03342  -6071.6  -3.14868  3.9617  0.217415  -6.02667  9.28702  2.89673  -2.3166  0.246627  -5.29595  0.766259  47.6266  11.0397  5.34417  2.0221  -0.0230271  -0.815342  2.68056  7.53271  -14.9848  7.06136  0.217759  -20.3751  -1.87399  -7.28661  -0.59381  -1.18739  1.32873  1.31515  32.6835  2.91963  -4.05111  22.5077  54.2056  
0.349668  23.4501  19.0716  1.44102  15.505  5.7353  0.505  0.720966  -1235.89  -3.48014  3.43162  0.243257  0.150361  4.16546  25.2245  0.464724  1.13836  -3.25929  -4.85188  42.8294  18.2679  5.31086  -0.248142  -0.22728  7.1948  4.55591  5.26266  -20.6492  23.2052  -3.03681  -3.03835  -6.94587  -6.78429  -989.224  -1.47619  1.77062  3.82129  32.9432  -3.25944  -17.0605  6.33188  39.9388  
0.594201  -14.0761  24.2356  -0.171704  10.8108  4.85904  3.94795  -3.83839  1569.15  -1.43063  2.72128  0.372795  3.54073  -3.10955  30.1089  2.92911  2.02352  1.53573  -3.82093  -19.6092  9.74705  4.1714  -0.801132  -0.771539  11.1714  0.0779653  -1.02956  -12.5275  22.4083  -3.35025  4.33061  -8.91819  -6.48587  -1507.93  -0.96357  2.12635  3.8966  15.1811  -7.038  -9.48497  2.92998  9.90475  
0.387873  -40.6179  15.8728  -0.586325  -3.71914  2.31409  4.07584  -5.05202  1140.3  -0.527279  1.82137  0.38182  3.36052  -8.15714  19.9643  0.885945  1.51005  2.96154  3.98292  -82.8924  -1.95342  2.80155  0.350511  -1.0779  6.41518  -3.27009  -6.09331  0.0969493  15.3447  -1.02372  -3.50103  -10.0072  -5.8394  -816.099  -1.16724  2.26557  2.58709  -10.2294  -4.74043  4.67357  1.96159  -6.54488  
-0.0721103  -38.7419  1.00987  1.34296  -12.7865  -2.03983  0.584111  -1.13435  309.946  -2.29199  0.902066  0.268199  3.23857  -7.4064  4.96143  -3.52227  0.378822  -0.33798  11.0403  -82.1075  -4.70338  2.78877  1.67594  -0.895322  -1.24096  -2.84181  -5.86588  7.29307  14.1275  1.21753  -10.8753  -12.2217  -0.613525  410.019  -2.53054  1.23418  1.46695  -25.9425  1.21277  10.2201  -15.7751  -6.74685  
-0.130756  -15.1708  -7.75089  3.68306  -8.33905  -5.2231  -2.55028  2.86732  1679.13  -3.66357  0.206207  0.299829  4.00154  -1.44896  -6.29747  -5.23744  0.528033  -3.71508  9.69804  -19.547  -1.21667  3.62515  2.03047  -0.440892  -2.91392  -2.05629  -2.12412  6.43137  15.0862  1.28799  -5.81199  -14.863  8.32277  768.364  -3.34663  -0.689878  1.13729  -15.2997  4.04906  3.31115  -44.2433  -5.50143  
0.274335  10.5981  -7.02687  3.73617  3.51338  -3.92955  -2.78036  2.42107  4396.2  -1.44662  -0.0734633  0.623338  1.40702  3.73659  -13.2655  -3.81146  1.60563  -3.19971  -0.155364  37.5686  -1.82099  1.3796  2.14256  -0.0999338  3.19829  -1.765  0.869924  -0.206378  6.99942  -0.776776  4.17405  -16.0264  12.3218  230.886  -1.37246  -1.9027  1.52158  18.4699  0.529101  -8.49505  -49.1379  -12.4994  
0.41359  21.6808  -3.70084  1.66493  10.1839  0.501097  -1.42071  -0.495937  5289.46  2.86494  0.375532  0.90982  -4.43883  3.0644  -15.8876  -2.76939  0.875968  0.218874  -9.9882  38.082  -8.51467  -6.57859  3.38244  -0.0192373  8.0793  1.34999  1.51628  -7.30235  -11.0026  -2.88202  6.08134  -15.9126  4.87612  347.26  2.41697  -1.1636  2.00387  48.211  -4.23061  -15.1939  -17.4471  -34.0444  
-0.189026  17.2834  -3.98731  0.016522  6.49093  3.29495  -0.807646  -0.601061  2752.71  3.73067  1.9446  0.790927  -7.36341  -2.21304  -12.6754  -3.34782  -2.82691  2.5732  -11.686  -3.41365  -12.2263  -14.737  5.74565  -0.112945  4.71708  6.6132  1.07885  -13.0399  -23.4817  -2.71099  0.996805  -15.4065  -8.25532  1576.27  4.40834  0.343693  1.13911  43.3457  -3.02032  -11.5578  16.665  -63.0955  
-0.885478  12.4532  -7.37351  0.244362  -2.0593  1.88786  -1.01481  2.03735  -1548.07  -0.342651  3.6903  0.541601  -2.92723  -5.87568  -4.67685  -2.5039  -6.46355  1.88749  -6.81346  -41.6347  -6.6053  -12.644  7.39293  -0.277148  -7.69667  6.47841  1.28247  -16.3122  -14.7809  0.383074  0.600605  -12.0758  -14.6438  2495.55  3.08933  0.47201  -1.5899  8.23287  3.57392  -0.762132  12.1163  -75.6949  
-0.566114  18.755  -9.44702  1.28864  -5.87646  -1.48171  -0.549764  3.40772  -4661.73  -4.37375  5.15218  0.924824  3.59365  -5.20395  4.02858  1.07044  -5.97874  -0.45045  -3.89761  -49.0832  2.51729  1.34518  6.63547  -0.352537  -21.9106  -2.78195  1.27284  -19.3748  6.60243  4.54465  8.72877  -1.94688  -8.49277  1489.92  1.28694  -0.85996  -4.87293  -22.0586  7.03093  7.8104  -22.7383  -38.0326  
0.773409  27.8742  -7.82959  1.54928  -1.60247  -2.87708  0.942407  2.34132  -5253.44  -2.88996  7.40323  1.95637  5.19213  -3.21607  4.87407  4.59737  -1.44916  -1.9778  -6.12531  -31.5677  4.8477  14.7373  4.12655  -0.261307  -27.9149  -12.8489  0.287727  -25.1589  17.0994  6.77383  16.6293  13.0512  3.30104  -488.621  2.23597  -1.68184  -5.37357  -16.6562  2.12318  6.0059  -37.3872  46.6351  
1.74713  22.313  -4.02046  1.03658  4.44418  -1.45106  2.30539  1.55804  -3843.84  3.31306  10.5052  2.25981  3.01061  -2.64012  -6.87044  4.37741  2.86733  -1.20691  -7.87943  -4.99147  -1.64325  14.4355  1.72567  0.0549261  -18.7867  -12.4978  -0.685792  -31.2648  6.37989  5.04111  14.0308  23.8145  9.46867  -996.408  4.42515  -0.611585  -2.25398  12.6453  -5.97868  -4.16509  -7.41208  119.134  
1.17592  -2.17338  -0.882801  1.04314  2.9985  0.766953  2.6687  2.63506  -1671.41  7.59417  11.3956  0.519436  3.44478  -0.822656  -21.1821  1.34225  3.58623  1.61616  -3.28887  21.75  -8.34809  5.0659  0.907372  0.553875  2.31059  -2.35834  -0.30898  -26.3607  -6.59745  0.156964  0.659663  23.5592  6.52908  597.514  3.61544  0.962126  1.62906  27.0391  -7.72936  -10.2074  33.165  111.847  
-0.308834  -27.5795  0.462752  1.93247  -5.53042  1.69616  2.4893  2.66578  5.3841  6.59927  5.61708  -2.23465  7.41781  4.93518  -18.9748  -0.333542  1.7258  4.22144  5.91343  32.0283  -6.93965  0.799248  1.8183  0.941375  21.6115  5.6694  1.21605  -0.0411201  0.698962  -4.62162  -13.3842  17.0773  1.07779  1972.19  -0.814753  0.859842  3.64451  6.47808  -1.54836  -3.04797  41.7249  27.5571  
-0.793232  -32.0834  1.06252  2.44062  -9.96087  1.07484  2.39997  0.135378  568.656  2.89081  -6.23809  -2.90427  8.09852  11.5451  5.4762  1.94249  0.516679  3.73404  12.7706  19.3474  1.8982  4.29483  3.95433  0.897971  24.8438  4.22119  2.34397  40.751  18.3763  -5.99105  -19.4199  13.8931  0.685472  793.556  -3.6931  -0.499643  3.96779  -24.9057  4.72259  8.98373  20.2187  -54.3154  
0.530226  -13.3512  2.44531  1.99249  -1.64425  0.115852  1.83861  -1.78727  205.568  0.844563  -16.5581  0.0313391  1.14595  11.7098  29.8292  5.9038  1.09912  -0.0184986  13.6689  0.762128  9.86357  3.00569  6.45728  0.32987  12.6092  -1.10442  2.27456  68.0967  18.3211  -2.95809  -15.4433  16.2504  6.10348  -2080.85  -1.32071  -0.839002  4.76  -28.4855  4.21431  9.09066  5.37556  -65.8664  
1.97029  11.8999  4.53594  1.1814  12.1786  -0.556979  -0.406583  -0.463596  -561.329  -0.0324985  -17.8417  3.6967  -7.01372  4.5002  25.4171  6.80504  1.78447  -3.77597  10.3727  -1.48333  9.93677  -9.5996  7.3583  -0.575476  1.12095  -2.02799  0.992375  61.4769  -4.72558  1.70387  -4.85388  14.8979  9.92802  -3615.87  2.69011  0.486284  5.57144  0.247162  -1.17822  -5.75721  11.5391  -17.3119  
1.1165  24.6722  5.49666  1.01944  14.5408  -1.47522  -4.22397  1.17268  -734.5  -2.80977  -10.4863  3.38849  -7.45772  -2.77702  -8.57531  2.18937  0.925717  -4.26543  2.94886  17.73  2.99382  -20.608  4.09015  -1.45023  1.02791  1.00479  -1.62347  28.5361  -22.9129  3.31866  8.55806  2.2668  6.30716  -2369.12  1.85315  1.18776  3.50445  28.9564  -5.41257  -18.1788  16.1942  19.6432  
-2.16357  17.7639  3.80974  0.624535  1.23981  -2.87086  -7.55153  -0.511253  97.192  -6.60977  -1.72861  -1.67139  -2.31784  -3.09105  -39.623  -5.58132  -1.06894  -3.14395  -8.24183  39.6756  -4.70517  -14.7376  -2.86934  -2.17991  4.77104  2.17694  -5.20146  -2.13692  -12.218  0.105621  19.9035  -16.9751  -2.56248  -185.42  -4.26603  -0.912699  -2.1323  29.1837  -6.23023  -16.5573  -2.5719  8.55085  
-5.13774  -1.47892  0.0783223  -1.27344  -12.3016  -4.53596  -8.00675  -3.15146  1291.6  -6.66575  2.53567  -6.6782  -0.269224  1.52362  -34.8066  -10.0847  -2.53336  -5.55967  -16.5632  51.2189  -7.93256  1.90012  -8.99969  -2.86908  -6.05637  0.301323  -8.10963  -13.3085  8.20491  -4.90806  23.9555  -28.1903  -6.86391  261.079  -8.4287  -4.8866  -7.85365  9.05081  -6.28962  -13.1145  -32.5844  -16.7742  
-5.22283  -20.4527  -3.96901  -4.13354  -9.74283  -4.93844  -5.3239  -1.18395  2070.31  -0.783168  2.60854  -6.77534  -5.77369  3.88032  1.46621  -7.08911  -2.58762  -12.8831  -15.0366  54.2067  -6.49658  9.51675  -9.87021  -3.4011  -31.6021  -0.395355  -8.22974  -10.7425  8.14318  -7.06017  18.3256  -23.8276  -1.89969  -1390.43  -5.18266  -7.35575  -9.45285  -3.4836  -7.2899  -24.208  -45.4233  -5.85315  
-2.88761  -26.9932  -6.1822  -5.69873  3.52645  -3.76797  -1.64528  4.22295  1800.7  5.73504  1.48709  -2.89904  -12.4087  1.61341  33.7814  -0.733005  -1.65231  -18.2193  -5.27085  50.893  -3.19301  3.50021  -5.80267  -3.22495  -50.3734  1.22435  -5.57086  -7.22699  -11.5417  -5.05678  7.59634  -10.8275  5.96176  -2968.82  1.74755  -6.44885  -6.55007  1.13126  -7.50171  -39.6299  -32.2406  24.241  
-0.732747  -17.7464  -5.22106  -3.80336  8.35093  -1.6338  0.502839  5.67918  573.809  4.65754  -0.000366329  -0.12596  -10.9959  -0.382099  31.5757  2.2457  -0.510921  -12.9427  1.85207  28.9107  -0.477335  -3.16111  -1.17556  -1.85784  -39.0282  1.3723  -2.17059  -5.98916  -16.7455  -1.58388  -0.827923  -1.54898  6.52375  -2380.76  3.88988  -2.99658  -1.89709  7.84599  -4.35935  -31.1138  -8.82579  26.2029  
0.0307716  2.6891  -1.78488  1.05529  -1.92106  0.59059  0.704003  0.609572  -1136.34  -4.20575  -1.56831  -0.623583  -0.540565  0.583187  -2.66285  -0.450306  0.500851  2.74256  1.91982  -12.1784  1.42391  -1.33821  1.73577  0.541914  0.276915  -1.88292  0.576798  -3.61869  6.00036  1.19612  -4.36426  0.719177  -2.41484  343.844  -0.959076  1.2566  2.2956  5.03322  1.79525  7.61732  12.1417  -16.2175  
