-0.483471  -0.503224  -2.23992  -9.74034  -25.7348  0.788124  -1.09855  -5.67748  -0.046263  -1.27566  -2.26763  0.501713  3.487  -2.67946  0.120937  -1.39833  -3.00974  1.67296  26.9175  -45.4682  1.31338  -1.50052  1.10088  0.251824  0.885465  -0.486152  -0.640943  -1.33717  -2.47199  -24.0111  -2.69334  1.27009  -0.673907  2.06508  76.742  0.0222773  1.88605  -1.95061  2.23656  0.428009  2.31898  -2.54604  
-2.1446  0.355144  9.09005  5.44824  39.1209  -6.54454  3.09339  22.3992  0.631281  -6.03036  112.265  5.24902  -11.5171  -10.9769  -1.72367  -0.160021  2.58434  -53.7447  -80.3863  -81.4702  9.53201  3.82605  -3.52303  7.33809  -0.80404  -2.203  -3.2591  3.4745  -3.23497  31.5319  -6.27877  6.017  -0.727264  -4.3116  -135  -2.46669  28.3666  6.49408  -1.56943  -10.4791  2.95519  6.63547  
-2.20478  1.04091  11.8221  19.0892  47.9069  -8.3988  6.47873  6.66806  1.79385  -4.28095  131.281  10.0136  -20.0877  -18.9579  -2.82166  1.02157  3.21391  -77.9126  -144.285  -89.9497  8.12802  9.77704  -0.627098  9.06041  -4.84714  -2.27834  -3.24893  1.26517  0.389631  78.8168  -10.0888  11.2788  -0.7008  -6.05293  -176.131  -2.53423  9.05243  10.253  -5.2153  -1.58456  -4.58548  9.86017  
-0.421353  1.83251  6.99068  28.8748  0.709294  -3.54046  9.05581  -29.806  3.24342  1.03136  65.1907  12.3656  -18.9687  -25.5694  -1.97789  1.57095  -0.829411  -75.4297  -165.395  -64.733  -1.65331  14.1872  7.09705  6.10545  -8.36094  -0.470084  -1.6563  -4.95811  8.02174  92.6283  -11.1362  12.5059  0.0132404  -2.40733  -111.071  0.190219  -34.6806  8.36999  -7.95473  21.5748  -17.7967  8.53642  
1.94597  2.94556  3.53526  32.0986  -45.163  3.50879  11.15  -30.4208  3.79944  3.07085  -17.8595  9.97289  -11.0553  -26.3573  1.5445  1.82414  -4.71781  -71.4713  -168.423  -54.7268  -10.7692  13.7407  13.373  3.81154  -7.49037  1.92549  -2.25748  -5.72464  13.4329  56.1128  -6.92979  6.14054  1.95339  3.07787  -114.986  3.78146  -45.8516  6.83893  -8.04837  35.5688  -25.1337  7.81364  
3.28702  3.93999  7.48125  28.8517  -46.7186  5.26089  12.4405  16.0838  2.22166  0.781444  -70.3579  4.49321  -3.2098  -14.0026  5.2962  2.35825  -4.78453  -71.9768  -143.634  -101.759  -12.3941  8.11979  16.821  5.21188  -3.41314  3.27136  -6.40715  1.24301  12.9719  0.786255  -0.426222  -2.88935  4.28834  5.84113  -216.157  5.18546  -8.3221  11.5415  -4.67035  27.5446  -17.6561  8.54954  
3.04481  3.193  14.6628  19.941  -10.2119  1.26316  10.5135  60.0477  -2.28416  -1.56556  -78.5862  0.281236  -0.923568  9.03691  4.96909  1.56487  -1.70982  -56.8047  -59.6956  -175.876  -8.62401  0.933461  18.4846  8.13108  -1.8386  3.02693  -10.5002  9.99059  8.04155  -15.8681  2.64046  -5.63023  5.00244  4.47211  -262.038  3.41784  31.3106  17.5781  -0.419272  10.9022  -3.9156  6.91194  
1.94159  -0.0924713  16.1387  8.87742  21.1281  -1.75745  3.61104  59.6799  -6.23781  -1.37688  -42.8764  -0.238557  -3.63976  26.7215  0.259016  -2.65231  0.806007  -12.8878  69.981  -194.327  -4.85951  -4.15619  15.3146  8.59212  -4.7824  1.94873  -9.91021  14.0312  2.76065  18.2527  1.03866  -0.903012  2.51511  1.29972  -169.904  0.54604  26.9323  12.6612  -0.0312039  5.18343  1.33384  1.02185  
1.04506  -3.82088  8.55649  -3.1958  20.6963  -0.105191  -5.04286  27.6178  -5.01086  -0.544457  20.246  1.33978  -5.06218  20.7965  -4.90303  -8.46735  -0.447206  39.5203  157.473  -105.9  -1.64165  -5.92986  8.1155  6.29969  -7.04667  1.10316  -4.60056  12.1205  -1.90535  48.2792  -1.02271  3.37634  -2.57323  -0.246328  -35.6066  -1.07304  -8.1767  -3.7923  -4.15781  12.4392  -6.63254  -5.45937  
0.793776  -4.3344  -2.08281  -13.4242  -0.554499  1.5694  -9.75095  -0.351804  4.43627  0.0628665  52.0741  2.61131  -2.021  -4.86318  -6.26815  -9.99344  -5.37844  69.896  118.652  55.0284  3.14302  -5.31458  4.06767  4.20109  -4.63573  0.884822  1.24345  6.35938  -7.01372  20.3959  0.0348851  1.01689  -7.17374  0.755577  23.7593  -1.42547  -25.0059  -14.2527  -7.15705  19.2557  -13.6089  -8.06138  
0.926279  -0.703619  -7.76241  -14.2911  -20.7468  -1.55938  -9.50171  -16.481  14.5458  1.26472  14.1484  2.861  1.86343  -25.8811  -2.48848  -3.96071  -10.2334  64.8932  -23.9451  172.579  9.75933  -3.43915  5.67333  3.70228  -0.248793  1.00151  3.24451  -1.44935  -12.0831  -48.0173  2.32989  -4.58175  -7.83881  1.89913  32.4049  -2.20491  -3.85656  -4.65212  -3.64795  16.7025  -8.17422  -6.36886  
1.03123  3.27424  -7.05874  -1.09175  -19.985  -5.03891  -8.67555  -34.4146  14.2759  1.83917  -16.6064  2.69863  2.34618  -25.3089  3.58813  4.2741  -11.0937  35.2999  -133.046  200.068  13.428  -1.29968  1.51892  2.52835  1.06938  1.06638  1.35697  -8.02324  -12.7197  -86.289  3.62987  -7.24597  -3.9389  0.835191  71.0962  -3.42613  20.795  10.9916  3.46146  8.12996  3.5916  -3.10821  
0.928072  3.12963  -4.95842  18.4763  -4.47075  -3.28458  -9.51984  -49.3652  2.94164  -0.586367  47.6314  2.26816  0.70876  -9.55588  7.24208  8.54068  -8.17393  -1.73074  -112.595  160.235  9.69557  -0.272195  -16.5485  -1.76824  -1.97532  0.944109  -1.59756  -8.14663  -5.96039  -52.3008  3.26132  -5.81212  1.82811  -1.4529  119.438  -3.05805  12.8152  5.26112  5.73392  0.28694  9.8268  -0.0589938  
0.659909  -0.70279  -5.19173  22.5237  11.9717  -0.0807169  -8.49222  -42.5627  -5.53764  -4.70743  183.68  1.54012  1.90017  2.86572  6.076  9.04547  -5.86659  -32.2657  -14.6378  132.439  -0.669818  -0.862016  -33.8315  -7.48747  -4.18956  0.683125  -4.07332  -1.21633  6.05931  24.0221  1.60448  -3.87188  5.64637  -2.0238  99.8039  -0.373696  -14.845  -22.4782  1.32135  -4.24704  10.365  2.42202  
0.393348  -3.22097  -5.89063  -0.861926  11.4302  -2.32489  -2.63718  -17.9743  0.0669434  -4.81637  226.93  0.941183  5.0725  8.65504  1.29474  11.2956  -6.66212  -44.3833  15.7084  141.461  -9.24237  -1.50063  -25.6977  -9.9501  0.606239  0.411031  -6.13033  5.09423  16.803  76.5103  -2.37635  -2.77532  6.00753  -0.477881  24.3032  3.32236  -19.6305  -39.0359  -1.30775  -5.11982  12.5306  4.04018  
0.345744  -1.08635  -3.49836  -33.0303  -8.35286  -7.55212  4.73851  -0.349196  12.8626  1.5843  64.1189  0.976591  4.12399  18.777  -3.05729  13.4581  -6.85791  -27.5576  -75.0279  142.921  -9.49464  -0.323905  4.6746  -6.7788  11.803  0.322592  -6.01099  2.0607  20.397  65.6219  -7.80911  -0.65546  4.33791  0.156529  -9.12008  6.11019  11.3702  -19.0487  5.23451  -3.11132  16.9243  4.64585  
0.564823  2.80615  0.917904  -39.0658  -27.3208  -5.35706  8.57637  3.31092  14.5233  8.35338  -201.042  1.35402  -1.5688  36.408  -3.7334  7.83968  -1.17521  13.0605  -167.06  103.621  -2.17775  2.43581  24.8663  -0.400245  20.7818  0.497262  -2.76597  -8.72085  14.4776  6.41511  -11.1471  2.90912  3.16702  -1.91129  26.3591  7.22301  39.5857  18.4444  15.4501  -2.49067  14.0342  4.74117  
0.803018  3.42143  1.97278  -10.5198  -32.3739  5.70683  8.27213  13.9613  0.779768  7.41504  -341.593  1.38035  -5.59227  47.6087  -2.2228  -5.95418  9.44235  46.1274  -113.854  -14.8464  4.12255  3.82405  15.5266  4.72478  17.2901  0.733147  1.48787  -15.875  1.64031  -54.0765  -9.78319  6.15657  3.47696  -4.00555  33.6435  6.69707  24.2063  32.5918  16.9934  -6.83636  3.54556  4.55069  
0.689224  0.0617747  -2.71295  20.7031  -28.2763  14.2878  5.24353  33.7923  -14.4091  -0.941123  -225.929  0.963295  -3.00479  38.9862  -1.75389  -15.3328  17.7432  38.9216  57.0972  -233.248  2.51327  2.12527  -7.15022  6.54417  0.302698  0.662602  3.33195  -13.0339  -11.946  -71.5661  -6.78731  7.84082  4.11127  -2.34489  -50.533  3.68045  -19.9108  13.4965  6.36774  -10.6349  -2.46436  3.05464  
0.152867  -2.70472  -9.65808  19.1405  -22.1906  10.2944  -1.19902  29.1148  -17.1557  -9.07564  21.0655  0.627405  0.822445  11.3509  -3.2071  -8.7057  18.0772  -6.50311  163.156  -485.463  -5.96897  -1.1662  -14.9212  6.37448  -18.0121  0.173589  2.1047  -6.28721  -18.6859  -35.6403  -6.88331  8.59062  3.53013  1.68823  -137.825  -1.99286  -39.6217  -5.58101  -6.5105  -1.99635  2.03213  -0.25922  
-0.449076  -1.50762  -11.9877  -9.45982  -6.40103  -0.861383  -9.96136  -16.0363  -9.98081  -10.9294  162.785  0.653915  -2.44362  -14.4751  -3.46929  7.00993  11.3498  -43.2839  101.735  -632.232  -11.0486  -3.64844  -6.2237  6.10091  -22.0959  -0.412201  1.1791  -4.73701  -15.9828  25.5845  -10.3377  7.87851  1.19587  3.1956  -108.027  -7.67535  -12.5885  6.81586  -10.4508  20.507  6.86968  -3.91011  
-0.72666  1.41714  -7.75647  -27.1896  29.7106  -5.48502  -13.0655  -57.4168  -4.22642  -8.52012  91.9939  0.813514  -11.9357  -22.3354  -0.692561  13.6413  1.74562  -25.913  -35.0573  -490.08  -5.24194  -4.24585  -1.40792  6.19304  -10.2026  -0.702849  2.32986  -8.41602  -7.15231  61.1347  -11.625  3.70316  -1.46833  0.398724  26.4149  -9.35472  23.7231  40.6534  -5.20562  41.2976  0.227964  -5.49453  
-0.648187  1.42934  -1.21415  -12.8083  63.574  0.33824  -3.76832  -41.7095  -3.71642  -7.27577  -68.3615  0.928841  -18.0698  -14.3133  2.0333  5.06548  -6.98169  32.5396  -76.9073  -113.092  8.27858  -3.65105  -9.38421  6.03205  2.74979  -0.643508  2.57935  -9.8137  1.00937  41.5305  -6.48764  -4.15357  -2.36152  -2.43444  141.755  -5.48715  23.2156  61.4478  1.78972  44.1639  -12.3921  -4.80927  
-0.468009  -2.00524  2.53855  11.7313  45.3444  6.93862  11.5272  13.9593  -3.4888  -6.8277  -103.434  1.11394  -14.5419  -10.9069  1.05542  -6.43965  -12.3661  68.9613  14.2993  237.278  16.7905  -2.92989  -16.7476  5.68184  2.84071  -0.474914  -1.34135  -6.96151  5.74155  -14.8683  2.64932  -11.7516  -1.07486  -0.681476  145.732  0.226974  -8.15383  53.1045  6.14513  30.8632  -14.7164  -3.81222  
-0.363831  -4.24532  2.88448  16.2897  -22.3243  4.44072  18.2364  34.6702  -1.70503  -2.02224  52.5375  1.41699  -4.1347  -28.5249  -2.01734  -7.12313  -13.8855  45.3896  115.349  366.562  10.4206  -1.95824  -11.7676  5.62321  -7.00086  -0.378932  -7.71004  -5.65648  9.58933  -57.4787  9.16745  -14.3378  0.0390898  4.15369  64.2902  3.19446  -30.1012  28.0398  9.45364  16.8202  -2.52002  -3.50679  
-0.269034  -1.68073  2.83914  -0.72847  -76.177  -3.6627  12.0009  -7.52633  -1.74232  7.45377  236.314  1.67995  6.1446  -58.2686  -2.39947  -0.797767  -14.4318  -6.39964  116.452  261.59  -6.27465  -0.294747  -1.20521  5.85019  -12.1042  -0.294102  -9.69626  -8.63847  13.1496  -51.5057  9.20986  -10.9  -1.35315  6.92822  -12.0366  2.33617  -23.2775  0.464645  12.7904  9.34119  11.1062  -3.06491  
-0.0615814  3.22332  4.56105  -13.6357  -69.7741  -5.52586  3.97293  -53.4331  -4.76877  11.9403  251.917  1.65842  12.6244  -69.898  1.03205  -1.06847  -17.244  -28.1118  28.0371  114.075  -17.4039  2.17291  0.749937  5.73119  -6.72672  -0.0926108  -4.68182  -8.50239  13.5738  -6.06751  4.25694  -3.71276  -5.03139  5.55981  -32.9185  1.11523  -10.7261  -29.32  13.4963  1.908  11.6363  -1.41568  
0.225811  4.79517  7.32247  -7.34533  -31.2563  3.38389  3.82901  -37.2407  -6.22927  2.03935  97.6351  1.44081  14.0087  -46.1941  4.07293  -10.2941  -19.281  -15.3186  -62.61  74.5748  -13.886  4.65188  -5.99387  4.72614  -1.06971  0.203036  1.71792  4.02733  8.65494  38.0267  -0.991011  3.74426  -7.65656  3.12101  -12.4963  2.1017  -17.5527  -61.1172  9.31055  -13.562  3.50124  0.818105  
0.423379  1.23418  10.2685  7.97964  -30.0572  12.5825  6.37816  14.6917  -3.59002  -15.752  -53.9178  1.31431  11.0594  -6.18046  2.92777  -16.4488  -12.7123  -19.1331  -120.091  130.635  -0.930049  5.3518  -10.2574  3.22223  -4.44369  0.42201  2.84277  24.471  1.60197  45.7424  -2.3137  8.22791  -6.57809  2.96928  2.36892  3.42096  -31.5253  -82.9638  3.09692  -32.8718  -0.0538394  2.33064  
0.43322  -3.02806  12.7373  12.5054  -61.8287  10.964  1.31538  30.8023  1.3298  -22.0243  -90.4759  1.20766  6.84609  15.0187  -0.270216  -9.02545  3.56464  -61.7179  -160.293  171.833  9.06751  3.58027  -5.6257  1.8324  -10.6459  0.449915  -1.13285  36.1937  -2.54457  14.4459  0.617576  7.65118  -2.38682  4.30497  -15.2665  1.67276  -24.6765  -83.5138  -0.78205  -40.8629  3.648  2.42298  
0.315849  -2.95086  13.0557  2.78283  -52.5891  1.02062  -9.3819  -4.81181  5.29153  -6.82278  -82.3168  0.867887  4.35304  11.0614  -1.06949  4.6256  17.9792  -94.8428  -194.413  109.041  9.82338  0.465079  3.24027  0.990323  -5.52509  0.33006  -3.41579  26.8834  -3.78698  -28.3382  4.09431  3.26935  2.09949  3.99316  -39.1087  -2.96679  4.97998  -65.5853  -1.95933  -27.2727  5.78201  1.74735  
0.187711  1.13769  8.472  -10.0431  33.3715  -5.1237  -13.8734  -27.9947  8.45673  15.8458  -141.711  0.227353  3.36411  8.68599  1.86204  9.62453  18.2084  -65.1705  -177.036  -52.1283  5.31495  -2.04384  7.98981  0.874025  9.84994  0.182932  -0.306803  2.38951  -6.60687  -54.1683  3.49122  -0.372772  4.51065  0.93855  -30.1688  -6.22272  31.4868  -38.2305  -3.73818  0.67406  0.111556  0.961156  
0.0889633  4.27306  -0.00861562  -16.4384  122.976  -3.00348  -7.53861  0.927258  12.0992  22.9058  -232.093  -0.145641  1.16466  23.859  3.75859  3.30055  6.83514  3.46262  -74.3997  -198.351  0.00330481  -4.10738  3.61445  1.66815  18.2642  0.0725509  3.46744  -19.2733  -11.0576  -50.5411  -2.05982  -0.222594  4.41175  -2.87409  10.4473  -4.53708  40.1396  -6.02036  -7.69121  22.8534  -4.18097  0.467091  
-0.00202301  2.99277  -7.06069  -12.7624  120.703  -0.408668  1.03617  37.7206  12.7576  9.59461  -226.958  0.230414  -2.21135  34.7664  0.719586  -2.34193  -0.963718  35.4361  66.4931  -229.122  -5.43323  -6.77408  -6.86938  3.26388  7.66706  -0.00447877  2.44452  -25.541  -12.1075  -20.8424  -8.54087  0.819147  2.56635  -4.43062  41.9429  -0.190961  37.9706  25.8497  -10.7916  28.1039  3.95789  -0.0593511  
-0.0798198  -1.21848  -9.07921  -1.75545  30.4758  -3.50291  2.76544  24.1707  10.0144  -5.26292  -94.4911  1.02104  -2.30283  12.554  -5.3156  1.24108  3.80668  6.93128  139.943  -133.423  -8.95352  -8.38881  -15.4489  5.16132  -11.4522  -0.0550513  -1.71057  -17.9659  -6.42846  21.9562  -12.0835  -1.97363  0.191929  -2.36084  53.8029  1.9937  35.3394  41.2264  -8.99906  24.7797  16.9822  -1.16179  
-0.0935793  -4.49556  -8.31948  10.5657  -42.5978  -5.09784  -0.470279  -21.3502  7.14662  -3.56411  46.9244  1.44146  3.61483  -33.7519  -8.06938  8.68311  13.5029  -29.1016  108.696  -7.34159  -6.79145  -5.4901  -14.1055  6.83127  -18.0152  -0.0585271  -3.47247  -7.65061  0.400417  54.3534  -12.2283  -7.77215  -1.52547  1.8447  80.5659  0.304652  27.5126  27.3016  -2.56968  27.2973  17.6924  -2.22337  
-0.0363727  -4.7859  -7.61086  16.4942  -30.3855  3.25558  -1.22773  -30.0822  6.83091  9.63903  101.985  1.40272  10.6585  -60.6678  -4.86894  9.53346  14.103  -17.921  48.4932  82.0214  1.81363  1.96875  -3.33892  8.11835  -7.03988  -0.0243555  -0.321212  -1.82098  1.94196  49.2857  -10.8496  -9.73072  -1.39445  5.03134  123.401  -2.0061  6.27851  -3.7926  3.68205  34.8402  2.61518  -1.46838  
0.038354  -2.84694  -4.5828  11.719  30.0719  16.7969  1.84442  9.62033  5.13205  14.2066  100.592  1.36977  10.9735  -47.4141  -0.254867  3.43204  1.47781  26.5515  53.3165  142.814  10.7708  8.58403  7.69188  8.53503  8.20971  0.0113275  2.75834  1.526  -0.115169  0.249511  -8.93376  -3.24813  0.405288  4.75137  116.762  -1.20805  -15.3058  -21.6989  5.3337  33.4288  -10.349  1.93726  
0.0638435  -0.0287538  2.94452  -1.48099  49.2294  20.7225  2.80364  36.3875  -3.31135  1.846  121.758  1.64515  3.08345  -15.6005  -0.108148  -0.713099  -14.0668  49.6893  105.011  162.696  12.9031  9.04489  9.20497  7.14086  14.1568  0.0131212  0.707331  7.99587  1.40621  -58.0373  -6.26007  7.37794  1.88864  1.82366  26.9332  2.33714  -18.02  -11.3339  3.10377  17.1215  -5.18711  5.41  
0.0366066  2.6191  8.98297  -14.4171  -2.15087  8.51687  -2.34124  6.37332  -13.2795  -12.4579  154.561  1.68745  -6.82075  5.29642  -4.41844  0.35146  -18.021  32.5566  104.451  61.3203  8.44788  5.18386  1.77633  3.78653  10.3087  -0.00869703  -4.21175  17.728  6.67878  -71.9561  -3.30393  13.4766  0.705283  -0.757009  -49.7448  5.28822  -5.67379  9.74474  2.29988  -2.13288  9.51209  5.24944  
-0.000862822  3.81392  6.55758  -19.3647  -68.2597  -11.2015  -9.42648  -36.9241  -12.1679  -11.1099  106.557  1.10257  -11.6244  14.0397  -6.50297  -0.270403  -5.14979  2.30508  22.8205  -139.877  3.66874  3.36203  -4.36834  0.557144  2.08912  -0.0247499  -7.35888  23.3593  7.32723  -22.8581  -1.49148  10.7082  -2.77172  -0.905637  -0.961916  5.37301  -0.686949  14.0559  6.39562  -10.9568  12.6252  1.20132  
-0.000410379  2.78582  1.02207  -15.1918  -79.7016  -25.7569  -10.2925  -29.6182  2.3909  2.06296  -39.2937  0.356015  -11.1091  28.4092  -1.51763  -5.34143  14.1141  -13.631  -60.2104  -262.401  2.18063  5.97459  -1.99632  0.0623441  -8.55714  -0.00971796  -6.82102  18.8455  -1.46789  46.8049  -0.7862  2.45122  -5.04548  0.596561  109.205  3.17309  -12.7239  -4.39593  12.9462  -10.2818  -2.58994  -2.98035  
-0.00159383  0.712286  4.31039  -9.32716  -25.3814  -28.8969  -2.41051  21.437  17.0165  6.98139  -173.762  0.109212  -8.93567  49.1213  7.42453  -7.78139  21.5135  -19.3902  -62.9224  -189.207  1.9099  8.97482  5.27051  1.85506  -19.8726  -0.0103013  -5.53739  6.44719  -11.4647  69.4303  0.593768  -5.23087  -3.28416  1.71146  84.1975  0.247166  -27.9888  -26.8442  15.5873  -9.85881  -20.2042  -4.38892  
-0.089642  0.118165  13.2555  -9.18743  38.459  -21.7013  8.10806  45.1619  17.751  -5.94427  -187.674  0.418486  -8.19775  59.1025  12.9995  -1.32883  8.95496  -22.1903  -15.2909  -41.6616  0.261698  6.76312  8.0923  2.5963  -22.5161  -0.100511  -5.36123  -5.01327  -11.4944  20.509  3.06553  -9.80733  1.45214  1.38254  -119.609  -2.27692  -36.7969  -33.5326  10.9781  -12.4796  -22.4361  -4.27511  
-0.267292  1.53435  7.87024  -14.794  54.4492  -8.61111  13.0041  3.95056  5.6709  -23.0756  -91.8827  0.681548  -8.25155  48.5586  11.2192  6.44453  -11.4993  -19.9806  1.21603  -49.2033  -0.688756  0.212989  3.64876  0.248646  -8.3839  -0.268851  -4.01758  -9.4206  -1.4685  -59.3866  4.7416  -12.045  5.0982  0.189986  -286.863  -3.6746  -42.5026  -21.7502  2.4001  -12.7135  -10.8723  -5.11777  
-0.399633  2.23602  -18.8507  -16.4078  21.993  2.07477  10.4025  -56.5485  -6.03813  -26.2608  -12.3977  0.519555  -7.26458  27.9928  5.456  4.90012  -19.9882  -9.42153  -22.3445  -166.32  1.48531  -5.14456  -1.17978  -2.63937  14.7214  -0.381965  0.201876  -7.33721  8.32721  -102.154  3.84379  -11.259  5.25943  -0.980722  -183.702  -3.45822  -47.6248  -0.736977  -4.34699  -8.18389  -1.70373  -6.07807  
-0.364582  -0.130473  -41.5389  -9.03239  -12.3814  3.85984  5.45137  -65.9602  -8.67421  -15.2908  -26.3552  0.37199  -3.99124  7.45492  1.54976  -3.98845  -12.1898  -0.931602  -29.8503  -142.137  5.15047  -6.44987  0.732433  -1.97355  26.0299  -0.33306  5.76431  -2.57535  9.77986  -73.6265  1.51499  -5.54255  3.12833  -1.46261  121.221  -2.30335  -38.1491  18.6401  -7.05046  -4.01469  -5.49492  -4.77732  
-0.234646  -3.70454  -30.7095  0.949144  -15.2931  -1.26855  2.34987  -15.5963  -5.80688  -5.59219  -83.5165  0.657113  0.633828  -14.3969  0.800666  -7.05591  -4.3168  -0.587727  -7.3358  82.4114  5.60774  -5.10405  7.65475  2.31415  15.5272  -0.207132  9.05366  3.23288  6.13407  -2.11346  -0.433783  4.03001  1.06363  -1.47822  320.472  -1.66708  -3.59922  27.5683  -6.99215  -5.41721  -14.9295  -1.22657  
-0.187705  -4.37267  5.8519  2.16862  -1.65466  -3.81715  -0.435065  34.6752  -3.87499  -5.60463  -76.82  1.14834  4.67608  -40.6827  -0.581721  -0.268295  -10.5915  6.57064  -6.49614  263.78  1.90112  -3.8799  10.8188  5.8887  -5.56603  -0.176085  7.62051  8.99429  3.4458  47.3778  -1.08187  11.6716  -0.0796516  -2.34448  235.872  -2.26095  40.6382  19.6299  -4.98314  -10.5963  -15.8593  1.54795  
-0.248922  -1.46427  28.5978  -2.45857  -8.35389  1.56389  -5.42346  33.0834  -3.65974  -7.62128  14.3836  1.2512  6.83048  -55.4535  -5.08601  6.27829  -22.2886  34.0519  -51.9636  231.892  -2.91779  -3.55987  5.73498  5.39649  -16.0683  -0.24838  2.69019  11.2667  2.44493  35.1621  -0.192418  11.3845  -0.628755  -4.95019  4.66413  -3.09249  61.4958  -2.85968  -0.859199  -13.536  -3.79067  2.17382  
-0.247883  1.24772  15.8811  -0.976934  -49.7511  9.54937  -9.21923  -4.30905  -2.69518  -2.56585  98.9113  0.867689  6.94977  -38.7454  -10.0253  3.15783  -17.8439  66.6048  -98.3161  130.02  -5.13616  -3.0405  -2.86936  2.44785  -7.8251  -0.24715  -1.59055  6.82037  -0.306629  -11.735  2.79712  3.98521  -0.839535  -7.40583  -112.11  -2.71863  47.3274  -24.7022  3.30416  -10.9691  10.8688  2.51016  
-0.0927269  0.764269  -9.82125  6.68756  -93.5619  10.9654  -5.58391  -24.4101  -0.919372  6.72733  96.3304  0.403371  6.01983  5.80175  -9.93719  -4.19633  6.80375  72.7166  -101.384  145.76  -5.09108  -2.21587  -8.05813  0.649322  9.45885  -0.0924024  -2.45129  -0.717561  -5.62072  -27.0176  7.31907  -3.6218  -0.901967  -5.84764  -42.6352  -1.34345  21.1365  -27.8816  3.79944  -5.29661  15.6398  4.21301  
0.0291267  -1.15693  -15.008  4.70408  -100.569  5.51635  5.26917  -3.60547  0.0967298  10.5489  24.3646  0.288873  5.65086  48.5182  -3.14588  -2.40545  29.6944  42.342  -68.832  183.391  -5.1574  -2.46501  -6.93913  0.866124  20.6771  0.0155446  -0.869976  -3.91296  -8.87293  11.7122  10.207  -5.50283  -1.53957  0.506753  67.825  -0.438698  7.65461  -11.3105  -0.0569377  -1.61602  10.1347  5.92862  
-0.0646514  -0.856697  2.35845  -12.7781  -64.6662  1.21025  15.3127  22.4924  -0.0563389  6.98536  -34.5455  0.3552  5.90925  60.1352  5.84404  9.04084  29.6156  -2.97591  -21.9887  2.29778  -5.83327  -5.36623  -2.56731  1.45593  19.1549  -0.100468  -0.585984  -0.483192  -6.08642  51.9346  8.33249  -3.11  -2.55292  6.87298  67.8925  -0.843284  6.72357  5.44498  -4.06405  -2.01992  3.3405  5.42174  
-0.228508  1.48797  16.2743  -27.9516  -17.2716  3.71994  17.3436  10.5182  -0.0877354  2.43896  -34.6324  0.358332  4.76158  42.2931  11.2203  17.6682  12.1891  -39.7961  41.1152  -319.024  -5.09102  -9.2926  0.59956  1.90161  6.78756  -0.273448  -3.40787  2.89728  0.98377  30.895  3.73008  -1.1748  -2.25221  7.72886  -37.4076  -1.90687  -1.78016  2.36669  -4.53894  -3.43591  0.607505  2.8492  
-0.184121  2.11856  11.2951  -21.2729  14.6422  10.3821  11.416  -30.8066  -0.576457  1.54241  7.87597  0.431342  0.98031  24.6488  11.4764  13.2545  -0.392918  -61.2329  110.048  -472.653  -1.22522  -9.66248  -1.4345  3.42732  -6.90572  -0.209741  -7.01706  0.0350885  5.49668  -40.8222  0.823547  -1.58612  0.147551  3.32547  -128.748  -2.49365  -23.1545  -17.4802  -3.54361  -2.45731  -1.14813  0.270792  
0.000957646  -0.459927  -1.7298  -2.27909  33.9363  13.6811  0.949806  -52.3001  -2.29324  1.57197  48.6761  0.823199  -4.5474  26.414  9.37959  0.278311  0.444518  -65.3513  118.171  -356.398  3.87143  -3.2756  -8.74196  6.10888  -11.4361  0.00878169  -6.47661  -4.99513  2.11  -89.3094  1.0606  -1.97276  3.14977  -0.667461  -126.547  -2.60039  -37.009  -30.1788  -4.53008  0.730992  -4.55555  -0.808853  
-0.0464778  -3.04134  -5.80487  4.39506  43.784  10.6238  -11.4974  -27.5377  -2.7522  -0.43572  52.0383  1.26121  -8.56326  39.2478  7.9553  -8.5363  2.32308  -48.5851  30.6876  -192.2  7.82704  6.38909  -15.0793  8.52056  -4.25192  -0.0241923  -1.67441  -2.94318  -5.69725  -71.9963  1.27497  0.0402804  4.52306  -0.486043  -56.2993  -2.73835  -24.6398  -17.9614  -6.5306  3.13337  -5.11131  -0.745506  
-0.44153  -2.31305  -0.383359  -4.02646  47.8579  4.50841  -21.1943  11.5294  1.84391  -2.95679  27.549  1.32371  -8.4591  41.0182  6.614  -6.43715  -5.0933  -17.2355  -78.322  -115.092  9.50949  12.7465  -10.7116  10.6803  7.37765  -0.439448  2.24917  7.93827  -9.0072  -20.0875  -0.993121  3.51473  3.61339  1.28733  1.22395  -3.11803  2.08164  10.0078  -5.02062  3.43079  0.057851  -0.656676  
-0.762512  0.331269  3.88975  -1.60931  42.3921  0.0386514  -19.9862  19.6451  9.00151  -3.41548  -0.781815  1.23539  -4.71751  23.531  2.95233  2.41581  -14.3227  9.38255  -93.911  -30.1488  9.15098  12.5337  3.96505  14.596  11.953  -0.79305  1.6624  18.2316  -4.22034  13.1435  -3.34721  5.24599  1.285  0.799963  -6.70251  -2.82848  11.0756  28.0216  0.657415  2.44032  4.78485  -1.39049  
-0.589263  0.929457  2.45125  20.4798  37.3747  -1.47  -5.54225  -6.32886  10.1224  -2.98207  -14.5529  1.80074  0.915217  2.52005  -2.77991  10.7576  -14.6961  19.162  -22.3731  148.634  7.53905  9.19061  15.9498  19.2961  7.62552  -0.624868  -0.668508  18.1444  1.7996  14.2531  -3.40197  3.84779  -2.15376  -1.73083  -58.4007  -1.51852  -9.49739  21.5737  5.52723  0.0757989  2.1706  -3.08835  
-0.110793  -1.34488  -0.237277  39.5492  36.4252  -2.82825  10.9309  -27.6376  1.87426  -4.29235  -27.684  3.35285  4.18875  -6.82836  -6.50476  13.1469  -9.50765  21.8033  4.92562  270.658  5.3137  6.98881  13.9079  18.5372  1.44241  -0.112286  -0.375856  7.68357  -0.624666  3.75938  -1.64988  0.245246  -6.16203  -3.05129  -85.7593  0.0211125  -35.6226  -0.132204  5.9761  -4.5035  -3.4992  -4.69493  
0.0965257  -3.08209  -0.241308  31.1452  21.928  -3.99257  13.5525  -25.6869  -8.14462  -6.81716  -75.6499  4.98305  3.11893  -9.86177  -5.63384  8.87823  -7.90939  26.7595  -63.7127  171.753  1.31853  5.14115  2.0971  6.84738  -1.17574  0.137947  2.1717  -4.74815  -10.4424  -6.54992  -0.408295  -3.58371  -8.48706  -1.97625  -41.7245  0.128426  -38.92  -16.2833  4.27237  -9.78021  -1.45447  -4.40727  
-0.16569  -1.72617  0.857249  3.75405  -21.1908  -2.52125  0.950972  -18.6654  -10.7364  -6.98799  -153.58  5.64455  -2.38749  -20.3288  -2.49935  0.540966  -6.80873  28.5588  -116.27  -11.4817  -3.93775  0.37812  -6.31201  -11.5683  -2.19165  -0.109925  1.2772  -12.4989  -16.0265  -13.0548  -0.616807  -5.92437  -6.57076  -0.436343  49.2811  -1.69065  -20.7884  -16.4472  4.20971  -12.4891  8.82017  -1.86699  
-0.488947  1.09424  0.583557  -12.7508  -75.2908  1.96902  -11.476  -26.4357  -7.2797  -4.1  -212.301  5.41058  -8.45348  -37.4047  -1.05088  -6.49537  4.62091  18.7182  -51.2623  12.6357  -7.34192  -6.97682  -6.93355  -24.9948  -5.52239  -0.45238  -5.24448  -14.6135  -9.98321  -8.27073  -1.65442  -5.1073  -1.45563  -0.163582  110.041  -3.07375  -7.83894  -7.26151  5.37611  -11.8122  16.3217  1.06624  
-0.453534  1.92959  -0.201312  -9.37955  -85.8024  3.51318  -10.2492  -37.4348  -6.6524  -2.0303  -189.142  5.17097  -8.52591  -41.7476  -1.32475  -9.19472  23.6777  3.80532  61.013  194.791  -4.9516  -12.1162  -5.63599  -25.7796  -6.95065  -0.445327  -12.2877  -12.9862  1.19037  11.397  -3.21086  -0.434273  2.94554  -0.641381  83.1713  -0.676423  -13.3638  -0.246958  4.3841  -9.5945  11.7556  2.26849  
-0.142031  0.169111  -0.0439718  -4.27332  -32.7807  -3.38441  0.281189  -28.2961  -10.8897  -3.03654  -97.1897  4.58863  -1.50553  -21.0836  0.663732  -8.90031  31.8815  -4.17004  75.7054  215.554  1.10432  -11.2457  -4.58658  -17.5033  -1.38992  -0.150704  -12.7461  -9.64433  6.85728  24.8811  -3.25345  5.6479  4.10283  -0.980267  -9.39228  5.69946  -17.527  2.26382  0.656881  -6.65456  -1.85788  2.02  
0.098878  -1.73949  1.39269  -14.3704  24.4231  -13.4301  6.0148  -1.09567  -11.9604  -3.76416  -8.15235  2.35068  7.63656  10.3829  5.9643  -8.89956  18.4534  -1.01301  -6.45174  -51.6537  3.34165  -6.37752  2.29075  -9.24178  9.0138  0.0853287  -6.22634  -5.69978  5.13461  9.50073  0.629213  7.31287  3.38924  -1.07077  -75.7967  12.0877  -4.66307  4.39947  -3.45646  -2.11426  -14.5363  2.0606  
0.102262  -1.71118  2.63396  -32.5359  19.6271  -15.6581  1.13403  22.1927  -3.37782  0.598954  39.4661  -1.99402  11.2087  28.2511  8.92847  -9.3768  -4.38136  13.3761  -37.5427  -346.772  -2.29016  -2.69682  16.9899  -5.4284  14.9279  0.0895907  1.3933  -2.59228  2.58436  -25.8289  8.1706  0.743822  2.91525  -1.2564  -43.0324  13.9293  19.5303  5.26192  -6.40503  2.72342  -19.574  3.0571  
-0.100065  -0.03046  2.43717  -36.4857  -36.6412  -6.92461  -6.73299  33.3846  8.2593  7.81587  71.1905  -6.56426  7.81531  21.5432  4.34238  -6.58828  -16.2334  41.4708  42.707  -332.029  -9.22483  -3.43213  28.8214  -3.53386  11.6588  -0.109198  3.84528  -1.29633  2.88552  -51.9709  13.1826  -9.68457  2.50908  -1.05282  61.7214  10.3327  30.3796  -3.55947  -8.59353  4.19066  -16.1266  3.783  
-0.450146  1.88058  0.810667  -16.7003  -65.808  2.3266  -9.04544  44.6962  11.3778  9.7496  120.97  -8.86147  3.56282  4.82145  -3.19423  -0.285792  -11.8095  67.4504  117.868  -41.0528  -7.63295  -6.96969  28.3019  -0.00268842  3.44994  -0.457827  1.69763  -1.85903  4.09063  -58.9011  9.95053  -14.368  1.39914  -0.177156  131.064  4.25066  20.2582  -23.5929  -9.33652  1.19802  -7.23998  2.85925  
-0.796543  2.90902  -1.88718  10.9398  -21.9031  1.7112  -6.01756  57.1422  1.88115  3.23478  152.54  -8.42579  4.65659  -2.64362  -4.97458  4.04016  -3.45421  59.4315  68.7849  188.76  3.07771  -8.41846  19.6536  4.58879  -0.802067  -0.807769  -0.724909  -2.66001  3.80224  -52.9452  0.371954  -8.4518  0.429934  0.818602  86.7724  -0.966494  2.49054  -39.7703  -7.56903  -2.0451  1.70525  0.465306  
-0.859371  2.38505  -4.01175  23.5467  58.6885  -6.78878  -2.85456  48.4006  -10.4275  -4.18987  103.662  -7.12765  8.6187  0.708818  1.23752  2.98575  -3.66565  5.82201  -36.7658  169.03  11.6899  -3.51812  14.8811  6.97308  0.972108  -0.86999  -0.799367  -1.82723  4.12192  -26.9771  -6.68155  2.10653  0.646414  1.0061  -33.6441  -4.6294  -9.68329  -32.3138  -4.96312  -0.806132  3.97318  -2.3821  
-0.614596  0.0732639  -3.6687  14.6177  93.9504  -13.1059  -1.94976  7.25468  -12.5968  -2.75168  -32.3234  -6.76874  7.01041  1.68753  7.606  0.894825  -11.1362  -54.9643  -58.0321  48.9558  8.20077  6.06081  16.1049  5.23812  3.93778  -0.606645  -0.239198  1.0759  5.48856  21.9285  -5.99267  7.57296  0.589972  0.676685  -119.435  -7.7356  -14.6364  0.107179  -5.19498  3.48005  -2.49655  -4.50869  
-0.547472  -3.21345  -0.732164  1.29151  66.4822  -11.4941  -1.72507  -42.0879  -2.96583  5.92351  -159.617  -6.52829  -3.68427  -8.73057  5.76633  4.33659  -13.1788  -66.8024  19.6987  35.8453  -4.21626  12.0345  14.5211  0.585922  2.37709  -0.509908  -0.495141  2.37326  4.72845  58.7247  0.60926  4.99803  -2.01484  0.421939  -122.774  -9.79804  -11.3758  34.0448  -7.54194  5.03873  -10.7343  -5.05043  
-1.00929  -5.12313  3.09449  1.13133  14.0824  -3.11138  -0.624723  -58.6828  9.02219  10.8606  -167.426  -4.1088  -15.2368  -22.2845  -2.6235  10.5351  -0.528992  -21.8887  55.0387  71.0416  -13.7624  7.89359  4.62399  -3.68993  -4.91096  -0.963853  0.400382  -1.17415  -0.665626  39.2672  6.70234  0.601882  -6.14021  -0.21274  -76.7738  -9.00361  -0.0663557  44.4562  -5.75171  1.07927  -10.7382  -3.45172  
-1.38226  -3.91447  5.61193  11.2804  -17.972  8.1108  1.64197  -32.43  13.2828  5.92111  -44.0148  0.867904  -16.2757  -19.9908  -8.90037  9.56835  20.8803  33.6187  -21.9191  -54.0729  -11.0553  -2.51317  -7.71573  -4.86453  -12.026  -1.36764  3.94292  -6.83846  -7.39752  -13.2699  9.3349  0.906891  -7.9099  -1.76912  -21.3488  -4.71629  13.3196  28.1671  3.59195  -4.75575  -1.20415  -0.614143  
-0.598837  -0.0838239  6.21514  11.6706  -26.8266  18.5424  5.07555  4.97633  7.77586  -2.07662  96.4319  5.2937  -6.70484  0.629278  -8.02977  -1.42326  33.1019  57.0808  -101.552  -314.415  1.55585  -8.42419  -15.0465  -2.50346  -12.8398  -0.628164  8.00998  -5.90308  -9.81165  -18.5325  9.14072  5.48158  -5.46015  -3.36527  44.821  0.664798  18.4819  4.08546  14.4484  -7.20457  7.91807  1.67511  
1.26288  4.00675  6.84053  -3.63612  -28.7485  22.8849  8.60921  19.8158  -0.13074  -2.8024  140.244  5.32546  1.45361  19.1338  -2.38039  -12.6352  23.9334  50.2768  -44.7634  -440.691  13.6558  -5.07274  -17.4777  1.0599  -5.66257  1.21421  7.77729  5.57618  -6.86876  47.2033  8.13382  8.73067  -1.29487  -2.79007  119.555  3.31308  9.62549  -7.91223  17.8699  -5.69099  7.61949  2.39058  
2.5967  5.97289  9.16892  -15.3143  -28.1158  19.3671  9.65396  11.7137  -2.93834  3.21477  72.6986  0.513538  0.65074  16.6409  2.07442  -13.0323  0.978024  39.4119  108.894  -286.673  16.7252  1.47564  -18.5989  3.01543  2.72223  2.55777  1.96527  19.4566  -3.33258  95.5535  6.40925  6.49043  1.14213  0.447499  155.893  1.57404  -1.27411  -3.93296  13.1647  -4.05045  1.276  2.3294  
2.05487  4.78821  10.3925  -5.96236  -20.6397  13.3139  6.25354  0.09968  -2.56083  5.69903  -12.1222  -5.15864  -2.05017  -0.769746  2.66544  -3.86825  -15.4735  36.0378  175.191  -22.2101  11.0166  3.47346  -16.5538  2.43802  5.96974  2.03001  -4.50754  22.0728  -4.04438  44.2061  3.45633  -0.247397  1.80189  3.78394  119.847  -1.91892  -3.79006  5.99128  7.21979  -4.56753  1.10248  2.51178  
0.25803  0.979102  5.7814  14.3205  0.173325  12.5831  -0.108868  -2.16087  -6.06449  -0.740918  -40.3724  -7.32621  4.0517  -9.27743  0.5627  4.07036  -15.3022  29.5474  50.381  113.644  6.29724  1.78032  -5.26103  0.649907  5.43268  0.238147  -6.39814  10.3714  -7.7804  -60.1511  -0.786256  -5.85869  3.10486  4.25382  58.0114  -3.14073  -3.91338  9.65313  4.28334  -5.74949  9.69021  2.9326  
-1.02815  -3.14724  -3.97626  17.8787  33.8732  15.0749  -5.29918  2.16527  -14.5845  -9.35079  -27.6017  -5.31699  16.2156  -2.3935  -0.405821  5.37746  -6.76881  13.7116  -146.659  92.7509  8.07655  1.69534  12.1491  -0.545413  7.5669  -1.04369  -3.27867  -3.98524  -9.69177  -96.7788  -4.58801  -5.94465  5.6176  1.82775  36.3288  -0.732403  -11.8544  1.82445  1.79913  -5.36345  14.7174  2.79573  
-1.1163  -4.63131  -10.641  -4.54284  54.2389  10.7212  -6.0125  7.38344  -20.3531  -9.86018  -26.8784  -2.42744  20.5702  0.528939  1.23844  3.61151  -3.09842  -2.311  -211.253  48.1706  12.3583  4.11744  20.1517  -0.861956  12.2385  -1.1229  -0.0970606  -8.51487  -6.57818  -35.7977  -5.9446  -1.61986  6.73436  -0.66997  47.1677  2.49949  -22.2902  -10.8855  -2.95565  -3.57359  4.6752  1.6419  
-0.891795  -2.43696  -7.73981  -27.4785  36.8003  -4.77968  -2.63413  12.562  -15.1466  -2.39408  -50.5408  -2.1234  11.3355  -15.475  3.13667  3.27781  -6.24426  -2.96257  -98.7239  64.5716  9.38339  4.1936  7.62022  -1.3222  10.3332  -0.89276  -1.37867  -3.58971  -1.03765  28.9619  -4.05024  1.93613  4.01024  -1.33874  31.179  3.21391  -21.7388  -15.0969  -7.38454  -2.25003  -10.3202  -0.157634  
-1.18369  0.718652  0.37613  -21.0637  -11.5029  -22.577  2.43015  15.4958  -2.19269  3.26675  -54.2544  -4.60246  0.519445  -35.8958  2.09424  1.73469  -8.22604  13.703  32.6367  129.421  -2.08029  0.689675  -14.0804  -2.67545  -2.73683  -1.18329  -6.55058  0.721245  2.01039  19.188  -1.55726  1.78228  -1.49656  -1.17349  -24.909  1.16371  -7.60808  -2.3135  -7.69932  -1.72047  -13.2912  -1.72966  
-1.61572  1.15875  2.69369  8.61006  -44.4063  -30.848  6.31149  11.0035  6.79927  1.47187  -36.857  -7.36117  0.457632  -34.0723  -0.761539  -4.24586  -4.19025  33.4553  27.1844  200.841  -12.2665  -2.22798  -22.5466  -4.35683  -16.4616  -1.60693  -9.61226  -1.70637  -0.0669494  -27.981  -1.25081  -0.341329  -5.76333  -1.57534  -65.171  -1.28724  3.29084  17.8197  -4.94714  -1.95486  -0.488635  -2.30543  
-1.53442  -1.12711  -3.43357  27.1643  -24.0783  -25.9454  6.86583  0.464633  4.88505  -2.56108  -29.7772  -7.6325  7.7908  -10.1483  -0.520053  -11.0807  1.57088  36.2436  -61.5377  232.622  -12.1922  -2.09133  -11.156  -4.92905  -14.6426  -1.51159  -6.41732  -7.27541  -4.34502  -34.9557  -2.99534  -1.48938  -6.24796  -2.24767  -58.4123  -2.32713  -0.583366  22.688  -2.7262  -3.57086  12.3953  -1.60247  
-1.18993  -2.31626  -8.67687  11.6726  30.5726  -12.9168  3.90599  -7.02288  -4.43924  -0.977788  -51.7921  -4.79313  9.54401  9.5664  3.87621  -12.3683  2.34681  18.4254  -67.5524  129.944  -4.05881  -2.54956  3.99523  -4.18007  3.40377  -1.17061  0.970899  -9.74815  -4.95857  3.32332  -3.89395  -2.47397  -3.85298  -1.85053  -42.8618  -1.88303  -9.31652  1.25033  -1.64546  -6.28698  10.0522  -0.150717  
-1.25185  0.00731255  -5.12326  -17.6652  54.8015  1.40243  0.845962  -6.41605  -11.3195  5.65998  -72.3163  -0.53247  1.01648  8.37191  6.19593  -7.02624  -2.77713  -6.16472  57.2135  -75.8024  2.41598  -5.7467  5.6741  -3.58169  18.7079  -1.26303  5.77947  -8.20618  1.26032  27.3588  -1.37917  -5.28581  -1.74313  -1.0755  -47.0581  -0.689439  -4.73084  -28.2887  0.0968886  -6.06495  -4.77156  0.951956  
-1.50819  3.17903  2.82375  -23.3475  18.437  10.8602  2.16818  0.776644  -11.7015  9.42336  -55.2103  2.57029  -8.38753  1.47696  0.403212  0.0316719  -7.84129  -19.8469  166.597  -201.961  1.24327  -7.31025  -1.15137  -4.00279  14.8789  -1.54784  4.88928  -6.2651  12.4015  13.3561  3.14482  -8.08136  -1.73441  -1.60815  -45.9785  0.655255  8.71268  -33.0461  2.17314  -0.788474  -13.3404  0.978817  
-1.0192  3.08817  4.06553  0.799691  -43.2651  12.0119  6.94945  11.0567  -8.46157  5.96295  -9.13408  2.90407  -9.31936  6.67346  -9.75075  4.44728  -7.46308  -14.9564  120.732  -85.324  -0.522354  -1.69219  -0.364817  -3.82023  -1.87424  -1.04845  1.16346  -5.87917  20.2604  -5.77694  6.24549  -6.88452  -2.65175  -3.37353  -11.0439  1.36536  13.2324  -4.14869  2.11888  3.44402  -6.02299  0.0637745  
0.461252  0.0675784  -4.01142  24.4464  -63.634  7.47766  7.59572  22.0446  -7.40741  1.02802  28.6001  1.22813  -2.24982  17.6787  -14.0992  7.04407  -4.27135  -0.397702  -19.5014  160.608  4.55171  7.89888  9.35616  -0.410101  -11.0001  0.472198  -0.576312  -6.0727  18.7096  -1.77883  7.02425  -1.24131  -1.70582  -3.44123  28.8748  0.60748  3.36866  31.0179  0.264214  -2.22536  9.84365  -1.22102  
1.91883  -1.6076  -11.712  21.2078  -21.6183  5.33562  -1.38818  24.3125  -7.19848  2.1219  39.4986  -0.331863  5.11031  12.0285  -8.92754  8.47047  -6.91026  14.0258  -79.7428  245.642  14.6557  12.1679  13.9998  5.79669  -2.80078  1.95156  -0.91161  -7.16563  7.65296  13.004  7.89467  4.50653  2.18665  -0.501752  37.4845  -0.573156  -4.69346  37.3119  0.316614  -14.3851  16.1534  -1.77  
2.24451  0.0426184  -9.49741  1.40755  33.1468  8.89117  -14.2035  5.43694  -1.4436  8.72511  39.19  -0.383242  7.1168  -13.3851  -0.612287  8.14983  -17.1799  22.0263  9.70834  116.628  18.4446  7.79984  5.7369  10.2752  10.1335  2.25573  -4.08219  -11.4683  -5.70913  21.3324  9.31791  7.57985  6.61993  2.69773  24.442  0.626508  4.57737  12.201  3.35089  -17.7097  4.82089  -0.765811  
1.48743  2.08628  0.845339  -6.23846  44.3126  11.1909  -19.2444  -26.4399  11.1483  12.5207  33.6871  0.543102  3.3259  -31.6791  3.47328  4.90669  -22.7575  24.7028  131.45  -34.0585  9.17977  1.25835  -3.69954  8.60242  10.1729  1.46492  -8.88373  -18.5409  -11.9622  24.0721  7.58208  8.69562  7.70297  2.17534  17.0726  5.42388  21.9556  -13.7031  5.36749  -4.24326  -14.5894  1.59045  
0.588963  1.32973  9.98698  3.50788  5.43109  3.64338  -12.0178  -43.8457  22.321  8.00852  29.8469  0.855177  -2.04287  -19.4088  2.83759  1.35562  -9.80574  27.7965  157.985  -34.0714  -7.20572  -0.253917  -1.97381  1.58241  -3.46018  0.562878  -6.90411  -20.5601  -8.03688  20.5314  0.439713  8.29315  4.33325  -1.47182  -2.10442  10.6549  27.779  -12.7165  2.59975  12.7913  -23.4598  3.0561  
0.198871  -0.983245  10.6846  11.0768  -42.9713  -9.90122  -0.268902  -28.9518  21.3959  -1.01814  28.1198  -0.0798683  -5.27921  15.7831  1.37538  0.655126  15.9599  33.9817  85.1604  46.3722  -17.5311  2.13622  4.92315  -5.65847  -14.6865  0.200347  6.87009  -9.23245  0.421917  -1.07554  -6.73415  3.11186  -0.375725  -3.49471  -42.6265  11.0514  14.5182  8.79048  -3.26462  14.3853  -11.4217  1.49135  
0.161086  -1.5553  3.49207  2.13759  -50.5194  -17.3715  5.60633  0.522073  9.0969  -6.04353  29.8649  -1.55225  -5.00078  36.8763  0.459394  1.58295  30.8867  38.8787  6.33531  28.2443  -16.4272  2.37463  2.01035  -8.59017  -11.6511  0.187576  23.1366  13.0847  4.11987  -30.8649  -4.58603  -7.87852  -2.53394  -1.53758  -56.4996  4.89423  -4.50767  23.3677  -7.33671  0.333761  12.935  -1.66108  
0.0606398  0.0163988  -6.03069  -11.3309  -4.30676  -13.3809  3.02062  14.0687  -1.73457  -3.61842  11.2548  -2.667  -3.22904  18.5036  -0.482689  1.06187  21.6016  32.8842  -29.7022  -85.6469  -10.9553  -0.930043  -10.0817  -7.5641  0.787656  0.09012  25.3017  31.4954  0.248508  -29.7103  6.82122  -18.4449  -1.4473  1.05706  10.5332  -3.22351  -14.4806  16.4764  -7.19439  -11.5661  30.4231  -3.06562  
-0.151896  0.804564  -12.1251  -13.3413  67.6468  -3.9554  -3.54451  6.79035  -1.79853  1.56891  -30.5798  -3.06939  -2.59226  -24.8619  -0.635862  -0.521483  4.45425  15.2283  -42.3185  -160.357  -8.39963  -3.63298  -15.6532  -6.39582  9.42175  -0.126152  9.88356  32.3003  -5.26582  13.5485  15.6577  -20.1394  0.13659  -0.125552  107.311  -7.11571  -9.299  -0.226918  -4.46767  -9.65817  27.994  -1.47687  
-0.249396  -0.829432  -11.7626  -4.27621  104.183  3.02867  -8.68875  1.70813  4.70418  2.51519  -33.625  -2.82065  -2.25267  -50.8034  1.74513  -0.790623  4.8116  -0.579656  -44.67  -123.295  -7.17234  -1.66014  -6.77733  -8  8.37353  -0.216645  -9.15427  17.5717  -5.79685  48.7029  11.6917  -11.5224  0.172394  -4.41005  122.564  -5.56246  -0.343349  -7.84531  -1.22399  -1.68826  9.32877  0.393703  
-0.200058  -3.16616  -6.20151  3.69988  67.8504  7.09215  -9.1768  10.9054  5.80237  -2.1447  33.4962  -1.94101  -0.766052  -35.9953  4.43777  -0.348979  22.0218  -2.16305  -24.2532  -44.5262  -2.07698  3.40754  4.95683  -11.2884  2.65732  -0.15598  -15.6638  2.66019  -1.3272  23.3678  -1.17123  -0.401316  -0.663861  -6.6735  29.1448  -3.12411  3.63438  -2.13483  1.33748  -0.69847  -12.2225  -0.131604  
-0.241754  -3.79589  -0.56737  5.08099  -14.7866  10.2317  -4.1746  21.8271  -0.686644  -6.11346  94.9747  -0.573903  0.972413  -2.10189  2.56394  -2.46271  29.0503  4.88171  18.1626  10.2492  6.5882  6.28331  5.6283  -12.6436  -1.73881  -0.198558  -9.15362  -1.64823  0.690851  -36.3262  -9.57195  5.42797  -0.950693  -4.38075  -68.7959  -3.77356  2.2858  7.14133  1.41209  -6.74116  -22.1152  -2.0728  
-0.444801  -2.60189  -0.204796  2.71392  -74.4312  11.873  2.90211  19.3088  -6.86285  -3.59875  41.1188  0.452162  0.804441  12.6924  -3.95945  -8.28642  8.59223  6.20304  42.592  34.6242  11.9516  2.98143  -4.05515  -10.19  -1.82331  -0.411329  -1.57368  1.17965  -4.52586  -48.128  -7.22978  4.68755  -1.17581  -0.280863  -73.0444  -5.88969  0.871574  13.9247  -2.49313  -9.56857  -14.7197  -2.92722  
-0.510003  -1.05274  -4.9719  0.502891  -68.8838  12.3634  5.32598  5.82665  -5.60823  4.154  -129.327  0.321132  0.227559  0.960228  -8.4726  -12.3041  -22.6099  -5.90272  14.2867  49.723  9.94356  -4.17844  -11.1759  -5.71628  0.198181  -0.483656  -0.579894  2.71209  -13.0014  9.90388  -0.650155  1.91136  -1.73693  1.59031  -14.9107  -4.72854  2.28272  20.8812  -7.75992  -4.35132  2.66006  -2.18626  
-0.227717  0.00620452  -6.00034  -0.436106  -30.4725  14.4578  0.250318  -5.65274  -0.497156  9.36608  -242.724  -0.77229  1.5882  -9.67165  -6.19735  -9.74035  -35.4264  -27.776  -41.2491  100.364  2.37249  -9.81897  -9.70882  -2.22557  2.61185  -0.206471  -2.8146  0.678614  -15.4046  61.0834  2.18791  0.506397  -1.57067  0.477654  9.13634  0.586904  3.06646  26.3281  -8.31788  3.36696  13.5343  -1.86665  
0.0565292  0.840052  3.12144  1.6949  -24.8899  19.1951  -6.05758  -5.69339  2.1404  6.35328  -154.967  -1.75965  4.14493  2.92582  -0.0068141  -3.75063  -24.9915  -50.8341  -77.6829  179.68  -6.7726  -10.0655  -4.36787  -0.69954  1.75515  0.0620725  -1.26642  -1.03825  -7.11517  30.6767  0.602053  -0.10184  0.531443  -1.18653  -33.6697  5.40765  -2.1552  18.8316  -1.9546  6.98917  9.68282  -3.16056  
-0.162566  1.50476  15.2506  6.98288  -58.4972  19.7618  -4.97595  4.8864  0.781771  -1.83972  48.7895  -1.86069  4.11432  25.1926  2.88761  -1.53466  -12.3146  -63.1042  -67.809  266.899  -14.9228  -6.18922  -0.219464  0.463117  -0.887715  -0.18076  3.04588  -1.70067  6.39047  -47.2996  -0.823501  -1.77253  2.83327  -1.50797  -75.7824  5.27957  -14.08  -7.01927  5.39491  5.62705  1.97354  -4.34907  
-0.683436  1.65515  16.1733  7.40673  -68.3291  9.21525  2.77466  14.6099  -0.442587  -6.94801  143.783  -1.58155  2.21373  28.5624  0.854704  -3.98908  -11.5574  -52.6218  -39.8943  285.505  -19.0035  -2.74996  1.65948  1.9809  -0.146736  -0.711284  5.1083  -5.02624  14.8206  -65.3218  0.593621  -4.09399  2.19182  -0.571799  -56.7516  1.24694  -28.0384  -34.1719  6.3059  2.01401  6.20105  -3.30151  
-0.587949  1.57481  2.35072  -4.25099  -5.46011  -9.18542  7.8527  8.59651  0.57852  -5.08272  33.354  -1.75754  3.40568  7.97968  -0.618483  -4.27187  -10.2987  -20.2682  -26.9915  204.823  -15.1408  -0.929285  2.52263  2.37449  7.4622  -0.602258  5.39696  -11.1359  13.3583  9.73329  3.53426  -3.98076  -1.28828  0.632771  8.5939  -2.04813  -35.7693  -36.0546  1.68266  -1.97563  21.4089  0.172543  
0.55582  2.03727  -10.9526  -19.5069  79.8929  -24.9104  5.12725  -13.6696  1.41491  -0.224019  -128.861  -2.23804  8.07533  -15.6412  2.49976  3.15922  10.5142  14.925  -33.7713  147.337  -5.07677  1.47802  1.58326  0.0165218  17.449  0.55882  7.44149  -14.4485  6.90213  90.2773  5.73885  -0.0963797  -4.08771  1.68686  65.1938  -2.17831  -29.7887  -8.1016  -0.505244  -5.5517  28.7982  4.11835  
1.8261  3.04127  -9.77662  -19.9541  101.596  -31.1456  0.740495  -32.9038  -2.21894  1.89436  -120.189  -2.02083  9.83613  -22.4116  7.03783  11.9989  44.9023  33.7231  -36.4385  215.716  -0.474862  4.64935  -1.4097  -4.06429  19.3149  1.82606  10.1821  -10.495  3.31835  73.8322  5.78162  5.52115  -3.6483  2.01409  75.9181  -0.590581  -10.2576  22.9359  3.84924  -6.88818  16.1213  6.45517  
1.8531  3.10229  0.116465  0.144612  39.0323  -28.9092  2.65199  -27.7928  -9.241  0.352734  64.5804  -0.833473  3.78627  -11.2755  6.16194  12.0733  62.5521  36.6245  -13.6941  299.38  -9.92222  3.92393  -2.86248  -6.78498  7.58477  1.83462  7.18661  -1.98944  5.09393  -29.2822  3.44917  9.24025  -1.31431  1.4422  50.7349  0.349817  13.7725  26.9452  9.61192  -4.19227  -3.90399  6.17317  
0.512034  1.17728  0.510239  24.0863  -33.3569  -21.7832  8.46716  -6.74991  -15.6675  -1.12781  240.2  0.102729  -5.92507  8.3971  -0.973381  2.29739  43.1218  37.3935  29.3374  142.13  -25.0218  -3.06407  -0.529208  -6.3761  -8.87715  0.487187  -4.50194  3.01356  6.52833  -109.053  0.394195  9.55809  0.0873278  0.398496  19.2537  0.207308  27.7251  3.56955  9.49801  1.93422  -11.8896  4.22128  
-0.881478  -1.56658  -12.8418  29.4393  -42.1286  -10.5032  8.53498  6.72963  -15.5869  0.529151  236.492  -0.317273  -11.4512  22.449  -8.11891  -6.70735  1.4753  35.8103  84.6981  -297.387  -26.2984  -10.0097  1.87732  -4.00067  -16.4706  -0.887828  -15.6926  0.772758  1.39111  -87.1248  -0.893047  6.5118  0.252292  0.0778363  -3.01243  -0.00453839  26.5613  -19.0499  2.65703  7.36856  -6.48375  1.82846  
-1.20794  -2.47462  -25.0374  14.3746  0.0184453  2.09459  -0.468215  6.96474  -6.53449  4.25279  79.8613  -1.1723  -11.1056  20.9493  -8.70581  -5.02923  -26.7907  19.378  133.003  -656.002  -7.00851  -8.84678  0.0628261  -2.1823  -11.9921  -1.19145  -15.1115  -4.55372  -8.51076  0.231719  -0.127366  1.07405  0.664629  0.736149  -33.7245  0.567343  17.0279  -17.1495  -5.35892  8.02429  -5.46918  0.0861161  
-0.803529  -0.75749  -23.3127  -3.83309  17.8797  8.91935  -10.698  12.7951  5.99088  6.79245  -61.8613  -0.679923  -10.153  3.55406  -3.01439  4.51677  -24.3149  -9.76809  147.821  -566.372  15.8077  -0.722348  -4.76551  -2.32958  -6.63386  -0.782927  -2.34216  -7.12632  -13.7852  57.4194  -0.193178  -5.93669  1.3468  0.945914  -84.9789  1.90534  7.74928  6.13471  -9.09141  3.12609  -19.8456  -0.856619  
-0.701622  1.50691  -12.2409  -8.54284  -19.4125  6.95481  -13.5093  26.9001  12.9561  5.74932  -57.4018  0.764318  -10.5814  -17.5845  1.88415  9.84235  -8.93296  -22.1889  115.214  -103.156  22.2424  3.8181  -6.65136  -4.17648  -11.1289  -0.691486  9.45689  -4.49338  -9.28882  42.8903  -2.30272  -12.6284  0.749059  -0.98397  -125.476  3.40436  -1.43467  29.8888  -7.63651  -3.63684  -36.0265  -1.17481  
-1.13723  1.4523  -3.46017  -1.93719  -67.3054  1.06208  -9.57415  29.4292  9.12738  2.01655  69.2931  0.509108  -8.05872  -32.0696  0.527785  3.71678  -8.80377  -1.91239  45.8759  258.274  15.0622  -0.105203  -1.7903  -6.23675  -21.4992  -1.12986  8.8673  1.08752  -1.42108  1.631  -2.701  -15.932  -1.45214  -4.40529  -99.8223  4.16378  -12.1021  37.3748  -2.73666  -7.38395  -34.7685  -1.08036  
-1.46793  -1.15108  0.215184  3.6367  -69.3856  -1.47916  -5.58328  8.94853  -0.565495  -1.6639  175.885  -2.54472  0.502619  -40.7788  -6.10831  -8.22088  -25.3919  27.5362  -20.5571  261.008  12.1908  -5.86792  6.5269  -7.31388  -23.6845  -1.44573  -1.47102  3.83913  -1.24027  -4.9918  1.99253  -14.2558  -3.67214  -6.55509  -14.4217  3.30148  -15.0101  26.4642  2.84047  -6.97916  -16.7191  -1.29777  
-1.38883  -3.91957  3.94428  -0.845537  -30.1841  0.788801  -4.30187  -10.1071  -5.98829  -3.43195  139.09  -5.75828  10.1872  -44.0927  -10.7831  -14.6806  -31.4642  28.2197  -56.6042  70.0102  17.8334  -4.65714  10.9198  -6.80884  -9.93365  -1.35325  -8.87542  0.347862  -9.77338  26.984  8.18235  -8.92977  -4.26059  -5.88228  55.7509  1.15492  -3.6047  5.24235  6.18498  -5.92328  -0.27081  -2.28085  
-1.39166  -4.85148  9.29845  -10.0906  6.27053  3.27648  -3.17585  -0.42977  -4.22853  -3.14968  -31.9115  -5.85847  13.0773  -28.4039  -8.3771  -12.8372  -7.7627  0.177796  -58.4628  -15.4454  15.0308  1.76879  6.02808  -5.29648  10.2967  -1.36517  -6.28511  -8.07244  -15.631  49.6542  8.83944  -2.56254  -3.37885  -3.48874  61.1051  -0.967759  12.8019  -14.9518  5.33395  -7.77739  1.42234  -3.3597  
-1.79253  -4.12688  12.8296  -12.7426  15.089  3.14338  -1.46091  20.9261  -0.891687  -1.78918  -195.038  -3.74845  8.01179  13.5374  -1.25772  -9.04633  28.7349  -18.2954  -39.7818  39.9632  -5.73005  3.83153  -4.57341  -3.99186  19.6083  -1.7958  0.213632  -14.692  -9.23734  31.6532  2.75886  2.9242  -1.44391  -1.36843  38.2521  -2.09519  14.5485  -23.4788  1.36139  -12.0669  -4.18279  -2.46512  
-1.92979  -3.06135  13.5977  -4.58033  19.5876  3.29661  -2.72351  17.7112  -2.26904  0.264212  -218.204  -3.64781  1.71268  56.4172  4.03296  -7.65878  43.1  -1.7035  -19.3779  64.7648  -25.6483  -1.42384  -11.51  -3.64216  11.1121  -1.96023  1.95584  -14.1002  4.94017  -12.3382  -3.4096  6.14728  2.14554  -0.207046  36.6035  -2.52348  1.78034  -14.5548  -1.63747  -14.2952  -0.00542412  1.10165  
-0.94023  -1.82218  13.5207  6.52709  42.848  5.5405  -7.5749  -9.25724  -4.82823  2.63357  -117.092  -6.97651  0.876379  61.5929  4.06919  -6.56819  24.6186  27.6087  -17.0517  25.1588  -20.4544  -7.20255  -8.02097  -3.89482  -3.28558  -0.976794  0.0992303  -9.82708  14.3492  -48.6935  -4.9489  6.29856  7.1478  0.358131  32.4226  -2.61092  -5.76391  5.41433  -0.842104  -10.8537  17.1096  5.33816  
0.939809  0.370988  13.7943  9.97411  69.9159  7.66379  -9.73969  -19.5888  -2.36635  4.27979  -7.63554  -8.77027  4.57629  22.8367  2.29284  -2.3556  -1.58949  31.295  -27.1908  9.15439  6.78181  -7.36219  3.7491  -3.83513  -6.94468  0.91494  2.63964  -11.8768  12.5703  -65.4028  -3.37745  3.56878  10.6699  0.113657  -20.8312  -1.71157  4.55851  19.3754  1.8864  -3.21688  30.9931  7.50926  
2.40962  3.25597  12.793  2.5932  70.0096  6.10921  -2.96506  4.05206  5.00197  3.53339  12.2896  -2.50593  6.68785  -20.8199  2.41211  2.69979  -9.07432  8.47088  -35.8348  73.7521  26.5098  -4.05966  12.1454  -3.33936  2.49441  2.39916  11.0426  -22.874  4.88157  -64.7614  -0.71389  -0.413459  9.49621  -1.12408  -81.9203  0.721971  17.7412  14.761  1.5172  2.35327  24.6448  7.23149  
2.51978  4.94166  9.28201  -6.06577  44.5983  2.34624  9.43628  30.4257  7.96592  0.64395  -34.3047  11.3563  3.41284  -34.1124  3.66481  3.39473  -0.946414  -3.06982  -27.8753  89.4309  18.0225  -2.35041  8.04283  -3.32452  10.9835  2.51872  16.3655  -28.7169  -1.40043  -46.7178  4.60099  -3.92298  4.15812  -1.88042  -57.3378  3.13004  10.9893  -0.70643  -4.33745  0.271898  2.32519  6.04822  
1.61061  3.91882  4.53365  -9.09941  20.3052  0.569419  16.2995  19.4848  2.4449  -1.15016  -54.7789  22.7229  -2.37379  -22.6007  2.825  0.394841  1.60029  17.9953  -5.68675  -36.4372  -6.89453  -2.24586  -3.90718  -4.1409  5.55664  1.6157  12.4079  -12.5688  -4.21821  -9.97911  12.3296  -5.88251  -0.917263  -0.187937  45.8787  2.78861  -12.9883  -4.85634  -10.9586  -8.4694  -16.6381  4.49635  
0.726778  0.611868  -0.372136  -3.79941  9.11035  3.41752  11.1197  -16.431  -4.90937  1.18213  8.71982  19.6274  -4.9336  -9.08073  0.91499  -1.23175  -8.15958  43.7871  6.45463  -229.864  -22.8753  1.42929  -11.6736  -4.5132  -9.84493  0.738589  5.77709  23.2421  -4.89495  20.4772  14.6531  -5.17984  -2.49102  3.52012  94.2108  -0.661326  -31.8978  11.6605  -10.7591  -15.1679  -18.5942  1.70898  
0.444019  -2.5926  -5.59981  2.59866  -4.31372  8.10457  -0.400262  -35.5938  -3.94292  6.56663  110.552  1.22671  -2.62057  1.28019  1.21203  1.2154  -15.6365  33.0605  11.5176  -337.007  -19.0283  9.06995  -8.17455  -2.81684  -18.9821  0.460989  7.32817  54.5959  -3.36584  12.6682  4.67618  -1.44508  -1.76488  5.96519  20.1757  -3.78887  -32.7511  31.3938  -1.89362  -11.7902  -9.79884  -2.26158  
0.50594  -3.48099  -10.0773  3.91866  -24.3028  9.83122  -5.90655  -19.2661  4.1323  9.94637  162.44  -18.1579  -0.0597755  15.8302  3.17293  3.67512  -9.45452  -11.6837  34.0186  -229.197  -6.10756  14.4707  0.990331  -0.0552797  -11.7378  0.523852  13.8223  59.5245  0.720338  -25.3759  -10.3922  3.65339  -1.7633  5.0557  -60.0582  -2.80857  -20.132  28.5344  6.76484  -0.921413  -0.6746  -5.79314  
0.434284  -1.65602  -11.7811  -2.42908  -29.3787  5.44084  0.454623  8.8459  8.57596  7.60304  104.674  -21.3445  -1.78881  24.1851  2.29175  1.19111  2.28825  -45.9902  82.2045  52.2136  0.664578  11.2893  6.61799  0.646286  3.26449  0.44859  10.6204  40.6695  4.68067  -39.8456  -14.8969  7.34385  -2.73284  2.53634  0.0369381  1.98054  -0.840665  0.313017  4.81986  6.28622  8.40366  -7.56816  
0.190604  1.37803  -10.279  -8.59822  1.75035  -3.71773  11.7086  22.352  5.39065  1.81513  0.309769  -7.17011  -5.54388  15.0234  -2.50173  -2.98439  6.25369  -48.7092  143.942  347.399  -0.0408781  1.87695  6.53461  -1.77078  11.5668  0.198881  -4.38851  17.0406  6.41374  7.14649  -4.53703  9.1453  -2.78184  1.83806  164.621  6.06451  26.9522  -28.4665  -6.89108  3.33619  17.8609  -8.16792  
0.0727579  3.37787  -7.05902  -5.29204  53.6891  -12.3289  14.8748  25.5415  2.22115  -0.9887  -15.9061  6.99781  -3.86684  1.94241  -6.22018  -1.5713  3.09306  -49.1366  189.236  462.956  -0.247148  -4.78555  3.57509  -3.96117  9.71297  0.075268  -11.8795  0.832752  7.98477  83.407  6.20309  11.1266  -1.28213  3.4528  242.152  5.62214  58.3159  -34.7169  -15.4142  -3.35941  22.4488  -8.71617  
0.247119  3.25168  -3.86001  10.9323  83.1953  -15.7843  5.24878  32.1829  7.86441  1.95337  103.511  5.75405  5.65142  10.4148  -3.67473  6.73617  3.1335  -77.8404  201.989  320.247  4.87036  -3.32593  1.52238  -2.60341  5.81417  0.246496  3.54282  -9.50857  11.9322  122.17  2.56888  14.6922  -0.0793603  5.03055  130.907  1.20179  76.5715  -19.2843  -10.8062  -3.47945  13.5955  -8.9011  
0.49631  1.61148  -1.11807  25.4821  72.7039  -13.0763  -7.68857  39.7312  16.1587  6.41024  232.792  -5.39854  15.0838  32.7629  2.26123  13.9524  8.1064  -107.464  174.729  73.7576  10.2533  2.56278  0.374578  0.619385  4.95048  0.497113  26.7528  -15.98  14.6481  96.2587  -9.50708  16.0461  -0.258352  4.38069  -54.4749  -2.89068  68.0279  -0.392924  1.28677  2.59169  -2.84227  -7.41756  
0.491356  0.135213  1.23758  20.0576  39.4608  -7.1343  -9.93217  29.6422  14.0828  5.80843  185.104  -7.88  13.0528  31.203  3.56476  10.0937  8.67581  -76.1941  95.3067  -64.539  7.05149  4.76971  -1.20287  0.438233  3.8086  0.498044  26.4515  -14.1041  9.70452  35.8709  -11.4044  9.24638  -0.713708  1.67407  -122.364  -3.30698  36.3779  7.94025  6.81324  4.71389  -10.1431  -3.76593  
0.185631  -0.4967  3.24126  -5.8391  0.692299  -0.231207  0.672124  -3.20735  -1.36388  -0.943924  -57.4607  4.44879  -1.34503  -5.5539  -1.97079  -4.35959  0.623538  24.2075  -26.4425  -22.6223  -5.54666  1.28197  -3.67068  -4.6122  -0.566245  0.201087  -3.82938  -3.37011  -3.80311  -25.5496  2.8619  -5.56879  -0.392829  -2.0442  -31.9203  -0.271367  -5.0826  6.10348  1.45081  -1.30302  -3.49208  1.19087  
