0.10611  -0.578545  2.60771  1.59735  -9.52872  8.12138  0.562363  25.2999  -0.581655  -5.07  2.66184  -3.47057  -8.79412  -1.17931  -6.32204  -11.4464  1.29578  -0.275393  2.94465  1.01888  1.29012  -0.993546  5.75395  1.16086  -0.0977657  -0.158238  1.57605  -28.2774  -8.19564  25.2097  1.6731  3.16764  11.1402  1.53255  -6.79559  3.75432  1.06333  2.4602  0.812411  2.67909  10.3865  -8.11942  
-2.38122  -1.41615  6.99408  0.217494  2.42276  -28.7448  -8.34687  3.9718  -12.3356  9.56913  -20.692  -29.1304  11.5036  -19.0116  8.59972  10.5391  0.0629701  9.44152  -6.00131  -6.15208  -5.3098  0.5162  -4.7176  0.113158  -0.198916  -2.32726  -0.929254  4.7171  39.0572  -107.394  -4.98667  -25.7222  -35.9356  -10.4941  -0.291756  -18.1597  13.2285  -3.89056  -1.28091  -24.4052  -53.1666  20.7152  
-3.20829  -2.68123  3.06643  -1.98668  -1.30746  -56.416  -13.9288  -87.9972  -18.5336  18.2079  -23.3219  -26.1609  21.18  -13.1012  12.704  31.0409  3.6927  13.4975  -11.8066  -11.2324  -8.72659  -1.35193  -4.02136  -0.0687156  0.25241  -3.0791  -1.8521  4.78095  16.0573  -125.951  -4.27246  -30.1054  -33.49  -14.3279  24.9127  -25.959  8.36576  -3.67377  -1.91751  -24.9748  -44.0939  26.1845  
-1.8211  -4.28918  -6.03929  -4.28292  -19.5133  -73.6534  -14.4642  -171.127  -15.7684  21.5831  -7.8478  0.222473  13.7881  11.0205  6.81828  38.5887  8.76846  12.4835  -11.8661  -11.8787  -8.79467  -4.46685  3.816  0.683736  0.504383  -1.70149  -0.99602  -23.273  -56.6797  -55.3568  1.84667  -14.9585  3.27051  -10.1726  58.3183  -12.0885  -6.64558  1.37144  -1.084  -3.66546  26.0911  12.8184  
0.815806  -4.74387  -10.0145  -4.9358  -36.2686  -77.8794  -10.4151  -130.359  -5.39009  23.1108  6.89437  21.2585  -2.54316  26.6288  1.47811  24.5173  8.20851  10.707  -5.57402  -7.598  -8.37039  -5.34514  4.93667  1.71999  0.165072  1.11326  1.10946  -40.1364  -103.181  -6.4285  5.39323  -3.84668  17.9933  -4.50772  68.6978  13.8565  -11.7126  4.34565  0.0601498  13.0122  74.8498  4.06562  
2.90317  -2.32639  -3.33674  -3.02535  -39.2256  -60.782  -4.30876  11.9983  4.88544  20.696  7.94496  20.1114  -10.16  18.7192  2.87244  -1.63743  2.21217  8.98669  3.12703  -0.429828  -9.29683  -2.56934  -3.66534  2.50244  -0.116104  3.44614  3.23698  -22.6537  -88.0148  -27.359  3.13562  -5.51648  -4.96424  -1.64849  46.7805  33.3847  -1.91844  1.67757  0.504303  10.4447  57.5375  10.3018  
3.27386  1.97945  8.01658  -0.00944691  -28.0677  -12.4131  -0.161607  96.1501  8.02001  10.4716  3.68364  7.69747  1.34858  -1.09193  6.90626  -17.2495  -2.95006  4.53893  6.27071  6.49453  -11.3299  0.936374  -12.5452  2.86287  0.57782  3.79773  4.35483  15.8761  -39.1406  -65.9425  -0.361065  -8.22856  -10.1076  -0.428756  15.817  32.0538  9.62218  -2.83844  0.205091  0.0415915  3.46287  20.2723  
2.22704  4.14802  12.2799  2.54421  -9.99906  50.7529  -1.12357  45.4934  4.76244  -4.61318  5.3182  0.842136  22.183  -10.94  5.43916  -9.38206  -5.35811  -1.90755  0.840325  10.761  -12.7874  2.73799  -12.7909  2.84787  2.32613  2.44704  5.76221  38.3615  -1.50951  -64.9901  -0.513699  -3.02682  45.0487  1.63277  2.79419  16.0764  11.7421  -3.24055  -0.198841  -1.64058  -22.9077  17.6836  
1.01071  1.38336  6.56478  4.59117  6.2347  71.8937  -5.94733  -40.9677  1.41853  -13.3316  11.2623  1.39163  28.0444  -4.36815  -2.67604  7.94055  -5.32336  -6.15406  -6.46072  11.3273  -11.5044  2.50372  -4.17933  2.61096  3.57171  0.971743  7.49908  23.9532  17.6632  -36.9931  1.2177  4.26355  101.909  4.10079  3.99229  3.74205  6.5053  1.06587  -0.147969  5.60432  -15.9221  2.09666  
0.566595  -3.16895  -2.64809  6.80425  14.9281  6.70953  -8.80757  -59.1646  1.50281  -9.84646  9.80906  0.527366  12.5036  6.06663  -10.898  12.9958  2.25103  -4.42116  -6.89476  8.27518  -6.43686  0.47845  7.47756  2.35743  3.27037  0.500979  7.52598  -13.5837  17.7828  -11.1528  0.259791  5.64176  51.6618  4.84398  -1.12256  7.61649  2.7946  5.05221  0.461989  10.0357  -4.69734  -14.4793  
0.864039  -3.47469  -6.92536  8.5822  7.99423  -115.523  -4.55988  -35.5503  2.32727  -0.17581  -0.348693  -4.64154  -7.32947  6.57204  -11.6018  1.20087  23.0185  1.64953  -0.561808  2.7449  1.55472  -2.0468  16.1165  2.00406  1.78951  0.854681  4.20801  -42.136  -2.78329  20.2424  -3.48848  4.01801  -107.494  2.68311  -19.3417  17  -0.496713  4.16944  1.21406  6.31777  -0.183987  -20.7301  
1.24615  1.40321  -4.2178  8.36278  -7.59122  -195.673  5.28395  -49.7336  1.63089  3.99932  -5.16216  -8.29429  -11.8865  -2.82505  -3.61781  -8.66266  46.472  6.92329  4.24893  -1.36854  8.66989  -3.30791  18.3664  1.13346  1.25947  1.22975  -0.221415  -38.2488  -32.0369  73.2025  -5.47296  5.58349  -229.666  -1.53673  -34.8606  10.7396  -6.68336  -0.603989  1.27159  0.219885  22.1125  -15.0679  
1.17991  5.59502  -1.90016  5.5476  -16.7198  -161.92  13.2877  -85.2107  -0.653443  0.0487282  4.70078  -6.51935  -5.92335  -10.7681  5.27414  -3.5932  45.6722  7.93631  1.66766  -1.81792  11.2531  -2.28532  13.6297  -0.366231  3.16973  1.1837  -1.25665  -7.17878  -38.4875  115.746  -2.74309  7.4941  -179.413  -5.39867  -31.6889  -14.2162  -10.5076  -4.26978  0.120439  -1.96292  63.8655  -4.7569  
0.686644  3.63479  -5.84735  2.08573  -7.19071  -40.9738  13.4217  -55.0927  -2.86309  -4.52734  17.2257  -2.14776  -3.27555  -8.79513  5.51585  9.80203  7.88167  4.08361  -3.07193  0.430331  10.0879  -1.07629  7.32842  -1.58912  5.62935  0.804436  1.63391  21.676  -12.5579  84.024  2.54616  2.97055  -5.5586  -6.34383  -11.1086  -39.8372  -5.24844  -3.61126  -1.37415  -0.516445  76.466  1.43056  
0.240746  -2.16647  -13.6236  -0.0893182  14.3754  67.9612  7.23928  36.9775  -4.28307  -2.94747  10.7387  -0.102954  -9.31723  -1.89188  -3.75873  15.8328  -42.9311  -3.02602  -2.81483  2.30203  8.56578  -2.47656  5.50896  -1.46128  4.24452  0.408943  4.87799  17.5159  20.4392  -29.9313  5.91884  -7.29125  114.638  -3.70689  16.252  -51.3029  6.32908  -0.538612  -1.15881  1.3142  25.8965  2.69749  
0.299717  -4.75512  -15.6602  -0.477076  21.8935  99.2705  1.65867  79.4078  -3.88702  2.93667  -14.5077  -0.808719  -7.27451  -0.155127  -12.563  7.29974  -68.1472  -9.84393  0.391618  3.71905  9.03074  -5.41263  5.80202  -0.085146  -1.86791  0.291549  3.67096  -17.4286  35.0252  -142.208  5.52934  -12.9038  88.7212  0.101862  39.1642  -44.4254  11.0437  1.53448  1.71299  1.97578  -42.5987  7.16163  
0.792125  -1.55823  -7.1949  0.143259  3.74506  76.7202  1.41013  35.0739  0.0765133  5.25555  -31.542  -1.82902  6.76205  -5.05829  -12.7982  -8.82884  -55.1434  -12.078  -1.66856  7.59832  9.73965  -5.3946  1.02688  1.21291  -7.0942  0.507576  -1.1952  -48.2548  38.6383  -150.342  3.77959  -8.93638  1.6461  1.71438  44.6915  -31.9633  4.17236  2.18886  5.09203  1.03108  -52.875  18.103  
1.15564  2.47969  4.46371  0.909446  -27.6104  73.0758  4.76253  -15.6878  5.50796  -0.522731  -19.6928  -0.931363  13.5818  -5.66999  -6.15139  -24.5445  -27.8726  -7.86808  -11.5286  12.9768  8.015  -0.530116  -9.59728  1.44152  -4.2867  0.768759  -4.76275  -42.7133  47.6044  -25.2533  3.38293  -1.63949  -23.7138  0.517052  28.8791  -20.1206  -3.00747  4.06809  5.48689  -1.49496  -1.23257  26.4182  
0.873938  1.92582  6.99505  0.782821  -47.5144  93.5662  6.67511  -18.049  6.85391  -10.696  7.48854  1.33372  -12.0752  5.89092  -1.07386  -28.8502  -14.9411  0.626054  -17.8149  13.1076  3.78823  5.56185  -13.7135  1.09419  4.55043  0.585105  -3.64952  -12.4137  53.5109  128.665  4.55519  -1.35049  19.5699  -1.03119  4.31566  -4.74798  0.196384  6.45173  1.99327  -3.04871  35.276  19.2708  
0.0610902  -2.15598  -1.1115  -0.729092  -41.2247  72.6093  4.53722  -49.6785  2.11246  -16.0687  17.4069  2.58977  -53.3797  21.1605  -0.146649  -19.3897  -20.9967  6.55119  -9.41255  3.30729  -1.81811  7.55731  -4.86285  1.21381  8.44564  -0.15286  0.49205  -1.76411  37.571  187.627  5.55071  -8.58064  47.771  -1.23438  -6.42938  17.0015  10.016  4.6571  -2.27031  0.563869  14.4626  -0.964491  
-0.675085  -3.95369  -7.02302  -2.90685  -18.1023  -27.5956  -0.246742  -147.68  -3.38314  -12.1275  -0.416456  1.8402  -59.3038  24.1788  1.15912  -4.93972  -28.7275  5.15634  9.53014  -10.273  -7.35652  3.86169  7.57966  1.92497  0.359166  -0.972526  2.61182  -31.6088  -2.90721  127.353  4.39792  -12.8705  18.8941  -0.910412  -0.476574  33.9485  12.9055  -2.15844  -3.49447  8.84331  -18.9075  -16.9385  
-0.923941  -1.03526  -0.506327  -3.752  6.19471  -140.214  -4.77975  -196.14  -2.52796  -5.07944  -23.5959  -0.595064  -7.11649  14.4545  4.34567  1.58389  -19.2156  -1.24792  22.4412  -15.4082  -10.8063  -1.36979  5.84712  2.32029  -12.5104  -1.32208  0.572746  -75.1745  -45.1585  39.0197  0.739497  -5.94034  -22.4194  -1.61121  -1.33901  37.1893  4.34935  -8.62486  -1.32396  14.4727  6.05011  -17.0457  
-0.799369  2.59083  9.40619  -2.53503  22.91  -151.432  -7.07975  -57.5025  4.01874  -5.19375  -24.4936  -3.0755  58.3181  6.01604  3.27045  -1.73834  11.5446  -5.04629  17.7878  -8.2815  -8.75647  -4.062  -12.1315  1.89306  -16.1705  -1.14808  -2.49818  -90.107  -63.7599  0.353631  -4.19494  8.47024  -28.7239  -2.3659  -24.5076  29.2529  -6.64622  -9.38659  1.22423  11.1604  62.8186  -7.24243  
-0.591883  1.94522  7.13961  -1.06125  28.1433  -46.8792  -6.36357  158.425  8.48248  -12.9104  -5.39335  -4.15789  69.5694  6.66387  -5.2179  -3.886  46.304  -3.33404  0.694392  1.60345  -0.637153  -2.30321  -27.8528  1.26954  -6.06903  -0.820742  -2.61561  -71.5445  -56.4501  8.1755  -8.01451  17.7019  -14.6865  -1.133  -52.296  24.2855  -8.7994  -7.72875  1.82637  2.60009  71.5788  0.32012  
-0.354705  -2.2305  -6.87737  -2.02038  20.1801  48.9441  -2.7854  182.38  6.46897  -16.2213  8.09458  -4.02701  26.188  4.58483  -14.2109  2.35821  59.7723  -2.31378  -11.5322  4.74318  8.56482  1.63316  -24.9491  1.27471  7.52731  -0.607957  -0.390608  -52.454  -33.1647  2.94697  -8.47545  15.4516  -11.6236  1.69861  -53.8849  28.7409  -2.00499  -10.4191  1.26381  -0.939176  -0.131063  1.8201  
-0.019056  -4.63909  -12.7794  -4.61422  1.74814  37.8682  1.69067  -45.9498  1.53167  -7.64385  3.12494  -3.20689  -5.72818  -11.8914  -14.3598  6.36956  42.955  -7.08923  -9.43652  2.07676  11.4911  3.85375  -8.72711  1.63168  11.4378  -0.43356  0.323956  -51.2924  -18.1452  -32.7992  -5.4796  7.13405  -16.7242  3.4738  -26.709  28.2886  3.84716  -16.4858  1.50125  4.06719  -81.2361  0.902745  
0.292814  -2.2123  1.09597  -5.83272  -18.1275  -32.7482  4.13792  -248.381  -1.73919  3.42128  -8.49289  -2.12113  11.6949  -31.2179  -5.56113  -5.57946  19.1146  -10.1443  1.35378  1.55252  6.68707  1.95133  0.803489  1.52483  3.42409  -0.187044  -2.09118  -48.2619  -22.7657  -62.8429  -1.63464  1.67471  -6.69756  2.58345  6.03895  8.95315  2.98447  -14.6934  2.49675  9.19477  -91.5974  -1.1882  
0.374011  1.94991  21.933  -3.52126  -29.0302  -40.1389  3.30375  -160.338  -4.23609  0.752508  -9.29205  -0.937724  35.8146  -30.0862  4.14799  -29.2454  16.2648  -0.474555  6.58531  5.93369  0.434916  -2.34281  -5.31452  0.798626  -7.28723  0.0993437  -3.29264  -12.0635  -30.2586  -68.569  0.525512  0.674519  11.8843  0.508923  25.8456  -23.3161  -3.40285  1.9383  2.32849  3.79998  -39.0869  -4.75817  
0.263699  2.54821  27.579  1.06291  -37.6706  38.2834  1.08189  104.742  -8.60684  -14.6659  1.57148  0.20762  4.63003  -7.42956  7.58854  -39.0738  27.5565  18.2631  -0.12997  10.0607  -1.11633  -4.0577  -17.752  0.365867  -10.6505  0.299429  -0.381177  47.3718  -9.41148  -67.318  1.12353  -2.45297  13.2494  -0.249053  27.9362  -36.5061  -8.17587  25.2004  0.459248  -10.7438  5.07541  -5.77064  
0.249889  -1.36164  16.1112  4.65445  -48.4424  105.855  0.229138  213.876  -12.0543  -22.8915  10.686  1.63957  -70.7793  8.05247  5.57214  -22.9584  14.7664  26.7292  -10.6931  8.97026  1.02455  -1.01448  -21.5603  0.895427  -5.08569  0.392308  4.04671  82.6909  52.9355  -74.1911  2.85216  -10.4198  -3.6116  0.560642  8.97246  -16.2993  -6.2232  39.091  -1.13205  -20.9709  4.35051  -0.322834  
0.435284  -4.98475  3.45696  4.8414  -47.2502  71.1088  0.971312  76.0882  -9.37779  -10.1681  10.3634  3.53628  -117.294  -2.95067  1.58528  7.3177  -39.6787  14.1064  -15.4055  4.23962  2.8916  3.2064  -13.7263  1.8602  2.84261  0.393241  4.43551  65.2931  114.347  -60.6948  6.61955  -17.3177  -11.4345  0.937239  -29.3369  16.1174  2.34007  35.663  -0.585246  -16.4379  -3.57529  7.90079  
0.524854  -3.3892  -0.311647  2.48712  -19.4336  -33.3885  1.39321  -63.6508  -2.40982  11.7461  5.01561  5.65875  -92.8069  -21.9168  -0.737851  27.1294  -98.2169  -6.02714  -12.4234  0.706928  2.79462  3.67338  0.0629365  2.20395  5.03702  0.229808  0.482526  18.5781  119.808  7.10852  9.99997  -15.4605  0.769545  -0.264684  -59.2873  24.9108  12.0778  20.5587  0.808804  -2.00023  9.04543  9.46362  
0.27478  2.643  -1.70808  0.474882  22.4686  -113.427  0.339591  -5.24824  -0.257171  22.1198  0.836481  6.16986  -31.9174  -15.9279  -0.123414  27.5136  -108.622  -12.7101  -6.34014  1.00901  1.93445  -0.486903  12.4358  1.80344  0.10825  -0.0891185  -1.79954  -7.52327  66.6337  99.8088  9.48518  -5.38003  14.6731  -1.4978  -43.4584  2.50899  13.8141  4.6371  0.0315209  7.99553  22.8557  2.90082  
-0.12884  7.41363  -8.17221  0.825733  39.5053  -114.575  -1.51489  126.833  -6.22685  19.1642  -0.816307  4.36735  9.31855  13.621  2.26919  18.6408  -67.7472  -3.49667  1.99295  3.78269  0.787564  -3.81392  20.1583  1.4533  -5.54199  -0.396128  1.53424  2.95943  -2.55816  150.268  5.06644  4.10341  13.9215  -0.371849  11.7331  -12.5531  5.54812  -5.68487  -3.01781  7.09099  2.7894  -3.95002  
-0.22387  6.16997  -14.7876  2.57169  10.8256  -79.857  -3.11371  105.117  -11.4977  17.5584  -3.44906  1.71611  13.3043  28.3949  2.6554  10.4931  -21.7969  5.09026  13.5265  5.4768  -0.390275  -2.79449  20.9798  1.73801  -4.13356  -0.439381  7.54295  22.4984  -31.9889  117.753  0.143385  6.70884  9.47236  2.98182  49.6799  3.19554  -3.49395  -10.2724  -4.47968  2.55012  -19.4728  -3.83755  
0.0848877  -0.374242  -13.5176  2.62027  -30.6273  -69.0862  -4.07753  -42.9568  -5.20617  22.9354  -9.26881  0.0432793  1.2656  4.91074  -1.66657  7.21063  -6.79174  1.67425  21.0967  4.07284  0.0495091  0.463697  15.167  2.20725  3.39259  -0.219789  9.46519  19.5254  -14.328  24.2855  -2.18762  5.26682  14.6501  5.50589  29.4913  33.9128  -2.7682  -9.48121  -1.40217  3.40298  -2.55921  1.6787  
0.355202  -7.00755  -8.51294  -0.0402694  -35.1196  -94.9506  -4.05095  -89.1523  8.55552  23.3311  -17.239  -1.1039  -2.73231  -31.7189  -8.15206  10.3444  -7.08847  -6.15645  15.9084  0.798741  3.05688  0.789031  6.72553  2.04192  8.41281  -0.0372861  6.76255  3.50527  8.2987  -61.9844  -2.06457  3.55625  17.5299  4.50032  -17.9786  44.4119  6.51878  -4.02488  3.69376  7.92731  46.2292  6.42979  
0.203398  -8.83462  -8.50369  -2.87148  2.43739  -113.749  -2.61805  36.8641  16.2044  10.9284  -20.2532  -2.56632  18.3605  -38.0058  -9.98735  19.0553  13.2937  -6.05601  0.160436  -3.35549  5.09026  -1.58785  1.24882  1.16405  4.98132  -0.104883  2.94684  7.81576  8.60545  -77.8372  -1.49683  -0.349108  1.33227  1.48776  -31.7999  24.3714  9.87963  2.44042  5.18111  8.00189  62.3182  7.61032  
-0.189557  -4.52704  -11.9364  -2.78551  36.2831  -68.7477  -0.313661  134.306  12.0516  -2.36464  -8.74013  -3.64066  63.0472  -6.95437  -5.30383  21.9343  52.401  0.638892  -10.1444  -8.18308  2.79202  -1.82591  -1.33624  0.263217  -2.17759  -0.300265  1.22187  42.1406  -14.9674  -21.0729  -1.13099  -8.20039  -20.7722  0.11952  -3.1607  -0.818119  1.95723  3.10972  1.48796  1.92525  26.5283  4.45665  
-0.314938  2.79167  -8.59063  -0.402574  29.6047  40.4741  1.22864  43.9132  4.38998  -2.78053  14.4328  -2.63365  110.263  26.451  -0.447983  6.04789  63.4825  3.71774  -4.35424  -14.0362  -1.23793  1.93767  -7.24054  -0.165102  -3.85741  -0.310659  -0.272534  75.7785  -27.0913  52.4651  -0.118159  -14.0205  -22.1609  1.41932  15.8483  -12.4542  -5.29499  -4.96996  -2.63457  -3.33725  -20.5704  -1.62949  
-0.041793  7.90384  4.77433  2.21853  -2.84309  157.991  0.813527  -118.384  2.96863  0.778555  35.4834  -0.0566764  121.671  30.2578  0.414915  -23.0276  14.0599  -0.00803757  7.23892  -17.8642  -0.0488277  4.52041  -18.7054  -0.278339  1.20569  -0.0646637  -2.11407  76.601  1.07675  68.2186  1.71544  -10.0694  -4.62099  2.0582  -8.98052  -13.9172  -0.542707  -13.7227  -2.15519  -3.00715  -30.4638  -5.24874  
0.267119  7.28547  16.488  4.06006  -14.3512  196.981  -0.740106  -135.418  4.52136  -11.3772  38.8894  2.06781  82.1048  10.7511  1.321  -38.8945  -59.9828  -3.17738  7.22783  -14.589  7.23654  1.1413  -25.5156  -0.350714  5.05729  0.208093  -2.50588  45.712  52.8606  20.9908  3.19294  1.77687  0.739424  -0.566734  -47.1751  -18.3603  9.2017  -10.7598  2.02954  -0.731395  -19.5381  -1.01563  
0.220652  2.66502  15.7855  5.96555  9.44324  120.05  -1.42612  -0.535167  1.27843  -37.0717  27.5362  2.45138  19.2586  -4.701  6.71045  -20.6344  -83.9516  -0.681438  -4.18164  -5.08648  11.6642  -3.26918  -18.0126  -0.290504  2.12059  0.185134  -0.300156  12.5037  68.339  -23.9352  3.51749  11.2528  -16.3674  -4.11464  -51.6273  -24.0946  5.87058  6.51736  4.71144  -1.94818  -25.6229  8.15519  
-0.100134  -0.452371  6.17449  7.10029  36.2525  -21.3988  -0.233475  73.3447  -6.33109  -48.3818  13.4204  1.58369  -20.647  -2.97815  13.9051  11.8389  -29.8955  3.52498  -10.8695  2.9131  6.33091  1.71616  0.461558  0.263431  -3.67821  -0.177574  1.59698  -3.15754  19.5679  -3.71193  3.05612  13.1106  -27.4211  -4.52127  -23.6278  -18.8301  -13.6264  24.2323  3.05882  -5.59127  -48.4282  10.6053  
-0.282598  1.02713  2.02845  5.65455  32.5844  -102.073  1.78028  -44.3023  -10.2254  -28.2208  2.57598  0.292843  -27.0544  5.81227  15.0211  18.1698  46.9337  3.85865  -3.62287  3.05315  -4.41394  16.1541  11.4196  1.2849  -4.22215  -0.566609  -1.47964  -5.94086  -47.3134  61.535  2.73575  11.3594  0.156448  -1.61392  -4.82806  -3.11431  -28.5187  25.2237  -0.42277  -6.33112  -48.7995  0.0695729  
-0.122725  3.99408  6.69733  1.65605  4.05765  -30.0625  2.27247  -226.162  -7.3852  3.94448  -6.79656  -1.14801  -24.9589  9.73603  8.88021  -9.88424  73.1054  0.931537  7.07836  0.64245  -9.18978  25.7497  7.19232  2.3133  1.15985  -0.622676  -6.60709  -6.96736  -54.271  87.6902  2.17183  9.48432  49.9201  0.536961  -15.6548  10.5646  -21.3213  8.60538  -1.98729  -2.48682  -6.42918  -12.588  
0.173685  3.39096  10.4648  -1.70517  -19.1235  131.806  0.234638  -244.864  -3.28351  16.2821  -14.3889  -1.9553  -34.9491  8.23365  2.43119  -33.9843  44.3321  0.0160397  7.32149  4.78936  -4.53649  17.6919  -3.0691  2.99194  5.60087  -0.339497  -6.7827  -6.75426  2.17146  37.6734  0.414287  5.52715  74.0865  -0.338183  -29.5891  11.5831  0.174456  -9.6106  -1.13146  2.35981  60.8252  -12.0263  
0.278146  -0.681219  1.42871  -2.03434  -14.6743  190.866  -2.22788  -48.9366  -2.03227  5.06358  -12.0882  -1.43123  -45.2877  6.86763  1.6892  -19.5312  18.8501  1.88809  -1.45704  14.1124  1.92713  -2.0917  -4.55093  3.33748  4.16583  -0.109038  -0.904942  6.34702  43.6882  -37.498  -2.75278  -0.933461  51.3044  -1.88279  -17.7751  3.23955  14.7944  -14.3348  -0.00629141  4.33898  109.399  0.783624  
0.120293  -3.39773  -15.9899  -0.548629  5.36486  33.3774  -1.62064  173.507  -1.52679  -6.10602  -1.99025  -0.121407  -41.062  7.41109  4.00918  13.8614  31.5104  1.58623  -6.34849  15.6238  2.32994  -15.2798  1.78866  3.33568  0.124262  -0.242912  4.03941  29.898  15.2808  -50.0101  -5.65266  -3.20835  16.835  -1.19139  10.9803  -0.161999  11.8131  -6.0403  -0.0351364  3.12053  106.515  8.76089  
-0.0729164  -2.60931  -26.2038  0.777552  11.5382  -205.658  2.77801  225.474  1.99451  -2.08741  1.09262  -0.544094  -26.5641  7.78345  2.27772  19.283  48.3957  -3.32883  -1.7601  3.06813  -1.17939  -12.6082  3.81568  2.76654  -0.457405  -0.548438  2.60214  40.6657  -38.9583  6.15561  -6.85562  2.34791  20.8705  0.925194  29.089  10.489  -0.698748  3.21826  -0.59475  0.794414  58.1941  2.10033  
-0.0441639  -1.77024  -19.0837  1.84655  -9.02732  -288.051  6.75026  103.419  6.17028  5.14501  -9.61008  -2.65262  -19.0273  6.46821  -5.75773  -11.6395  23.216  -10.0867  5.1657  -13.1631  -1.66663  -2.56568  -2.3256  1.74398  4.03154  -0.515405  -1.6793  17.6226  -32.824  58.7462  -5.51576  7.45428  63.0326  1.84054  26.4823  27.4281  -10.5877  4.5842  -0.729978  -0.758033  -7.04832  -9.05225  
0.161478  -3.78519  -3.34932  2.61688  -40.4083  -163.702  5.6465  -37.103  6.74506  -1.3682  -19.0809  -3.89061  -17.9106  3.69534  -15.9886  -33.4745  -34.1386  -13.5238  7.27087  -18.2678  2.00089  1.29687  -7.98708  1.05696  8.33986  -0.071685  -0.922573  -25.8708  28.6586  36.9275  -2.51976  2.4162  87.2635  1.16661  14.7951  34.7593  -11.9488  0.921863  -0.508876  -0.92503  -45.8888  -7.96912  
0.224454  -5.73553  4.6326  1.49232  -51.4836  -20.8153  0.0353481  -76.0497  3.73745  -17.0909  -10.0747  -1.45749  -9.12474  0.880676  -22.1635  -10.5265  -70.1714  -11.529  6.55156  -10.3426  4.2334  -2.30171  -8.04845  1.15952  7.15428  0.2565  5.30573  -47.4553  63.6515  -38.2737  0.328379  -8.79394  43.5707  0.662897  4.20829  21.8038  -4.86108  -0.0701329  -0.643996  -0.56351  -45.1881  5.25933  
-0.0037154  -3.39782  -1.44451  -2.63037  -27.0309  -6.95308  -4.09969  -52.6453  1.05167  -21.9439  10.002  3.80442  12.2356  1.97226  -19.8426  38.437  -58.8824  -6.44206  7.13558  -1.87641  1.38775  -4.81896  -5.6773  1.55309  1.01439  0.0583221  8.71052  -26.1097  24.0063  -69.4396  1.80401  -12.6824  -53.8526  0.734357  -6.42146  0.760962  3.46709  4.44708  -1.20329  -1.00402  -24.6392  16.3419  
-0.244141  1.21064  -9.42405  -6.61801  9.69991  -34.6447  -2.58958  -63.2714  0.827327  -7.76553  15.8004  7.00101  35.2294  11.3266  -9.84523  61.3516  -29.2154  0.0873674  6.76772  -1.55712  -2.37936  -1.84317  -3.31217  1.35865  -4.69807  -0.327153  4.23308  6.77792  -43.9844  -10.0342  2.17007  -6.5656  -139.169  0.0136503  -13.7254  -11.5028  2.40867  10.5152  -1.48393  -2.61326  -9.58202  16.5432  
-0.126451  1.98703  -7.0297  -6.19841  23.8405  43.9465  1.90945  -117.976  1.68703  11.799  -1.60068  3.4333  40.5017  27.1151  0.0503896  40.4307  -19.2141  6.12611  0.570782  -6.49472  -1.61017  1.41094  4.08056  0.699935  -6.40792  -0.287766  -2.77176  2.49166  -59.6341  68.6543  2.71188  -1.8713  -160.783  -1.38003  -10.4842  -7.06181  -10.1672  11.4497  -0.89628  -4.08812  0.785138  11.0647  
0.263419  -2.09832  5.42728  -1.02437  8.62984  166.025  3.26154  -142.055  1.18558  18.2391  -21.9986  -5.3506  27.399  39.4644  2.53194  5.8941  -30.7273  9.78449  -8.31339  -8.73592  3.73666  -1.49905  16.1363  0.671126  -5.55748  0.12354  -4.51114  -34.3863  -19.349  64.7586  3.86025  -5.88413  -120.631  -1.58633  4.10469  3.86033  -21.5018  5.26718  0.423272  -3.65699  18.9683  8.46995  
0.401289  -4.43274  14.324  3.8425  -8.80401  128.596  -0.706991  -74.3268  -1.17553  8.62409  -21.644  -9.68988  6.79885  38.9723  -2.49228  -9.50973  -38.1813  9.50873  -12.7277  -6.99459  8.39229  -7.2684  16.9246  1.9112  -5.98347  0.173085  -0.519649  -44.3777  26.69  -16.0222  4.45533  -10.3226  -54.458  -0.133596  20.191  8.59295  -15.1435  -2.65647  1.4902  -0.919331  37.7165  8.27576  
0.104799  -0.261909  11.6519  3.94767  -3.18414  -73.4395  -5.51571  32.2668  -3.86584  -3.89255  -2.88721  -3.7961  -8.74348  24.7604  -7.58549  -4.22279  -24.9292  7.52189  -9.30853  -5.5778  8.94356  -8.15209  -2.33164  3.8772  -8.11003  -0.441832  3.87306  13.9941  39.8597  -72.4207  3.68607  -2.96176  1.67541  0.709876  29.3952  7.93977  5.02137  -6.5285  1.50827  2.54754  37.4832  5.51983  
-0.118704  6.09241  1.22234  -0.471795  20.8706  -192.081  -5.79277  93.0755  -5.0148  -7.77551  11.0969  4.3905  -15.7069  5.08738  -5.39857  3.47361  5.24035  6.65132  -1.44168  -7.19547  5.56415  -1.27744  -23.0594  5.7753  -7.39652  -1.06482  4.27299  103.452  30.6858  -32.5957  2.44477  11.5937  23.8921  -0.397625  34.4498  3.09644  19.8098  -4.42108  0.725085  4.38204  16.4108  -1.50585  
0.265734  7.07706  -6.59921  -5.48111  36.2446  -59.5334  -1.26288  72.9604  -4.49764  -4.09686  10.6289  -0.0513555  -20.721  -11.1747  1.50222  7.04567  39.6672  6.42869  7.52393  -10.4986  0.249517  6.14476  -19.8229  7.07103  -1.2525  -0.892409  2.43735  144.674  18.6784  36.8526  2.36268  16.849  8.55262  -1.32093  35.9043  -8.21209  19.2057  -0.324587  0.158008  3.44514  -0.411141  -9.96354  
0.949028  2.1602  -8.52815  -6.81626  27.4018  160.615  2.94954  23.8229  -4.11946  -3.23814  10.8258  -17.6096  -24.7298  -19.1771  6.59177  10.931  68.9789  4.22474  14.8983  -11.5617  -4.52908  7.67378  4.40728  7.0287  6.18443  -0.0729654  0.608269  99.3893  -1.93152  46.3198  3.46963  6.75434  -16.9589  0.0929384  26.3872  -28.503  11.0428  1.66417  0.388969  1.1197  1.82843  -16.8902  
0.989998  -2.01299  -5.9611  -2.77462  2.1174  197.593  2.06525  -0.263911  -3.72399  -10.5036  27.0278  -27.9023  -25.9669  -18.0818  6.06385  13.5741  80.5659  -0.421686  15.6944  -8.31256  -4.94528  5.89448  18.1082  4.34976  8.45796  0.480607  0.0322061  10.9275  -23.807  6.37291  3.47157  -5.33577  -13.5043  2.3339  0.182579  -43.4337  3.50257  0.681797  0.798722  0.20592  -2.0907  -20.3668  
0.0523946  -1.13206  -2.76173  4.46  -29.0677  45.8108  -3.29612  9.61352  -2.14135  -18.7772  48.7346  -14.5652  -17.6992  -10.4718  2.82528  3.37085  60.9636  -3.71466  5.48743  0.0637032  0.192311  7.17551  4.15242  -0.927748  3.95994  0.314506  1.23139  -54.5949  -26.9258  4.5279  1.10578  -5.09711  25.6489  1.92195  -23.6607  -40.6396  -6.328  -1.95701  0.265007  1.64343  -43.1201  -17.8451  
-1.12725  1.30876  0.302976  9.22782  -59.1237  -49.986  -7.46334  14.6763  1.35045  -17.2539  50.7585  10.4219  -2.95524  -2.17917  2.13379  -23.1217  8.75349  -4.21689  -9.05947  10.2204  6.79903  10.3699  -17.2782  -6.27802  -2.39248  -0.153547  4.30664  -66.87  -5.94977  63.9693  -2.70669  2.72208  60.197  -1.31902  -24.0806  -22.5319  -18.85  -2.98785  -1.15196  3.04064  -106.195  -9.22739  
-1.54538  0.242914  2.16205  7.67646  -73.8711  46.7851  -5.15578  8.50635  4.85826  -5.49068  27.9763  21.0098  1.5683  1.64021  5.52589  -43.396  -54.242  -4.7428  -13.2613  16.6752  8.16891  8.44935  -16.7562  -8.51034  -5.92128  -0.308  7.88823  -46.4363  13.8895  124.309  -5.29484  3.08432  50.2104  -3.84764  -4.76463  -8.2952  -23.7732  -0.834804  -2.1262  1.77949  -127.378  -0.424869  
-1.06679  -3.72933  2.04399  2.12959  -55.0284  174.239  2.83858  -0.998843  4.70229  6.03408  3.0564  14.0456  -12.4182  0.891688  8.76826  -34.5207  -89.4139  -7.75273  -2.35422  15.3118  2.55822  -0.791226  3.8114  -7.04896  -5.84462  -0.12411  7.99794  -26.8934  10.533  125.831  -5.35261  -6.5142  8.32068  -2.7471  4.03665  -8.88394  -11.95  1.99635  -1.70715  -1.05587  -56.1678  1.9815  
-0.356367  -5.78723  -0.0332687  -1.72615  -2.88927  119.383  10.2431  -13.8669  1.09005  8.72788  -3.26112  11.0821  -33.9035  -0.653664  7.64924  -1.23221  -71.9123  -9.66662  9.16721  9.49137  -4.2002  -9.18669  16.9504  -4.32819  -3.94101  0.0657803  3.51177  -21.1325  -5.4655  76.6932  -3.60893  -10.0576  -19.5934  0.699785  -15.089  -17.6673  5.26684  1.35779  -0.633288  -2.04919  63.4211  -2.45747  
-0.064517  -3.86866  -2.28374  -1.72117  45.138  -66.2181  11.1051  -32.1452  -1.94715  5.35983  1.57241  21.9058  -37.6526  0.176668  1.52341  23.8069  -16.4593  -6.4773  4.95125  7.4913  -5.74671  -8.53356  5.61523  -2.8483  -0.978435  0.0809893  -2.45146  -22.719  -9.42914  18.5191  -1.81172  1.45992  -14.1677  3.10025  -42.1918  -15.3458  12.5333  -2.52464  -0.630286  -0.609717  114.966  -6.28403  
-0.294892  -0.555693  -4.4136  -1.22675  53.0631  -154.538  5.7263  -42.4745  -1.27302  3.11795  -3.94087  25.0663  -17.4813  1.01544  -4.48608  15.7421  30.7686  -1.90286  -9.65657  13.4015  -2.14847  -0.69034  -15.3632  -2.69446  2.8715  -0.0898727  -5.57897  -25.2924  -3.34481  -34.091  -0.533758  15.246  -4.04471  2.69657  -43.1578  2.8856  6.1042  -3.64865  -1.98741  -0.219377  45.2109  -2.45653  
-0.736096  2.02131  -6.12086  -3.04039  23.6975  -52.4574  0.0155625  -11.9652  1.81958  3.87322  -21.9893  1.70438  8.743  -1.32233  -5.37761  -12.8508  36.2439  -2.72622  -14.6288  20.9632  2.29249  4.95965  -22.5752  -2.37605  5.94306  -0.476918  -5.38932  -28.9823  -9.26493  -68.7564  0.944656  12.3047  -15.2566  0.763858  -13.8823  30.976  -2.53128  3.54495  -3.16743  -3.28035  -76.2804  7.00361  
-0.965335  4.13632  -7.10698  -4.58819  -6.30365  88.3727  -1.3456  32.3605  2.8386  4.18848  -32.6715  -30.0447  21.6153  -5.82154  -1.3989  -33.5817  12.2207  -7.23797  -2.74599  20.6138  5.12446  2.96198  -9.94541  -1.1314  6.42252  -0.912879  -3.40662  -29.0887  -24.286  -68.1802  2.74893  -4.50446  -35.653  -0.863319  18.7497  54.431  -7.39433  14.4872  -2.90352  -6.97512  -119.281  15.136  
-0.757702  5.84483  -3.97194  -2.36113  -8.41414  101.728  0.378725  9.07991  0.350447  2.61445  -22.2051  -33.8071  26.2192  -9.78764  1.77518  -30.5936  -0.515648  -6.58405  10.6254  10.9231  6.13711  -3.36174  7.45325  0.250615  5.04566  -0.982399  -0.918489  -14.7606  -29.3886  -35.5535  3.49783  -13.3321  -34.4976  -1.11218  26.1408  61.872  -9.94247  17.6597  -1.98126  -6.64687  -39.5261  16.0932  
-0.336138  4.59273  2.8438  1.45155  4.31134  23.2216  0.617334  -92.4357  -2.50543  0.894399  -3.44008  -3.7323  35.8806  -11.1342  -0.652836  -12.9218  15.9469  2.59565  11.01  -0.711056  5.26437  -7.9706  11.4626  0.735861  3.51203  -0.546457  1.80185  10.7971  -15.6041  -18.1555  1.20227  -4.42917  -8.01883  -0.430251  5.19437  47.8141  -9.89136  8.09019  -1.94119  -2.06145  72.3883  11.1347  
-0.304937  -1.01903  6.52732  1.81036  8.5164  7.1939  -2.2198  -161.981  -2.16688  -0.956758  4.11099  26.2044  43.368  -11.5903  -8.85611  5.26699  35.2766  11.0498  3.08246  -8.19453  1.37709  -8.13915  -0.831124  0.135766  1.07281  -0.219346  2.42916  23.6406  2.05965  -39.9206  -3.65322  6.77948  20.3126  -0.0564761  -20.9423  17.2077  -5.35398  -5.82465  -2.36533  2.58519  109.88  4.23601  
-0.871013  -7.24635  2.36053  -2.44814  2.31582  78.3769  -5.02664  -103.764  0.198723  -4.03286  -2.44384  25.8524  30.4321  -11.6391  -16.9351  17.1565  25.4683  8.73488  0.568421  -13.5014  -3.60528  -3.9195  -14.6208  -0.918948  -3.74743  -0.606484  -0.584381  3.68882  14.2345  -52.4816  -7.31875  3.40497  32.0137  -0.853997  -29.1553  -15.2472  0.897245  -10.9208  -0.916734  4.30179  56.7506  -0.782433  
-1.2003  -8.41741  -6.94366  -5.51196  0.700594  118.098  -4.53707  28.6487  0.679464  -5.99283  -5.2966  4.05717  5.46708  -9.87104  -18.2099  19.1314  -7.04772  -0.568905  5.24227  -19.8345  -5.63816  2.26002  -12.8443  -1.45891  -9.11193  -1.11342  -5.22681  -29.2698  23.4386  -15.1573  -6.03912  -8.525  31.9417  -1.71936  -12.709  -35.0453  2.33914  -4.50991  3.36467  4.17051  -8.8395  -2.69031  
-0.212442  -3.54487  -10.5163  -2.8204  10.0355  47.5506  -1.30658  92.6005  -2.12235  -2.28153  2.48467  -9.19752  0.977102  -4.86597  -9.72344  9.33674  -26.6567  -5.39431  5.51703  -23.1341  -1.96951  7.55817  6.45143  -0.923383  -9.90707  -0.400254  -6.33055  -30.1453  31.8709  40.7563  -0.0798282  -8.90672  31.3363  -1.01301  9.57212  -34.7909  -0.985137  4.07184  7.94592  3.86505  -18.8743  -1.35581  
1.86957  2.80262  -3.8175  3.03651  17.9585  -64.4536  1.59901  55.0492  -3.18656  6.51732  8.64006  -1.49019  27.997  1.11756  3.83335  -4.64545  -18.391  -2.14178  -2.99625  -17.4234  3.81682  9.01564  23.7049  0.445249  -4.20834  1.69  -2.0365  19.5984  34.2684  42.0871  5.8452  5.9153  29.4593  1.10289  10.4138  -18.3186  -1.46389  4.13173  9.13331  2.62095  16.3862  2.27255  
3.26479  6.05598  6.81049  5.80286  15.4785  -104.374  2.43326  22.6498  0.995405  12.1915  3.635  13.4979  44.1902  4.49056  13.5605  -6.73482  -3.28691  2.7986  -10.9713  -5.84137  5.62842  6.64447  21.3152  1.55261  3.54495  3.3413  2.95358  80.125  37.0983  -11.5255  7.40432  17.7884  21.4702  2.28076  -15.6757  2.8703  2.41339  -4.34158  6.1491  -0.353523  37.931  5.83153  
2.52344  5.71569  10.0694  3.52321  0.539035  -71.3926  1.41867  59.0531  7.13565  8.4574  -7.42771  17.6172  6.84381  5.62213  13.7428  7.95441  -4.28979  3.68369  -9.05505  1.26559  0.937939  3.16297  5.1182  1.5378  7.73769  2.73448  3.41416  91.5811  48.2611  -43.5965  4.55866  11.1448  9.91523  1.10916  -38.0252  14.8426  5.53006  -12.1504  1.56929  -2.71087  12.4285  6.57034  
0.355052  3.17542  5.11785  0.3938  -10.6341  -47.5839  -0.368441  91.9054  7.89763  -0.996943  -9.66628  8.31817  -61.0568  7.78483  8.13849  21.4279  -11.5383  3.19805  0.361469  1.26391  -4.87226  1.17376  -1.42658  0.661982  7.56099  0.406589  -0.407404  42.867  67.4226  -12.4148  1.34928  -5.63281  2.79029  -0.216428  -24.241  12.282  4.21614  -11.1493  -1.69557  -1.47846  -41.1569  4.47782  
-1.19332  -1.0066  0.731546  0.0318025  -7.34875  -69.7385  -1.6008  42.7502  2.16525  -6.9135  -0.653037  -5.34199  -91.231  12.2314  3.89969  16.5032  -5.88977  4.54561  7.01203  3.04257  -4.57475  1.06711  10.4833  0.135515  5.87451  -1.40702  -3.23825  -18.679  61.2163  39.7513  1.09304  -13.024  -2.15462  1.1428  12.5371  1.62337  2.01534  -1.69028  -2.84004  1.90596  -73.2526  2.49113  
-1.15443  -5.42531  2.10628  0.898797  3.00911  -78.0249  -0.892638  -41.0725  -3.69183  -6.1674  9.17334  -13.6371  -58.7055  13.5942  3.54064  0.133548  10.2648  3.96611  6.74472  12.7522  2.2193  2.13471  22.1044  0.545846  4.38562  -1.50438  -1.14626  -42.6553  20.6091  53.1456  2.82665  -5.42139  -13.4833  3.96017  22.4767  -2.04415  -2.08575  7.62796  -2.61807  2.95789  -60.1137  1.64562  
-0.517682  -6.654  3.01215  -0.579561  3.91563  -21.599  1.65603  -53.445  -2.98267  -2.91817  11.1872  -12.6088  -16.6205  7.01848  4.28793  -8.24996  16.3411  -3.45633  3.38634  21.6061  8.64742  4.79666  13.421  0.990788  1.82251  -0.858482  3.86689  -19.8711  -34.3545  32.1163  3.26957  4.30494  -29.9267  4.31642  -9.82501  10.4102  -8.92276  9.4458  -1.88683  0.382068  -19.3389  -0.969842  
-0.577158  -3.34907  -4.79367  -4.08314  -5.29123  55.1235  3.51297  11.6083  2.28374  -1.331  5.68626  -5.19791  -18.2655  -4.28858  4.2941  -6.56258  7.08507  -14.0196  0.154766  16.1957  7.87642  7.58692  -8.26652  0.240369  -1.77002  -0.822167  7.16873  13.7509  -55.3131  17.9657  0.835042  4.95238  -38.1078  1.34673  -34.601  29.1619  -17.5724  3.23842  -1.33025  -1.83674  10.2345  -6.68694  
-1.2401  0.451948  -17.1207  -5.51197  -14.6608  58.5533  2.36746  53.4398  4.72605  -0.559085  -1.64615  1.79033  -44.6222  -11.0156  5.86528  -9.75733  -2.86933  -17.2483  -1.63673  -1.06259  1.06853  7.18585  -15.8058  -1.51741  -5.34501  -1.30122  6.88457  20.448  -39.0822  13.8456  -2.41796  0.91635  -33.0983  -0.927527  0.791845  36.4396  -18.4627  -5.14955  -1.39569  -0.635104  -2.87782  -10.3776  
-1.49527  0.0865336  -21.358  -2.5834  -8.36884  -29.0621  -0.364608  13.7709  1.99788  0.573664  -6.03967  2.21056  -34.839  -8.71563  9.34159  -24.7134  -1.55558  -10.541  -2.85414  -13.579  -4.84394  1.85953  -0.671538  -2.84231  -8.12772  -1.31776  3.06956  -9.84741  -18.2299  -0.838301  -3.50502  2.18894  -22.2914  0.783357  70.0086  23.5903  -9.67772  -8.66444  -1.86971  1.4758  -31.815  -7.43871  
-1.12374  -2.71388  -12.5662  0.723908  10.2378  -124.53  -0.871282  -51.9582  -1.60965  1.13559  -1.75266  -3.66189  17.0295  -2.86618  7.89667  -31.7557  5.44384  -3.3823  -2.82652  -11.3843  -4.94706  -5.6237  17.2084  -2.91298  -9.42588  -0.830659  -2.35181  -49.6662  -18.744  -23.4345  -2.48527  7.68264  -12.1718  3.70989  89.3005  -0.000881883  -1.64463  -5.62072  -1.86565  0.312199  -28.5256  -1.6235  
-0.930483  -2.09623  0.784663  0.312308  19.1433  -132.642  1.75642  -55.7572  -1.4933  0.37242  7.36223  -9.93943  51.4734  -0.954969  -3.37508  -14.3409  6.64576  -5.59559  -1.54109  -2.76693  -0.609066  -10.8319  17.1873  -2.56823  -7.31347  -0.744996  -6.79919  -61.8959  -35.2953  -18.9532  -1.90291  8.07917  4.74685  2.42631  28.5732  -17.9433  -2.91521  -0.114598  -1.02709  -2.75708  29.8898  -1.54221  
-1.33492  2.84412  6.15262  -2.4907  11.6615  -45.555  3.7135  9.11368  1.56526  0.70755  14.6713  -11.8767  25.4609  -3.00957  -17.0629  16.805  -1.93693  -13.3009  -0.559318  0.21867  4.2534  -13.0893  3.13137  -2.74062  -0.16673  -1.31915  -7.30661  -33.6432  -36.924  14.2436  -3.77138  0.876249  32.9915  -2.94487  -46.3426  -23.8103  -5.34857  1.55337  -0.315793  -2.58259  98.4161  -7.53253  
-1.51023  5.99086  0.839497  -2.81518  -2.87102  58.649  1.33384  82.8453  3.3102  4.21151  14.9711  -9.34188  -21.6337  -3.7096  -17.3469  31.854  -14.7538  -12.9247  -1.09407  -2.22894  6.78098  -14.5591  -5.69208  -2.64205  8.03819  -1.50132  -4.34809  8.84381  -23.0757  31.3791  -6.96908  -4.50525  53.8954  -5.98802  -58.5474  -20.4903  2.1016  -2.93748  -0.529659  1.33666  116.475  -8.84475  
-0.523514  3.37817  -6.90864  0.745979  -6.22509  109.059  -3.9153  115.522  2.4519  7.57864  13.1649  -6.48439  -18.93  -0.45766  0.102198  22.7163  -18.9436  0.681584  -1.45386  -1.4726  6.56361  -14.5939  -1.6332  -0.892269  10.8767  -0.37804  -1.0198  21.7413  -6.05407  16.039  -8.33312  -2.59213  43.508  -2.44288  -15.315  -12.8883  14.2459  -8.79465  -0.892802  3.08607  67.6671  -0.367099  
1.22826  -0.68669  -6.76586  4.31847  -0.473704  96.6201  -7.11049  82.2994  0.912288  5.66365  16.8837  -5.57904  41.1737  3.57716  19.0832  6.39881  -2.1452  16.0791  0.628895  3.19707  4.56959  -8.88925  2.47828  2.00404  5.99781  1.4337  0.819647  -15.1307  2.13217  3.95075  -5.56393  -0.314045  5.62785  4.06825  15.3548  -4.85694  17.3509  -8.20055  0.0411713  -0.875022  -2.26179  7.98514  
2.31132  -0.177952  3.91506  4.07364  6.25103  47.7922  -5.77881  -11.3258  0.941581  -1.53344  21.9478  -5.89257  87.8421  5.448  19.7202  -0.0174778  30.9386  18.3026  4.23885  5.73138  3.78622  1.54708  -2.99184  3.66792  -0.976487  2.41284  2.97623  -77.738  6.18786  24.501  -0.0531701  -4.62217  -23.5439  6.46189  2.06225  -2.99033  7.0056  -0.0515324  1.92311  -5.73017  -33.3987  4.63456  
1.92447  3.49797  16.2174  1.39571  8.24937  -18.6552  -1.88389  -101.381  2.62236  -6.82161  15.6762  -5.83783  59.582  5.39217  2.51327  3.35002  51.0789  8.06711  5.25988  2.27494  6.37047  9.18831  -11.9702  2.5445  -4.0998  1.91466  5.14485  -116.873  17.8378  48.1453  4.33996  -7.94927  -21.8953  2.58045  -18.5585  -8.35348  -5.21249  7.68085  2.9546  -4.50947  -18.0742  -6.27232  
0.729438  3.98651  19.072  -0.176041  5.25466  -85.1547  1.30614  -105.478  3.44599  -3.96314  -1.08784  -4.92933  -23.8093  3.58986  -13.3957  3.83875  34.887  -0.760418  0.615399  -2.74514  9.77866  8.01054  -9.87299  -0.18913  -3.93655  0.769844  3.01547  -94.0126  30.6574  29.8756  4.13267  2.12087  -5.79449  -3.05323  -3.81379  -8.44538  -8.25278  6.39578  2.23962  1.78452  8.55934  -10.2133  
-0.138969  -0.0652808  8.45523  0.571778  -0.501265  -111.013  2.21462  -7.26699  2.48874  3.63996  -10.6684  -3.76631  -78.6547  0.725579  -12.2775  -1.69139  1.60591  -0.0612938  -6.39235  -5.23384  7.54786  1.42614  4.1152  -2.22265  -5.32577  0.0833658  -5.21859  -15.5697  38.2411  -30.6666  0.0892657  21.5573  -7.97699  -4.99752  34.1122  1.85253  -6.63183  -2.04032  0.83142  5.37047  7.50965  -4.38861  
-0.330534  -3.02521  -5.8511  1.27957  -9.35163  -52.2415  1.57568  80.5842  1.26394  6.68629  -1.23627  -2.2511  -59.4716  0.0244913  -0.625448  -7.09662  -5.89442  3.07058  -8.35349  -6.35727  -2.64475  -1.72972  18.216  -2.60525  -9.73543  0.0357077  -12.3054  70.7474  41.872  -71.8738  -3.05297  30.396  -28.4628  -2.52365  51.9061  16.1799  -5.87096  -6.87262  -0.240729  2.27444  -30.1837  -0.294476  
-0.2757  -1.25725  -8.85476  0.199879  -9.05457  53.098  1.10586  53.0388  2.54945  0.757757  14.9889  0.230113  1.29488  6.31822  3.68252  -7.56367  16.0471  -0.536185  -0.172649  -7.60616  -14.643  0.282986  22.2211  -2.18402  -12.0963  0.101039  -9.81087  113.862  36.6766  -56.8108  -1.2893  17.1694  -31.7103  1.19093  31.7487  17.4815  -8.03264  -2.48513  -1.28167  -2.72202  -90.3091  -5.80672  
-0.325324  1.92425  2.66518  -2.2997  10.6113  107.462  2.04538  -53.8489  6.26192  -6.64114  16.2877  2.35407  36.4601  18.6037  -3.43774  -6.42436  17.9501  -7.87609  12.9658  -7.33141  -19.2409  1.88212  17.238  -1.95213  -7.38199  -0.0421085  -0.226222  103.432  14.6339  -9.91235  3.66596  -5.47655  4.96825  2.96992  -0.511122  5.88183  -9.32426  4.455  -2.5226  -3.45563  -127.416  -11.8444  
-0.429813  1.11369  16.6847  -4.86771  39.5943  59.1416  4.31549  -98.3749  8.1103  -5.13863  0.394054  1.74124  21.1157  25.186  -8.84115  -6.19661  -30.863  -7.82916  19.6974  -3.21794  -13.9384  -0.462781  9.11674  -2.25321  2.67279  -0.234183  4.94621  71.0043  -32.0175  13.0844  6.67272  -16.3012  53.6728  2.06282  -17.2731  -1.00069  -7.27376  4.76086  -3.05113  -0.258554  -96.6154  -6.34212  
-0.528017  -3.28226  17.7144  -6.36035  48.565  -22.9689  6.22069  -33.4847  5.00484  5.39782  -10.427  -2.32241  -8.16579  14.7703  -1.68847  -3.73733  -82.3003  1.39265  14.1644  2.49699  -4.27608  -2.9626  0.779959  -3.02427  10.5245  -0.323508  0.796513  48.0697  -72.7765  -12.5657  5.13505  -10.16  64.282  -0.267975  -19.4483  5.14417  -0.432076  -1.87424  -2.18982  1.93651  1.69748  8.32169  
-0.775844  -5.92542  4.79512  -6.01072  24.4798  -26.1841  5.77076  61.5898  -0.678052  13.6175  -1.97649  -7.48327  -6.44944  -10.0123  10.3313  1.98591  -63.0801  8.96112  1.94468  6.02758  3.11835  -1.82992  -5.50317  -3.92403  9.8791  -0.480567  -4.69589  32.8997  -69.9396  -53.8032  1.97151  -0.37855  25.7072  -1.69197  -21.9546  9.77763  8.44926  -7.4268  -1.21055  0.990588  90.1131  18.6707  
-1.10738  -3.29554  -7.55794  -3.78546  -12.8641  54.4801  2.46522  92.2566  -3.23259  9.62348  9.10004  -9.60011  23.4526  -32.3177  12.3863  6.12435  22.2948  5.49808  -5.31333  7.64504  6.00162  -0.0044078  -6.11545  -4.25728  2.31265  -0.709256  -3.00791  8.67329  -11.5988  -47.8169  0.773115  0.70226  -17.1107  -0.399846  -27.0283  -7.56352  15.4259  -8.41815  -1.93109  -0.848998  87.8165  16.5041  
-1.0805  2.26738  -6.21328  -0.625617  -30.7238  107.996  -2.09276  50.6349  -1.33239  -2.66287  -3.88668  -7.017  39.6133  -37.1401  0.926498  5.46084  84.8256  -3.48915  -0.763612  9.75161  5.91055  -1.61723  -0.298207  -3.34852  -4.13096  -0.641036  2.65579  -17.7603  55.0127  18.7736  0.535001  -4.00199  -19.0739  2.73683  -20.911  -40.3552  14.9853  -7.66331  -3.63272  -1.65802  3.15501  7.44586  
-0.484104  5.60769  3.79905  1.47903  -22.3999  41.6817  -5.51286  -23.4478  0.0284605  -9.48136  -34.784  -3.09071  20.3374  -24.9928  -12.7404  1.86682  64.0029  -4.85173  8.57106  12.0263  4.45785  -5.9087  5.70828  -1.50229  -2.88085  -0.0991163  4.28301  -19.1626  63.9218  88.1538  -2.2198  -3.87847  11.477  4.07489  -2.59912  -52.7976  8.60968  -7.90506  -3.24622  -2.18065  -62.9264  -0.502442  
0.154225  4.34382  2.15907  1.64244  -13.8762  -85.3599  -6.10587  -85.0267  -2.92403  -4.48914  -44.7889  -1.54931  -11.5624  -8.60613  -15.7918  -0.439757  6.3322  4.24454  10.3619  11.4508  1.65341  -8.29271  4.9477  0.200636  4.08731  0.341619  1.5645  5.51682  10.2144  79.1839  -7.4072  4.08357  26.0932  1.32822  9.18971  -28.9111  1.97571  -6.86653  0.519739  -2.87651  -38.853  -5.91018  
0.168671  1.155  -17.294  0.708148  -18.4413  -131.165  -3.9774  -105.604  -6.57054  3.98765  -13.0506  -2.78798  -24.4411  1.82383  -7.66535  -5.44035  -0.660808  13.2051  -0.967096  6.34269  -4.25081  -6.45031  -0.446601  1.08388  8.74529  0.0122911  1.64939  15.8622  -49.7327  -11.001  -10.2867  11.6959  0.337822  -3.09925  -1.03063  7.55921  -1.66609  -2.64107  4.78364  -2.08269  28.112  -9.47043  
-0.309146  0.149372  -38.2756  0.0345563  -20.9752  -32.0617  -1.16835  -76.7685  -5.78098  5.0212  32.0783  -3.23853  -21.5836  5.75938  2.78404  -14.0737  49.4619  10.5105  -17.4154  -2.59108  -12.4119  -2.82733  -2.82474  1.30424  5.91076  -0.765288  4.99433  -20.853  -45.0078  -88.4466  -7.94936  11.0803  -35.0244  -3.93831  -18.5703  23.0927  -7.2421  2.35846  5.39164  1.10022  38.8879  -10.8929  
-0.420122  1.86136  -35.8663  0.218067  -2.30826  118.07  -0.35109  -29.1008  -1.77893  -1.1919  43.4975  -0.620254  -26.4076  6.71  8.42608  -16.3626  68.7093  -2.24467  -21.885  -11.9403  -15.9611  0.816331  -1.15153  1.14575  -1.63389  -0.826499  4.55961  -75.2143  26.3908  -67.1286  -3.12404  3.58406  -33.1875  0.370561  -10.2815  10.7177  -13.5681  4.41776  2.08226  4.02048  -31.2375  -8.01511  
0.300914  2.2974  -8.58753  0.952592  29.3196  166.854  -1.76688  -16.4456  -0.223782  -3.58199  14.5088  2.81335  -39.3848  6.77118  9.79237  1.47371  -11.2526  -12.6148  -6.18416  -17.6978  -7.56451  4.21959  -0.724891  0.560259  -6.7166  0.357436  -2.91731  -84.266  89.9207  25.7768  -0.827439  -2.88289  11.8179  4.99115  27.9186  -1.19697  -14.1267  3.63933  -1.11376  2.96467  -95.9581  -2.85821  
1.12496  -1.8895  19.4399  1.58247  44.2749  66.0664  -2.3778  -39.401  -2.3898  2.90362  -12.7698  2.69833  -35.4877  5.01264  11.866  29.312  -143.681  -11.2304  18.8058  -15.5562  10.6181  8.56721  -4.16118  -0.445172  -5.87224  1.65025  -10.5259  -29.563  70.2731  80.3078  -1.57517  -4.44369  57.9434  3.7957  60.3212  3.24214  -6.29245  2.52924  -0.630978  -1.84293  -75.2821  0.771282  
1.03377  -8.19127  28.9068  0.924684  30.9958  -76.9476  0.367663  -48.5618  -2.90582  9.90814  -6.81242  -1.63184  -0.205633  1.43864  13.8625  34.6968  -210.079  -2.1197  29.9809  -5.29264  24.5298  12.4868  -6.93858  -1.21347  -1.46458  1.53087  -9.80228  37.3386  -31.1907  40.4358  -1.18603  -4.13992  62.2535  -2.66346  51.7652  13.5934  1.53869  2.65665  2.49711  -5.60045  17.9852  2.03703  
-0.00883266  -10.2386  25.3317  -1.1079  4.70372  -137.277  4.16573  -23.898  1.13997  7.01858  14.1689  -5.73855  45.1545  -3.81367  11.239  5.80866  -146.84  3.29317  16.1111  7.50915  22.5027  13.5704  -4.19526  -1.10081  1.62402  -0.0229259  -2.41573  54.8625  -117.526  -32.918  2.92327  -4.85376  30.4177  -6.83523  13.1984  19.4242  2.37213  2.26674  3.97425  -4.21486  88.5357  4.33069  
-1.00783  -5.15848  25.3454  -2.55923  -8.26211  -93.518  3.8235  5.71361  6.86273  -2.7114  14.6349  -5.8506  67.3354  -9.10298  -0.16248  -27.2951  -11.1344  -0.607361  -9.36568  14.3117  9.56034  8.66946  0.162149  -0.396196  0.688866  -1.46435  2.16417  22.7152  -99.3196  -52.9949  7.83356  -3.77823  4.50597  -2.79253  -14.5187  26.0735  -0.684382  0.139888  1.54386  0.857905  70.3066  8.74108  
-1.13345  2.635  28.7384  -0.81713  -2.21577  -34.5685  -1.46835  33.1816  9.48527  -6.52971  -8.4148  -4.09016  53.6776  -10.0326  -13.6468  -25.8707  82.4716  -7.97774  -22.4875  11.1401  0.257937  -0.137848  1.25147  -0.055354  -2.62437  -1.51788  -1.28491  -11.2028  7.24599  -11.7384  8.21116  0.348279  11.0357  5.75379  -15.9959  39.071  -1.23604  -2.60582  -2.46915  4.31332  8.08028  10.61  
-0.64335  6.63101  22.112  3.54436  7.11978  -22.8496  -6.07885  87.395  8.84238  0.596762  -22.8548  -4.94155  19.2566  -2.93399  -17.6448  4.15046  79.9763  -8.87893  -13.4882  0.871176  -0.499896  -6.53766  -0.533045  -0.587222  -4.45949  -0.61509  -8.40505  -11.9669  92.5429  26.6457  2.65639  2.77648  29.3633  9.25398  -13.2113  42.3259  -0.543437  -5.63693  -3.93093  2.97713  -18.4499  6.46706  
-0.310892  5.32318  2.02721  5.71825  4.27855  -13.1422  -4.56185  150.171  6.47518  8.64513  -11.4241  -7.13267  -12.8588  9.53467  -8.36257  16.9799  32.6427  -1.47584  3.0867  -8.99405  -1.7926  -4.70533  2.28259  -1.46701  -3.68486  -0.0330221  -10.6777  7.96704  72.9753  25.1963  -4.36069  -0.672119  15.3926  3.71321  -24.8467  16.8804  -1.77521  -7.85716  -1.6172  -1.00286  12.0773  -0.25472  
-0.388108  2.68084  -14.7975  2.13962  -7.28897  49.31  1.29238  136.169  3.17999  6.95327  6.69096  -4.86055  -29.602  16.8627  5.44182  -9.23249  25.0536  7.23049  9.27093  -14.4934  -9.59695  2.88417  8.16489  -1.96583  -2.94598  -0.211064  -4.39965  19.0379  -10.5475  -6.74612  -7.46708  -3.62959  -37.4504  -3.97274  -35.2727  -24.8305  -0.365403  -8.05617  1.69574  -2.9669  46.8419  -1.65352  
-0.536273  2.02024  -14.9048  -3.71309  -12.1392  126.884  4.57902  20.0897  -1.3348  -1.51075  7.81407  1.81549  -31.4609  11.1077  11.4356  -37.5375  67.5154  9.3449  4.16272  -16.31  -15.9012  6.36407  9.5237  -2.03067  -5.06632  -0.5379  5.95608  12.8864  -45.2074  -59.5279  -5.35185  2.29582  -80.0865  -4.57109  -22.8085  -44.4029  11.7272  -5.33759  2.72646  -1.15898  28.3017  2.63686  
-0.556161  2.47307  -3.08152  -4.94231  -1.27593  112.113  1.93807  -74.6942  -4.81997  -5.69487  -2.61592  4.58359  -27.8394  -2.8315  7.04476  -28.4554  83.5936  4.48418  -1.45478  -16.6878  -11.3883  0.372934  2.78719  -1.98814  -8.38637  -0.543577  12.0907  0.795475  12.8036  -124.267  -1.30745  12.0419  -62.1257  1.84891  1.05551  -23.3925  27.0086  -1.44749  1.01282  1.83426  -20.2548  4.41332  
-0.733507  0.822036  7.44582  -0.140903  16.2279  -4.32869  -2.90196  -31.9847  -5.27783  -2.44203  -5.45979  -0.0976978  -23.8578  -11.1383  0.500519  3.60468  13.8958  -1.04585  -0.529128  -15.4289  -1.52106  -8.65086  -6.72841  -1.91453  -7.69519  -0.586201  7.78139  -8.9525  88.3412  -157.518  0.693509  13.1494  3.24322  6.49018  5.04569  8.58176  26.4503  0.40367  -1.34396  2.5741  -26.4209  -4.36168  
-1.22533  -3.41789  11.3032  3.72082  19.1322  -102.448  -4.26601  86.731  -3.75666  0.768049  5.51169  -1.70382  -14.9542  -6.59086  -0.861502  11.425  -94.3789  -2.74038  2.10618  -10.1902  0.212407  -9.06576  -10.5908  -1.68193  -0.778604  -1.04772  -4.66353  -21.8127  93.1289  -84.6013  -0.0982074  5.11246  46.798  3.95088  -16.2989  11.8078  7.14336  -1.48823  -2.5317  0.528121  24.5783  -17.129  
-1.51994  -7.41973  12.0844  0.702335  3.66934  -61.3627  -1.14354  111.008  -2.1788  -1.05716  13.4572  9.42283  0.952486  3.51051  1.03219  -12.2182  -134.762  -1.17773  1.21023  -2.17298  -7.14826  1.60888  -8.64008  -1.36795  8.25161  -1.44448  -15.9449  -39.2833  28.7586  81.0683  -1.53928  1.58297  18.8571  -0.842498  -32.4944  -13.5695  -10.4728  -5.24124  -2.34869  -1.77317  66.2333  -20.728  
-0.923782  -7.74074  11.0577  -6.00419  -9.7092  73.6018  3.00344  5.92229  -0.733848  -2.55761  6.96086  21.4786  15.1176  6.82163  0.804982  -26.1249  -71.5397  -0.0219642  -1.17136  3.84082  -10.4713  13.3506  -6.97322  -1.39451  12.9927  -0.87142  -16.1299  -60.0986  -28.2172  206.139  -1.7283  7.40396  -48.1486  -0.321059  -24.0875  -30.9896  -8.59406  -6.65836  -1.55356  -1.6408  27.6773  -10.7305  
0.476309  -3.66496  6.68687  -7.87275  -0.349887  143.758  4.84052  -97.169  0.702637  2.29264  -6.31654  9.89211  13.8044  1.06991  -2.16941  -1.77156  19.9217  -1.33923  1.07684  5.71654  -2.38172  15.2087  -6.35336  -1.76376  11.0233  0.702383  -5.90193  -85.9823  -34.7814  177.855  -1.08063  10.1297  -71.2111  5.0597  -11.1346  -17.9549  3.82156  -2.64261  -0.637791  0.987625  -65.2829  4.48445  
1.75615  2.41907  -0.380197  -2.01242  25.3573  66.9939  3.99194  -91.6992  1.65479  10.3052  -8.88255  -27.1517  -2.73798  -4.44434  -2.87234  30.392  53.9752  -3.11104  7.62586  8.52446  8.39132  6.50469  -4.26349  -1.86237  5.31996  2.20822  4.87087  -112.769  -20.7678  41.6954  -1.17092  0.882278  -14.3728  7.96501  -18.9972  8.28707  3.71957  4.7086  0.164082  3.69688  -120.302  15.6404  
1.99558  6.98272  -7.50304  4.78389  40.1511  -74.2598  1.7387  -36.9307  0.368238  12.3738  5.0273  -57.2388  -18.4008  -1.85776  1.22282  25.9059  34.4226  -1.64863  12.0834  16.4369  8.90514  -2.49655  -1.10264  -1.23309  0.0988492  2.49827  5.82456  -118.72  -20.39  -54.7611  -1.63254  -8.98315  67.8371  4.65916  -33.708  18.2463  -11.6789  8.43643  0.322181  3.74318  -81.7192  21.1023  
1.19351  7.31194  -11.71  5.06657  29.1397  -143.174  -0.881765  -50.0973  -1.30452  5.74233  24.0378  -49.6522  -19.8448  4.57954  6.29239  -11.5228  21.3789  3.62925  8.71395  24.6279  -0.191063  -2.66671  -1.85674  -0.336564  -2.8342  1.55139  -2.50259  -81.4007  -22.847  -48.0352  -0.663717  -5.33078  94.1041  -0.483209  -21.5471  9.76765  -25.3117  2.78028  -0.233015  0.472895  -0.417781  21.2787  
0.133047  3.04674  -12.7364  -0.226883  6.15722  -103.944  -3.16388  -118.876  -0.907508  -2.21867  29.4789  -14.4529  -8.49439  4.54873  7.44771  -33.7116  35.23  8.36788  0.771305  22.2026  -6.99734  3.7408  -6.91178  -0.132695  -5.34916  0.347342  -10.3251  -1.47599  -4.81694  -11.3748  3.10723  5.2529  53.7581  -2.04047  19.1258  2.79858  -24.8052  -9.15577  -0.631745  -3.64802  41.3198  14.4372  
-0.417821  -3.15317  -10.0016  -4.49448  -5.09102  -28.0865  -4.05149  -139.547  1.4195  -3.97807  15.2427  9.71263  6.59658  -4.13291  5.37284  -15.6001  37.9906  7.71313  -4.35465  8.01245  -4.59481  5.60396  -9.80767  -0.881861  -9.29482  -0.195597  -9.205  84.4985  23.8415  -18.6112  7.19599  4.74824  7.42213  -0.423204  46.5087  5.03233  -15.9718  -15.8304  0.197737  -4.98216  23.4464  1.24122  
-0.331796  -7.10718  -3.39605  -3.20686  2.47961  7.30374  -2.82683  -54.7652  2.99589  1.04034  -8.12435  6.63303  20.2947  -11.3367  5.58147  13.9234  7.19451  2.82954  -3.83613  -5.67936  1.70941  -4.84993  -4.70478  -1.74826  -12.8708  -0.00955964  -2.47022  141.036  33.9186  -38.5432  6.72718  -5.77194  3.67068  0.512803  35.3374  3.52671  -7.51377  -8.89271  1.50314  -2.59053  -11.7222  -11.1898  
-0.0348045  -5.90598  3.23263  0.74009  11.6479  9.78593  -0.00121912  89.5275  2.27748  6.19169  -25.9084  -0.429281  26.1051  -8.87551  9.7646  17.5242  -21.428  -0.530299  -1.21315  -7.25664  3.34766  -21.9538  3.93948  -1.96699  -11.5282  0.332374  1.68569  158.819  14.5328  -10.6231  -0.584602  -7.21551  19.2378  -0.315338  15.5642  -10.0759  3.66855  6.41867  1.38458  0.648359  -24.3607  -16.3896  
0.127783  -0.238633  5.30334  2.57476  10.4185  35.9276  3.43126  221.245  0.507389  6.96541  -32.7234  16.3829  23.8224  -1.70138  13.2612  -3.69657  -4.96129  0.916482  -3.18393  0.74531  -2.03223  -30.441  8.35479  -1.75926  -2.84016  0.453972  -0.108369  145.38  -16.3261  35.9541  -10.1963  7.47203  8.41848  -1.03533  23.7786  -27.456  21.9179  16.3223  -0.809331  1.33784  -17.921  -17.1078  
0.199888  6.58052  3.09428  1.03441  7.50685  108.052  6.71794  306.694  -0.897722  4.56126  -38.0471  50.449  15.1803  -2.47223  8.41806  -13.7252  43.9151  2.74468  -10.0534  5.9213  -10.0031  -20.5427  8.29188  -1.95153  9.05311  0.482669  -2.42149  103.439  -50.615  21.9373  -13.2061  19.3342  -23.6787  -1.07102  48.4841  -38.7336  37.1112  13.0285  -2.9051  -0.448065  -11.8891  -21.5655  
0.369694  10.8324  1.66311  -1.46406  12.7189  178.2  9.17282  330.027  -2.13401  2.49908  -46.1021  70.7151  9.26332  -14.948  -4.38328  7.2543  74.967  -1.35254  -16.8267  1.52916  -15.6119  0.621173  10.3659  -2.74975  16.3745  0.677279  1.09996  40.1728  -80.3074  -65.6448  -6.03141  8.43592  -32.9603  -1.95824  48.1267  -41.0019  34.7876  1.80084  -2.55169  -1.84173  -5.30387  -30.3472  
0.563148  10.5264  2.75844  -2.40699  22.288  184.496  9.21771  278.131  -2.58503  1.90328  -47.0786  60.6568  7.55552  -26.176  -14.9983  34.8736  61.8427  -8.38612  -17.3461  -5.56319  -15.8357  16.4081  14.0482  -3.27783  15.5162  0.911037  6.93806  -14.9899  -94.0826  -140.567  4.1066  -13.4656  -8.5326  -3.52009  15.6706  -35.4512  18.0386  -6.87751  -0.319048  -1.36665  5.24663  -33.2243  
0.488607  5.82608  4.07894  -1.68452  21.125  107.421  5.27683  147.153  -1.76456  0.880196  -27.0715  31.1826  3.28421  -19.8752  -12.0711  31.7202  21.3521  -8.93033  -8.67552  -6.40587  -9.72313  15.9082  11.9778  -2.48986  8.47229  0.793941  6.66772  -25.8536  -58.0335  -114.21  6.61081  -17.0229  13.4211  -3.28937  -9.40222  -18.9628  3.34308  -8.14299  1.00082  -0.288268  13.1833  -20.6392  
0.0793153  -1.47208  3.09209  -0.0464984  2.51638  -24.2692  -1.94527  -42.5891  0.705773  -1.56817  12.4582  -2.099  -7.62559  4.0032  2.97097  -8.20411  -23.2019  -0.77626  6.31604  0.892997  0.424675  1.54339  1.82417  -0.44584  -0.390127  0.248179  -1.40519  10.0134  24.2394  7.31085  -0.701965  4.94625  9.7088  -0.307668  -6.12763  7.01163  -1.80774  -4.2109  0.266676  0.114969  18.3654  5.18654  
