0.0848234  -4.62925  11.3452  -7.12987  4.361  1.25468  2.9242  1.60263  6.18925  0.280308  -1.54051  1.13308  -5.58929  -0.0561962  5.29426  12.4277  -1.2852  -1.28624  -12.4239  -7.62468  10.5252  0.633118  -1.54745  28.1175  -21.7697  4.99883  2.5251  -0.24891  1.07394  -0.301898  1.07206  2.37799  0.724367  -3.30897  6.99437  -0.70719  34.982  0.217082  0.58372  -0.0337252  -1.75798  1.99721  
0.0950031  5.41031  -33.7396  3.34754  0.922888  -0.482543  -1.74656  43.3  -15.8837  -0.0683924  -15.5503  -0.641232  -2.47763  0.404322  29.1095  -37.9255  1.21206  1.41935  18.7469  6.68946  -7.24314  1.76429  -3.0322  -117.699  -46.6891  8.28798  -6.38851  -0.312199  -7.11229  -2.497  0.674498  -10.1554  1.12617  13.6944  -21.0286  -2.25802  -91.0995  -5.16765  -0.103077  -29.9491  -7.01506  18.4463  
-0.0162222  8.80809  -48.4002  7.67693  -9.20762  -0.70502  -5.82107  40.4261  -23.4447  -0.730804  -15.0588  -16.055  0.39497  0.687407  19.478  -41.5458  1.78945  3.06683  34.9176  10.537  -20.2621  1.65965  -2.06837  -165.426  -28.4341  9.72191  -1.50605  -0.611994  -9.80798  -1.62798  1.25452  -10.3967  1.82782  17.5384  -27.391  -1.02074  -139.859  -6.09397  -0.383045  -43.7811  -8.07028  26.2567  
-0.28129  4.08407  -31.1998  7.18482  -17.51  -0.643558  -7.09458  0.836457  -15.5934  -1.37825  -1.38972  -35.7745  4.19685  0.594109  -9.40329  1.31524  0.375608  2.93144  36.3424  5.02021  -25.2942  0.692866  0.659796  -105.671  29.2636  9.19905  12.1631  -1.02956  -7.20775  1.06972  1.42258  -2.18281  1.31482  9.95904  -17.3136  1.98595  -96.8304  -4.12914  -0.0521727  -48.3121  -4.20187  28.0365  
-0.621229  -4.01637  -7.74354  5.77852  -11.6704  -2.10467  -4.06959  -24.3361  -4.47368  -1.487  12.6578  -39.2337  7.33154  0.0797462  -11.7406  50.1212  -1.40274  1.29001  32.769  -0.404821  -23.1035  -0.101473  1.82255  -14.423  92.2938  8.6304  17.1807  -1.18835  -4.54388  1.79255  -0.308233  1.268  -1.26492  2.32717  -11.0604  3.36962  -20.8036  -4.26217  0.463365  -54.8315  1.04807  28.8396  
-0.79562  -9.96831  -3.00304  4.71717  5.2953  -3.82542  1.23735  -5.1028  -3.14687  -1.03176  17.1479  -22.9953  3.71494  -0.487515  27.3032  66.7173  -1.97948  -0.374718  27.0277  -0.485458  -16.7922  -0.22036  -0.390956  26.0279  111.382  9.38182  5.63928  -0.842434  -4.51029  -0.915499  -2.87146  -4.62563  -2.9247  0.0569819  -13.6099  1.68414  18.278  -7.41722  0.211886  -54.9177  2.34465  23.8426  
-0.550271  -10.9658  -15.7325  1.67923  16.9201  -2.10512  4.94708  33.3522  -9.63638  -0.348012  12.9056  -4.47648  -6.99187  -0.611691  65.8369  45.4328  -1.26002  -0.369773  21.6549  2.18102  -10.6673  0.0875712  -4.08723  1.4272  70.8234  9.57819  -10.7671  -0.215623  -4.721  -4.10165  -3.3033  -10.4483  -0.0873132  -1.42783  -12.807  -1.16968  -4.31575  -8.57185  -1.03657  -39.1401  -2.44374  5.91257  
0.0737335  -7.82727  -28.8694  -3.57359  11.9867  3.30598  5.43488  46.397  -10.4334  0.302013  5.5899  1.42509  -17.6338  -0.15041  49.8648  3.56871  -0.522874  1.17035  18.3372  2.38859  -6.07713  0.561461  -5.59406  -42.4188  -1.30656  5.62818  -17.1435  0.281948  -1.96384  -3.80245  -0.341573  -6.99451  4.92732  -5.47037  -2.63932  -2.74719  -38.3352  -4.07963  -1.94684  -20.0199  -9.47285  -18.7685  
0.59223  -3.58873  -22.905  -6.16387  -0.801053  7.24687  3.62754  23.454  1.23783  0.781077  -1.56045  -2.12039  -19.4177  0.459612  -19.4166  -34.0136  -1.08327  1.92258  16.6456  -0.0636751  -0.71746  0.837274  -4.32363  -55.0011  -62.3978  -2.32833  -11.4548  0.390955  3.5278  0.304277  3.49564  2.49668  5.49697  -8.06613  5.7017  -2.8561  -16.7517  2.21612  -1.0862  -16.5594  -13.5075  -32.3302  
0.464701  0.0856057  0.460012  -4.48168  -7.55384  5.30673  0.52292  -4.63176  14.9564  0.771594  -8.04107  -4.21583  -12.6302  0.650432  -83.4033  -51.6429  -2.76085  0.26107  11.2822  -1.67535  6.98462  0.432675  -3.51979  -30.0067  -85.0944  -8.10973  -4.10554  0.243177  8.8898  4.792  4.91663  7.8202  -0.665239  -4.64909  2.72327  -2.9697  61.9953  3.24179  0.579829  -25.5748  -11.4602  -26.4642  
-0.207327  1.54581  26.1567  -2.11555  -5.50119  0.0270202  -3.0251  -17.0084  14.996  0.265631  -10.9756  -2.47473  -5.77692  0.242065  -89.1814  -48.2117  -3.98344  -2.21098  -4.37384  0.0614548  13.3393  -0.417742  -5.15653  -11.0533  -71.8467  -5.11184  -2.54423  0.246794  10.8236  5.47596  3.20798  4.69288  -7.03205  1.65337  -5.05086  -3.75944  113.53  -1.67127  0.23287  -27.4034  -3.37534  -11.568  
-0.675121  0.767204  33.6687  -2.29279  -0.0600303  -2.06073  -5.41733  -22.9522  0.537535  -0.237845  -8.48233  -2.32387  -6.9732  -0.397201  -43.7261  -39.2834  -3.39306  -2.14169  -23.941  4.58456  13.2504  -0.618741  -5.81601  -35.5499  -44.7953  4.02733  -1.49888  0.5583  7.61187  1.50715  0.535111  -2.24321  -6.45796  4.90754  -4.68458  -4.01598  62.3282  -5.01516  -2.16724  -15.7071  7.50128  -1.91482  
-0.399776  0.312191  21.1394  -2.79206  5.3564  0.526825  -4.95936  -32.1983  -12.9447  -0.271334  -3.50336  -5.48038  -13.3809  -0.789905  1.05472  -34.5159  -1.7688  1.14576  -30.9867  8.01756  7.69386  0.242204  -0.565726  -76.8224  -18.9958  9.45851  6.32725  0.856025  -0.600169  -3.23142  -0.705764  -6.9713  -0.744785  4.58481  4.52146  -2.27614  -56.0486  -0.662556  -2.357  -2.88429  15.0991  -0.954114  
0.240467  3.04833  8.7892  -0.908415  10.9676  1.84817  -2.18076  -31.6177  -12.0383  -0.0837203  -2.22492  -7.69447  -15.1572  -0.759724  8.99555  -21.6082  -1.12591  3.84447  -15.9181  6.62623  5.06988  1.18295  8.3776  -58.4417  10.913  5.03223  16.542  0.591928  -9.64838  -4.19876  -0.107074  -8.58768  2.03268  4.39245  12.2118  1.08051  -109.635  7.16086  2.77274  1.62195  11.8201  -1.97893  
0.378781  7.07507  17.2838  0.555858  12.7117  -2.49838  -0.082674  -9.99988  0.383826  -0.345427  -6.86324  -5.35855  -7.47022  -0.466509  -8.31757  14.9258  -1.83505  1.97701  9.6201  1.53151  10.866  1.18575  11.8162  46.2054  50.6022  -3.4342  18.1298  -0.253357  -14.4251  -1.28143  0.611795  -8.45908  -0.917674  4.1668  11.307  3.5686  -33.6379  8.39093  8.96841  1.41381  -1.93515  0.684418  
-0.173839  7.10406  39.9762  -3.0516  4.20807  -8.75548  -0.612265  11.8288  9.54021  -0.951282  -12.0595  -0.631758  -2.51652  -0.114147  -17.9154  62.5788  -1.93619  -3.55495  23.4416  -2.72903  18.8026  0.840931  4.73045  151.129  87.5468  -6.02538  5.6913  -1.05263  -12.2825  1.44279  -0.195016  -5.74837  -3.69343  -0.205191  4.38173  3.46675  83.0508  0.286495  8.61532  1.61963  -14.108  6.39721  
-0.634983  1.20097  40.9953  -7.18081  -10.7706  -9.12757  -2.96114  7.55697  5.9597  -1.04793  -10.1778  2.07499  -16.3405  0.27985  -3.84425  76.047  0.257446  -7.27358  13.4404  -1.99517  17.8362  1.26898  -5.66398  136.209  113.162  -1.15409  -8.50946  -1.10565  -6.63695  1.04088  -1.9948  0.842037  -1.05891  -8.31627  -3.3869  1.64182  105.624  -7.97477  0.986918  3.18505  -11.9712  10.2678  
-0.206195  -3.816  0.072976  -3.69529  -18.0872  -2.14267  -4.47171  -12.2328  -6.53722  -0.0608839  -1.19116  0.957715  -41.2471  0.802449  19.9203  33.0893  3.53837  -5.19806  -6.83928  0.427729  6.67448  1.92356  -7.69935  1.19626  128.857  2.38408  -8.30763  -0.449138  -1.69407  -0.364649  -2.47918  8.83501  3.88336  -12.7441  -8.91935  0.716556  20.0058  -6.52543  -5.8436  6.45135  2.36401  9.39559  
0.819788  -1.17552  -54.0617  6.07294  -10.9667  5.39879  -3.55617  -13.5747  -14.0689  1.3766  5.49513  -2.20619  -42.454  1.31871  30.9154  -26.5587  5.19691  0.362199  -14.2826  -1.54319  -5.49942  1.57714  0.700877  -120.012  158.342  -1.9145  8.51974  0.142017  0.704  0.615569  -0.779763  12.7181  4.87146  -7.82576  -10.7164  1.97264  -59.7617  2.14549  -5.50775  8.32621  12.1178  5.89982  
1.33076  5.94921  -71.619  10.0209  1.82287  6.84259  -0.497657  9.14413  -6.86997  2.00087  2.68585  -4.49838  -0.0726308  1.44634  20.755  -42.8935  4.26086  3.40294  -3.41985  -8.97857  -10.7416  0.421921  9.02282  -113.493  187.358  -10.2038  25.0084  0.00971749  1.61296  3.35989  1.1034  9.75059  1.55973  2.07447  -7.57982  3.46728  -40.1756  6.01844  -1.0507  -3.0476  6.05531  3.78732  
0.760239  6.18635  -40.1659  2.22389  6.02174  2.74452  2.37966  18.9298  8.82308  1.30149  -6.83543  -4.06638  55.0096  0.988813  0.936618  -7.75465  1.96012  1.26544  9.21101  -14.5968  -11.9009  -0.0907147  8.38787  -21.697  158.227  -13.937  22.2875  -0.772526  1.43947  3.40643  0.927372  3.7476  -0.733767  7.39815  -1.66273  2.57608  42.9438  -0.846387  1.0521  -36.5544  -6.11363  2.78572  
-0.103852  -3.18884  -4.51524  -6.78851  2.16306  -1.07755  2.73085  -3.4375  16.4072  0.246997  -12.6654  -1.42827  67.6245  0.400261  -9.198  25.3509  -0.3462  -2.34333  6.47568  -12.2703  -14.2782  0.409218  1.89263  27.4663  22.0901  -10.6858  -0.357072  -1.44897  0.166166  -0.0205033  -0.668915  -0.271445  0.529744  4.95835  3.07129  -0.553841  90.2521  -11.2003  0.525864  -77.4732  -6.75223  -1.25326  
-0.0373223  -12.1748  -8.23647  -4.95461  -1.21413  -0.259455  0.176938  -26.0704  7.24552  0.30988  -8.90841  0.766531  29.2405  0.508257  -2.85146  9.88124  -2.25683  -1.83853  -7.66114  -5.29915  -15.2652  0.457309  -0.80199  -6.4247  -172.579  -5.72691  -23.7861  -1.43008  -1.17593  -2.7811  -1.0247  -1.75547  2.16153  0.26472  5.69996  -2.88457  58.8883  -14.8702  1.80614  -94.7271  5.45633  -9.77117  
0.862314  -10.2564  -39.0601  4.47412  0.532946  3.8516  -2.7082  -12.107  -8.53105  1.51298  -1.2361  0.475724  -12.7463  1.26045  8.40767  -30.8415  -3.56466  2.87026  -13.5087  -1.25964  -7.24503  -0.501914  2.69538  -40.1272  -286.292  -3.63643  -29.1524  -1.03587  -0.665565  -1.72542  0.401794  -3.60201  0.815674  -1.21258  8.17465  -2.4502  -12.5154  -11.0011  5.14485  -71.4762  14.8994  -15.694  
0.979628  -1.65581  -46.5386  6.95515  2.54846  5.8915  -3.47421  23.8946  -13.1674  1.90277  0.300314  -1.96276  -20.7035  1.29813  9.79435  -40.2318  -4.16993  6.07839  -4.02234  -1.98006  6.99358  -1.25856  5.65465  -15.651  -201.201  -4.07808  -16.6459  -1.16796  0.839822  0.96229  1.0173  -6.5134  -2.19503  -0.347203  9.9649  -0.330237  -65.3244  -5.91572  5.35377  -24.1903  8.34162  -11.6985  
-0.788926  0.776025  -8.69911  -0.421676  3.69811  2.78461  -2.83434  29.624  -3.5778  -0.113237  -5.69946  -4.56818  -15.3932  -0.571831  -0.0177317  -3.74456  -4.71999  3.41777  7.282  -2.72181  12.8577  -0.817674  2.61271  19.4103  17.9637  -3.90124  -0.979998  -2.22273  0.612628  0.5627  -0.479899  -7.10107  -3.51087  -0.93904  8.0914  0.797722  -68.9843  -1.89554  0.258595  15.6078  -6.15412  0.91237  
-2.94963  -5.69385  37.5197  -5.54945  8.99083  -2.72873  -2.70623  -7.32934  7.71734  -2.89051  -10.1588  -5.48441  -36.3393  -3.24384  -4.62162  36.1493  -5.97448  -1.8365  4.3398  -0.42916  2.88774  0.0590037  -2.98971  -3.72223  164.248  -2.27652  6.20344  -3.00779  -1.93051  -2.05532  -1.70533  -3.13121  -2.0351  -3.23661  2.06407  0.468476  -34.6233  4.55824  -4.80946  27.2163  -11.308  12.9351  
-2.58256  -10.582  49.1458  0.452761  18.9179  -5.1713  -2.06066  -39.9805  9.8634  -2.68418  -5.10626  -4.65035  -70.303  -3.71373  8.27447  39.3505  -6.84643  -2.9441  -9.58326  2.20523  -11.4862  0.190223  -4.05293  -59.7572  91.822  0.00208864  7.80601  -1.69511  -3.20952  -2.6147  0.529648  3.14149  0.813869  -4.00348  -3.27305  0.685601  11.4071  13.9541  -4.16511  14.8978  -2.5447  19.2926  
1.04745  -4.34321  27.7134  9.3421  22.6811  -2.4476  1.80071  -27.1307  7.5999  1.65324  5.576  -3.24763  -68.7222  -0.629496  28.8544  19.2095  -4.90534  1.26712  -15.0516  1.90513  -12.489  -0.0506564  -0.0550027  -59.5916  -90.0802  2.81678  10.2641  2.00243  -0.151775  0.71835  4.85954  7.11723  3.51642  -2.0168  -3.5941  3.10285  33.5135  20.09  0.773291  1.5559  7.0788  22.4989  
4.80179  7.73167  12.1098  7.65123  13.0005  1.8393  7.6249  8.01266  9.75918  6.13574  11.0128  -2.51709  -16.6279  3.30139  36.5163  15.886  0.369664  4.67585  -2.8804  -0.586012  1.05942  0.415855  2.90101  17.3111  -134.448  5.365  11.7462  5.64547  5.32228  3.99044  6.80922  7.41919  4.73936  -0.239273  0.0928057  5.9066  17.7512  18.2339  4.10128  4.12061  5.5196  25.3973  
4.84944  13.0044  20.0377  -4.01654  -0.349985  3.0404  9.73896  15.64  14.5323  5.84034  6.0242  -3.18329  44.1323  3.8063  22.6731  33.9799  5.85991  2.25271  16.3576  -3.19894  13.6908  1.30725  0.790483  97.1385  24.931  5.69438  6.49308  6.28137  7.13909  2.88029  4.37691  5.71671  3.24245  -1.72547  3.63418  5.86023  -9.0247  11.5117  3.31013  17.3091  -2.7565  24.995  
1.14402  7.22161  24.9178  -13.1056  -4.13155  0.858398  5.04294  -8.33891  13.8567  0.93493  -3.26962  -4.41369  66.2633  0.190493  1.82668  40.1852  7.72318  -3.02894  24.7243  -6.02517  12.971  1.23658  -3.03907  111.644  185.916  1.71996  -3.22504  3.51302  2.53555  -0.820337  0.705358  4.29266  -0.514611  -5.07018  4.72092  2.14469  -10.3508  5.48665  0.935418  22.8781  -6.33402  16.4959  
-2.50673  -1.25926  -2.85393  -13.5101  0.45411  -1.16883  -2.04011  -21.2254  6.78288  -3.55373  -7.59357  -4.82435  44.6447  -3.61228  -7.33716  7.46686  5.36022  -4.6027  19.0259  -10.5609  2.8674  0.209137  -3.37656  73.4076  119.307  -5.10979  -5.85211  -0.0224996  -5.47151  -1.55996  -0.434802  2.93946  -3.30175  -6.40465  3.12122  -2.24581  22.8583  0.71591  -0.196711  18.0599  -2.00514  0.587821  
-3.03784  -3.5916  -43.8873  -9.33623  -1.59279  -0.750929  -5.13668  -1.30105  0.842288  -3.94222  -5.42984  -3.11199  9.23276  -3.8625  -1.6379  -44.4415  1.62432  -1.36113  11.9038  -14.7571  -4.99772  -0.489288  -0.0552936  40.2354  -118.186  -9.25845  3.61991  -1.67911  -10.2545  1.42256  0.612296  0.340519  -2.24517  -4.42735  -1.15282  -4.43916  51.6223  -4.59414  -0.196535  16.8537  2.94726  -15.9164  
-1.42653  -0.617925  -49.7011  -5.88516  -14.7128  0.332038  -3.7671  21.8601  -0.38813  -1.71325  -2.34024  -0.0128966  -13.9779  -1.65783  7.17276  -72.1095  -0.418557  1.55921  10.0677  -15.6333  -7.27565  -0.182413  2.53071  25.8615  -257.529  -7.30565  13.4951  -1.27751  -8.65591  2.80715  0.860155  -3.35403  1.26957  -1.41889  -5.61343  -5.0066  35.3394  -7.82703  -0.429734  23.9708  3.37631  -23.9197  
-0.659109  0.424533  -13.4497  -2.53907  -24.1485  -1.22304  -1.85538  13.222  -1.68288  -0.440095  -3.03969  1.71485  -15.3555  -0.970972  6.90651  -55.3058  -0.152498  0.52995  5.15186  -12.3213  -6.11392  0.349142  1.45467  0.176216  -201.283  -1.50852  10.7797  -0.488289  -3.30026  -1.07171  -0.911475  -5.26476  2.9454  0.766337  -4.69772  -6.16749  -15.5041  -4.358  -1.2761  20.648  1.35922  -17.357  
-1.6601  -2.80319  9.99644  1.64289  -13.5239  -5.12842  -0.534244  -11.7649  -6.39966  -0.987858  -6.17661  -0.0534773  -3.08275  -3.04373  -3.5322  -10.7226  0.616359  -2.42701  -11.8572  -6.15318  -3.72944  0.0774385  -1.48932  -56.2561  -135.651  1.94436  -1.41861  -0.437482  0.632831  -6.81624  -2.88188  -2.82562  0.768314  2.11825  2.63254  -7.1665  -48.01  3.93477  -2.40384  -6.8665  0.167693  0.98671  
-2.55781  -3.36336  -22.4311  2.81353  11.258  -8.05098  2.52014  -11.2553  -10.5683  -1.4717  -6.1286  -3.69841  -0.908253  -4.76371  -16.3025  29.518  -0.51663  -3.49875  -29.7078  1.64788  -0.75568  -0.523681  -3.23363  -120.851  -234.618  0.374119  -7.82057  -0.727815  0.117406  -9.2511  -3.09483  3.02506  -2.5555  2.0087  7.9633  -5.12436  -21.849  8.42743  -3.11951  -39.6049  -1.41599  18.5943  
-1.72241  5.18794  -75.1846  -3.94752  27.1959  -7.0092  7.4319  16.4148  -9.38867  -0.921918  -0.321407  -5.30315  -31.6163  -3.12299  -19.7555  45.1384  -3.80134  -2.43749  -26.9466  10.5837  -0.662942  -0.421222  -2.96712  -151.535  -377.78  -2.80278  -1.91722  -0.503473  -1.59798  -7.32117  -1.66088  6.84537  -3.27491  -1.22283  2.85195  0.594832  45.5731  4.09255  -2.54515  -45.3157  -3.14071  21.0764  
0.19868  18.0701  -71.4462  -13.9093  21.5098  -2.84612  9.16226  29.4102  -4.32133  -0.267045  8.32058  -3.12544  -81.4502  0.675873  -6.66888  32.898  -6.10303  -1.20253  -3.17399  18.3895  -5.65517  0.583327  -1.8476  -132.664  -316.081  -2.74411  5.20063  0.458231  0.156518  -4.90233  0.0410125  4.28017  -0.862949  -6.65698  -7.03698  6.11423  94.7123  -3.9002  -0.204421  -22.0201  -1.14268  7.45251  
1.60718  21.6847  -6.33798  -17.0242  5.56121  1.17631  4.44697  3.71972  -1.54823  -0.00774333  15.6038  0.0105054  -105.74  3.06299  15.0613  7.84914  -3.46124  -0.389442  16.256  22.889  -10.4355  1.733  -0.804663  -93.9233  -22.9072  1.09779  3.16634  1.64029  5.1775  -2.53808  1.01806  -2.39182  2.21613  -9.00435  -5.63503  7.36675  81.5121  -6.86012  2.50321  1.35276  6.44869  -6.77845  
2.00839  10.6203  31.5386  -8.85049  -1.93406  2.73954  -2.97244  -29.1238  -2.85344  0.874435  19.495  0.00695616  -72.7664  2.68091  25.3927  -6.33178  3.56347  0.922528  10.9408  22.5557  -5.89094  2.36833  -0.303154  -78.1148  260.349  4.33863  -4.42949  2.28841  8.26222  2.77004  1.11036  -5.73117  3.32261  -4.09894  10.22  4.79756  13.9442  -2.61446  2.9224  5.20716  11.9396  -7.51984  
1.89649  -5.83433  -21.4373  2.19687  1.09229  2.08063  -6.05867  -21.5139  -5.25273  2.68245  20.278  -2.58969  -4.13572  1.35378  11.582  1.84852  8.87778  2.33797  -5.61701  14.6529  6.09929  2.4533  -0.620997  -88.6523  339.382  3.19634  -6.70053  1.89789  6.25524  11.0159  0.605208  -1.23831  1.53223  4.81573  22.0653  1.97912  -60.9257  3.62794  0.277844  0.693558  6.64688  1.58249  
1.52134  -13.1571  -99.237  4.81405  0.454147  0.990243  -2.5291  23.5264  -5.46152  3.63152  18.1376  -3.76782  47.7684  1.01562  -10.8256  18.121  7.11279  2.49815  -9.10694  -2.85706  12.9019  2.37791  -1.27297  -74.5972  270.169  -1.97275  -2.00646  0.643298  2.22238  14.7432  0.18788  6.21819  -1.92646  9.83667  12.9905  0.560928  -95.3349  6.29984  -2.78819  6.3946  -7.0031  5.73342  
0.803521  -9.79547  -73.3371  -0.389715  -11.301  1.1446  2.98152  52.5867  -3.36823  2.13129  11.9208  -1.81324  57.5734  1.48771  -12.0797  18.7986  0.213617  1.63789  7.42076  -25.5199  6.57239  2.1548  -1.35028  6.36477  207.82  -7.19526  -0.244165  -0.544731  0.0286495  7.66846  0.360142  8.36767  -4.02253  7.69855  -6.70022  -0.868198  -72.1833  4.07527  -2.9749  19.481  -16.4395  -0.521314  
0.0861355  -5.48325  74.5918  -3.83128  -21.9185  3.91726  4.67614  28.0588  -0.187845  -0.523505  2.10643  0.168661  43.2903  1.59511  13.43  3.3623  -4.85974  1.53411  23.1037  -39.5522  -3.3193  1.24949  -0.641148  122.118  176.187  -8.37274  -5.86114  -0.750242  -1.34515  -5.26003  0.957949  3.03118  -2.47494  2.84645  -10.2246  -3.38698  -11.4228  -0.985225  -0.367477  24.3699  -12.2672  -7.50542  
-0.070013  -3.33944  210.78  1.37458  -17.6633  9.2982  0.780022  -26.2458  2.52498  -1.51385  -7.58362  -1.31917  30.8513  1.01124  39.4117  -3.23204  -4.63323  2.44878  22.8151  -34.832  -3.68973  -0.445395  -0.368957  191.293  80.4948  -5.23398  -10.3186  -0.0528764  -5.57671  -11.8718  0.99973  -3.60116  1.03346  0.926038  8.64498  -5.46282  39.4584  -5.40482  1.88647  17.2097  1.40047  -5.00539  
0.238393  1.19196  201.132  9.04866  -2.61851  13.7681  -5.6671  -56.8202  4.29455  -0.235171  -13.1002  -4.59033  27.848  0.320283  37.0162  14.304  -2.82055  1.96556  14.5397  -16.0841  3.77095  -1.93175  -1.77578  173.811  -122.764  -1.56617  -4.93315  0.63221  -10.2903  -6.1333  0.0406997  -5.22308  2.49956  1.47149  25.1721  -4.96928  42.1832  -5.34961  1.62726  8.50462  11.5984  2.93845  
0.329564  8.3932  71.3245  7.88209  6.33286  12.0261  -10.1852  -38.7581  4.8333  1.10525  -13.2825  -4.92519  24.8324  -0.117789  10.7738  36.8181  -4.11539  -1.79096  11.4081  0.707868  5.94833  -2.36515  -3.64134  102.273  -342.861  -1.86024  4.8644  0.693671  -9.17341  4.15926  -1.37674  -1.98592  1.43484  -0.383568  16.6014  -1.86436  8.10971  0.368207  0.0643219  4.58596  9.95521  6.63734  
0.0148293  7.72866  -34.4969  -1.95746  2.52821  3.88393  -10.267  0.211793  5.07574  0.741296  -10.6734  -1.14498  15.572  -0.349252  -14.8831  32.6852  -7.23127  -6.78936  10.7562  8.19981  -2.43075  -2.09459  -4.16564  33.0629  -431.281  -6.02389  5.2106  0.37592  -1.31246  7.54782  -2.42225  0.86993  2.22158  -6.08379  -7.74367  1.97694  -12.0038  7.58965  -0.361539  3.03495  0.338043  4.93188  
-0.162657  -4.72095  -33.3428  -9.32285  -1.51657  -4.16232  -6.86353  20.5659  5.67059  -0.368498  -7.56431  2.39992  1.39455  -0.35528  -30.013  -2.03407  -6.52985  -9.29588  4.64771  12.5601  -10.0173  -2.34451  -3.10151  -0.258155  -308.892  -8.35892  -5.17992  0.102306  5.87893  0.896939  -2.67882  0.572408  6.64088  -10.8784  -19.6354  5.10137  16.7617  9.42167  0.689742  1.77502  -7.42855  3.60754  
0.156434  -14.7679  15.5236  -8.28362  5.86939  -5.83757  -2.6958  15.0544  6.20289  -0.30674  -5.53674  1.98038  -11.8594  0.0414465  -42.8106  -40.2087  -0.147759  -7.5064  -8.73838  19.0225  -4.85581  -3.04472  -1.67605  21.7925  -30.1244  -4.59389  -11.4421  -0.172861  5.66652  -6.19044  -1.61715  -0.788139  8.54544  -8.95986  -9.36382  6.66003  58.2542  3.85968  1.53419  4.69827  -7.05517  4.47311  
0.495785  -8.04721  16.2479  -4.54087  18.4876  -2.88385  0.575958  8.86502  5.22793  0.864448  -5.65365  -1.28552  -18.8855  0.682315  -53.9039  -54.4923  6.96562  -3.12568  -26.4361  21.8168  8.86125  -2.42389  -0.492606  91.8026  228.497  2.67655  -0.324144  -0.73648  0.746873  -3.96517  0.978284  -0.186629  1.24251  -0.437589  4.84102  5.63792  44.3264  -2.92142  1.12737  12.7028  -1.73967  1.92196  
0.302824  5.42396  -36.4993  -6.23889  18.683  -1.22266  3.30786  18.3032  3.67319  1.36344  -7.46259  -3.0851  -18.1901  1.10259  -49.4075  -42.0326  8.93901  0.854815  -40.6046  13.3276  16.7905  0.3117  0.367975  138.607  311.664  6.10151  21.0383  -1.37232  -2.051  5.58325  3.77893  2.13281  -11.0809  7.96296  3.94286  1.67773  -34.465  -3.34104  0.350145  18.3585  0.969367  -6.36363  
-0.227481  2.69903  -69.1018  -9.7281  2.01037  -2.71534  5.49851  29.8201  2.12555  0.349846  -9.45246  -1.44142  -12.0504  1.03164  -23.8654  -18.1159  5.70849  2.8044  -44.1163  -1.59305  12.364  2.82395  -0.506482  71.6601  209.202  2.88216  30.2711  -1.48853  0.00894021  10.0516  4.22717  3.65188  -16.133  9.40872  -6.94942  -3.35379  -107.082  2.70932  0.330778  14.2298  -1.18086  -12.9658  
-0.433379  -14.1255  -41.8788  -6.89304  -17.611  -3.36273  5.54233  20.2651  0.882196  -0.955782  -9.00952  1.75833  -4.80996  0.661932  1.77489  2.87341  1.54228  2.94958  -26.152  -11.2998  2.69336  2.25635  -4.28247  -89.7526  60.4206  -2.19411  17.5154  -0.829123  3.25869  1.94105  1.78085  3.0124  -8.85565  4.41607  -10.736  -6.15361  -100.301  8.06763  0.914435  5.19954  -2.77143  -10.3567  
-0.116645  -18.9794  6.54021  3.25511  -21.7583  -1.50691  3.56077  -7.44696  -0.613879  -1.12858  -6.53615  3.13557  2.44768  0.354602  3.05541  15.1586  -1.13737  2.45356  9.69937  -11.9344  -2.07229  -0.856355  -7.82624  -193.026  -24.0459  -3.23472  -4.96505  0.193008  4.84349  -10.7427  -0.275702  1.6566  1.88852  -0.620959  -3.63999  -5.575  -19.2281  6.93919  1.1515  1.53332  1.2144  -0.959472  
0.384711  3.25626  24.0051  12.6813  -9.03142  -0.358812  2.81241  -27.8369  -1.97667  -0.321272  -5.05012  0.993048  10.9854  0.311286  -20.0092  17.0564  -3.40752  2.84233  41.2123  -11.3099  -0.772888  -2.61642  -5.02513  -134.036  -81.9184  -0.839348  -15.445  1.13586  4.15879  -13.6415  1.33601  1.50272  5.39072  -0.836606  2.33687  -3.96057  61.601  0.747569  0.843124  5.7211  7.24667  6.30793  
0.738172  29.5583  7.8152  13.5843  5.32946  -2.02502  4.83327  -24.9332  -2.60087  0.360455  -4.31996  -2.93517  18.8451  0.444351  -40.8194  10.4682  -5.45727  4.42794  42.4645  -15.2333  1.09801  -1.17505  5.13362  -22.1072  -150.467  0.509978  -8.42361  1.84332  1.94545  -3.77797  4.98439  2.91757  2.33655  2.47453  -1.36297  -4.25761  74.7048  -4.86893  0.500796  9.04135  7.80354  7.03178  
0.792549  28.9495  -14.8866  7.27735  5.15284  -3.09993  5.85255  -11.5647  -2.26959  0.340608  0.816896  -4.70799  21.4918  0.374231  -36.7624  1.71785  -4.81818  5.68987  15.4697  -20.2121  -0.653041  0.908125  13.841  -36.7532  -169.729  -1.34562  0.340865  2.28927  -0.94305  6.65894  5.43244  3.9583  0.450399  5.11011  -8.11935  -5.94283  28.7552  -6.45509  0.310149  4.77612  1.44527  3.36907  
0.418945  5.03642  -31.418  -1.19066  -8.89222  -0.50803  2.08411  -8.0091  -1.53555  0.0195911  13.6828  -2.77124  16.4033  -0.230729  -4.37357  -2.20804  -1.04693  4.35872  -10.405  -18.7789  -5.44518  0.344422  11.022  -160.37  -35.3856  -4.03918  -3.48373  2.15968  -2.09026  5.85062  0.718416  2.09823  1.44223  5.1757  -6.64868  -6.20306  -18.3003  -4.32104  0.0594355  -2.66233  -3.99852  0.831626  
-0.368359  -9.63753  -44.301  -5.59665  -21.5781  2.64597  -2.70237  -11.8961  -0.559887  -0.0857505  28.3821  -1.82786  8.45675  -1.17756  38.9145  1.56651  1.49577  0.117043  -15.497  -9.86532  -10.4952  -2.21609  -2.05147  -175.411  199.434  -4.66362  -16.0818  1.23385  0.215523  -2.95106  -5.0298  -3.4109  -0.399255  3.04567  2.84087  -4.04347  -24.0007  0.13114  -0.238404  -5.52378  -1.33126  4.63062  
-1.08488  0.0501086  -43.5383  -4.56301  -18.4724  2.0349  -0.491584  -5.70463  1.90858  0.0319292  32.8572  -8.43106  5.16481  -1.65002  63.1862  12.3  -0.818559  -4.51596  -9.26824  0.258395  -11.3456  -3.76038  -12.1398  27.9299  338.648  -3.04792  -21.4875  -0.131224  3.41542  -7.47314  -6.52758  -8.92328  -7.06311  -0.647729  10.2259  -1.41291  6.25092  5.7497  -0.148755  -3.60295  6.001  17.071  
-1.0499  13.4867  -13.607  -0.621874  -1.62092  -1.11835  8.91863  10.7516  4.80132  0.188119  21.0993  -21.0846  9.20332  -1.00654  44.9171  24.1675  -4.34591  -6.30035  -7.50296  6.16968  -6.02817  -2.98673  -9.1184  278.922  260.393  -0.325075  -12.3332  -1.06734  3.67103  -2.5677  -3.94212  -8.71684  -11.9951  -4.42155  8.9976  -0.350004  32.6854  9.99731  0.340267  -2.48664  8.52419  32.8498  
-0.209001  4.09071  32.3035  -0.0644436  13.058  -1.63361  14.155  19.3966  5.27499  0.299854  0.938693  -28.095  16.1472  0.441674  -9.18346  30.4005  -1.99237  -4.34534  -10.3351  8.62528  2.52213  -1.71267  2.35503  327.198  37.9206  1.63291  4.12495  -1.08803  1.42686  5.89  -1.49787  -1.85683  -9.05472  -5.55664  2.53834  0.0748006  30.7093  9.45975  0.563752  -1.99781  2.892  37.4429  
0.620588  -23.9253  55.1566  -4.71562  13.9439  1.69395  6.40192  10.1175  2.29547  0.289553  -13.1492  -20.8187  16.7178  1.51377  -55.3599  22.0796  6.2944  -0.44377  -7.2953  11.0824  7.4955  -1.31998  8.60604  168.904  -157.291  1.75221  16.2387  -0.529159  0.04977  10.1683  -1.66412  5.44581  -1.39943  -3.11278  -2.57464  1.8894  8.47221  3.39367  0.106506  3.38891  -3.49465  19.9017  
0.637834  -44.0148  36.5313  -8.24208  6.27307  4.34693  -7.92662  0.806688  -0.282093  0.017637  -13.5389  -5.33213  6.46053  1.35284  -52.4943  -2.99655  11.9736  2.65889  -2.53278  14.2078  4.87554  -1.10925  3.18255  18.2136  -231.319  0.090895  18.4988  -0.105486  0.317456  8.439  -2.53736  5.85646  3.03695  -0.909546  -4.887  5.04558  -10.0445  -3.55735  -0.455656  14.191  -2.05561  -10.5538  
-0.0605467  -39.8193  4.48594  -4.43036  3.86259  2.49641  -14.3401  9.65787  0.819121  -0.508901  -5.4662  3.91065  -8.88574  0.266184  -4.57734  -33.244  8.53094  3.33159  -4.81479  14.9893  -0.334262  -0.262206  -6.48396  20.9216  -195.712  -0.601191  13.2929  -0.18459  0.187087  2.7737  -1.6058  -0.282691  1.91139  -2.989  -6.3541  7.20823  -16.2752  -5.20135  -0.381401  22.9807  5.22371  -30.9783  
-0.660796  -19.8729  -2.0524  4.18816  9.64375  -1.23956  -8.10162  21.3644  1.35838  -0.904958  0.504003  3.63534  -18.1663  -0.699528  37.0374  -45.3539  -0.0500809  1.14315  -13.115  11.2203  -0.0613257  0.319265  -9.51081  101.493  -107.057  1.50942  5.25106  -0.535945  -0.957771  -4.26524  0.568441  -4.74472  0.0634011  -6.42647  -6.0599  6.68016  -16.2735  -0.0032598  -0.0008584  24.7715  8.94184  -27.8143  
-0.63164  -0.892125  18.3643  8.90045  13.9831  -1.9698  1.63411  8.24699  -4.55192  -0.787667  -0.073079  4.75952  -16.3237  -0.881211  29.8755  -25.4956  -4.81577  -2.47403  -9.51847  5.77971  5.45741  -0.552889  -3.74528  113.276  -27.7666  3.81006  -1.149  -0.763878  -0.705845  -8.48548  1.90987  -2.76079  1.59546  -4.43513  -1.66052  3.91451  -10.9855  7.03087  -0.342039  22.5201  3.65217  -12.9216  
-0.203924  11.6165  32.3111  6.53513  6.76546  1.32066  4.9495  -29.9452  -12.3272  -0.173616  -2.59854  15.1335  -10.4983  -0.549542  -12.974  14.2334  -2.85033  -4.61099  9.59156  2.56026  6.68623  -1.82708  2.76788  36.3294  28.7342  1.69378  -3.15739  -0.696099  1.30973  -6.42497  1.56703  0.565914  4.3981  3.19782  4.5825  0.625793  -2.12114  9.57229  -1.23614  21.1431  -5.66119  -8.62305  
0.105154  20.2752  17.3981  2.36191  -8.68674  5.01756  2.02659  -58.1441  -9.92282  0.473388  -0.531648  26.6613  -9.9839  -0.270957  -41.9698  43.1625  0.737555  -2.86501  27.5225  -0.28617  -1.48079  -1.56086  2.57337  -25.6493  102.392  -4.61064  -2.7163  -0.488076  1.17997  -0.330085  0.661599  -1.78306  4.35244  7.63744  6.48243  -1.73624  -4.62373  6.25439  -1.19539  19.4816  -10.4006  -20.6066  
0.0678646  25.0063  -9.20656  -0.0922391  -19.7349  5.81951  -1.60986  -49.3472  5.36228  0.702533  6.45055  26.6894  -13.6104  -0.272349  -24.6865  39.7707  0.832598  1.51198  26.8974  -8.47023  -10.4182  0.449925  -3.10799  -11.8502  212.409  -8.08403  -4.89397  -0.369539  -1.65564  2.26521  0.184883  -7.43443  1.44932  2.57927  1.58607  -2.37698  -28.3131  0.489091  0.0655286  12.0362  -8.10285  -33.3331  
-0.164831  21.9748  -18.7663  -1.71162  -18.1657  4.09076  -3.94304  -17.2138  18.3743  0.475949  11.3975  15.9057  -11.9075  -0.356081  20.089  12.2113  -1.64982  4.36738  9.66955  -20.5602  -8.03034  1.96592  -6.29588  32.2369  272.419  -4.62035  -10.1313  -0.395836  -2.31244  -1.98315  -0.0505417  -7.00706  -0.345044  -6.21277  -4.92126  -1.42277  -48.4474  -4.23004  0.323755  0.477847  -2.70113  -29.7054  
-0.427713  10.6822  -7.1243  -2.95126  -6.535  2.34805  -6.26223  3.98314  13.2216  0.0206066  8.12776  5.85881  -0.201667  -0.328849  42.6791  -11.0461  -2.20171  2.92801  -7.54997  -26.7606  2.86762  0.819508  -2.22924  49.0093  167.701  0.461176  -11.6976  -0.544867  2.21725  -6.65123  -0.420037  2.0954  0.99015  -8.38201  -7.18502  -0.191262  -29.0287  -6.76441  -2.20475  -8.0523  0.929175  -10.8155  
-0.60209  -0.00813075  5.29382  -1.58373  6.71861  1.71362  -7.19117  0.865105  -4.75216  -0.392714  -2.41561  1.89111  15.2879  -0.205901  15.4335  -10.3955  1.1162  -0.471549  -12.4154  -19.7053  6.42669  -2.76748  5.92389  43.2233  -76.5698  -1.38149  -3.53451  -0.659563  7.20271  -4.72109  -0.802266  10.4653  3.08939  -3.57937  -3.96261  -0.380673  11.7487  -7.16217  -5.36189  -9.22081  1.50519  7.40085  
-0.509925  -0.675006  0.399279  2.02957  13.9936  0.932752  -4.51732  -10.2017  -13.1101  -0.555174  -13.1335  -2.18381  21.9142  -0.0305591  -37.5185  6.64517  5.57452  -1.4624  -5.8266  -5.48207  -6.72294  -6.26319  10.4379  70.4319  -255.454  -8.31416  10.725  -0.573287  6.08026  2.26217  -0.550491  9.53801  2.8141  -1.35742  2.4099  -2.01498  17.1748  -4.86417  -4.50007  -7.64824  0.452315  12.7852  
0.00272754  7.4753  -10.9762  3.78225  13.253  -1.74756  -0.789634  -9.44667  -2.71148  -0.395987  -17.7233  -10.3585  15.2302  0.230683  -67.0959  18.0727  6.93161  0.547985  0.405751  3.63006  -23.3093  -6.63078  7.8511  154.01  -213.038  -7.84022  21.221  0.0295568  0.342954  6.73231  0.884938  2.83325  0.597957  -5.47912  8.43129  -3.10142  -25.2497  -0.545581  1.23406  -8.89596  0.30324  6.65324  
0.7273  14.5122  -8.94215  4.0766  7.45433  -6.16584  -1.0298  4.93474  10.3139  -0.0296452  -16.1217  -15.9047  3.88356  0.513611  -50.4941  11.7036  3.65714  1.89217  -2.61411  4.60349  -21.8984  -3.42158  1.74649  239.03  -24.2069  5.18595  22.8793  1.12474  -2.58768  4.47616  3.17249  0.622371  -0.522776  -7.71201  10.2323  -1.71824  -54.9085  2.38562  6.8021  -10.4785  2.4908  0.741453  
1.09064  11.4304  12.8068  6.25204  3.02907  -9.33411  -4.18989  16.848  6.98809  0.194767  -11.655  -10.6545  -1.64414  0.615851  -12.023  -6.21669  -1.58432  0.133469  -14.7034  3.7213  -1.29613  -0.133614  -1.69496  258.827  120.276  19.3108  15.6712  2.06054  0.484501  -1.35934  4.68805  4.48337  0.507179  0.25024  5.12687  1.08776  -15.1743  1.14678  6.80588  -6.99386  5.39351  4.32986  
0.768693  0.388158  36.7738  9.61486  1.2149  -8.52028  -2.62308  16.0373  -8.28553  0.109462  -6.2947  2.10416  1.00649  0.438574  7.38904  -17.4003  -4.57889  -2.23576  -21.1393  5.52886  15.0346  -0.109855  -0.820425  204.613  136.71  18.6354  2.0466  1.99513  6.10116  -5.68738  4.10296  5.53535  1.313  13.0401  -3.44726  2.36482  55.4141  -2.2828  1.91403  1.02108  4.95617  15.5667  
0.0789908  -8.93066  43.0027  8.43439  -0.73698  -3.82752  6.50667  6.2252  -12.6141  -0.144723  0.992561  11.4991  5.85603  0.195294  -0.285913  -13.2961  -3.7183  -1.68875  -9.633  6.7461  7.83692  -2.24681  0.945664  136.802  130.572  3.98203  -13.7925  0.801239  8.65341  -6.95122  1.79298  -1.71538  -0.370184  17.1918  -6.61635  0.780126  73.3326  -2.72238  -2.37979  4.62054  -1.06101  23.4171  
-0.344472  -9.58291  30.619  -0.0226342  -5.51247  0.718755  14.7324  -1.37232  2.10464  -0.254923  9.02563  12.2222  6.95362  0.135729  -7.65651  1.61023  -1.2302  0.958026  12.6558  4.4018  -12.7559  -2.83928  0.54411  114.132  200.209  -8.53066  -23.4668  -0.522213  6.54148  -5.34907  0.0948951  -10.2741  -3.32993  8.52424  -1.65456  -1.51146  23.4442  1.73853  -2.61967  0.110445  -7.71884  19.2452  
-0.29454  -4.70768  14.2619  -7.95543  -10.8224  1.66968  11.6036  1.58029  18.0867  -0.205921  14.1975  9.40433  7.61954  0.202999  7.70603  14.0994  -0.147181  1.41276  23.1308  1.00537  -19.9026  -1.56584  -0.649281  138.419  276.942  -7.50676  -19.6018  -0.808319  1.52487  -2.14919  0.23026  -9.03837  -4.22519  -3.11507  3.14474  -1.53685  -21.5199  6.53173  -0.657617  -4.90564  -8.06214  6.20846  
-0.175247  -2.9361  7.52602  -6.90115  -13.4884  -0.440502  -1.38305  12.6042  13.8216  -0.183932  13.7385  10.1702  12.1758  0.0605019  31.6366  11.0571  -0.991829  -1.7306  9.3344  -1.08574  -4.32474  -2.2806  0.696341  162.394  221.607  0.909208  -5.57434  -0.211079  -3.32562  0.485522  1.10302  0.622489  -1.6607  -7.08825  0.567216  0.383634  -14.7654  5.55655  0.024559  -0.637686  -0.686657  -3.75102  
-0.369317  -6.6831  6.85252  -0.476296  -12.3121  -2.22164  -12.0846  18.8329  -7.91427  -0.29711  9.48388  15.6377  13.9835  -0.356787  35.8088  -4.93953  -1.80178  -4.81761  -12.2627  -5.54376  13.9022  -6.38664  4.20917  150.912  15.4259  4.89251  4.36268  0.10917  -5.29011  0.917596  0.746611  6.84699  2.14624  -4.18837  -3.8121  1.01178  13.1117  -1.50889  -1.09859  12.0954  6.3417  -2.19177  
-0.68592  -10.2729  2.15853  0.249019  -9.39339  -1.28486  -12.0549  14.6183  -22.013  -0.405182  5.54091  21.4582  2.87716  -0.680836  16.4611  -18.4067  -1.12533  -3.9492  -16.8081  -15.2106  12.7802  -8.31646  5.47141  110.759  -199.412  2.33957  1.58238  -0.493261  -3.39753  0.65726  -0.69223  2.61677  3.92204  -2.0275  0.791839  -1.10746  4.4971  -7.97325  -1.80897  23.7612  5.10079  6.75779  
-0.630688  -7.3377  -8.41592  -5.88998  -4.89663  0.596402  -5.60691  5.71689  -13.1879  -0.404579  3.58639  22.7857  -14.7571  -0.556141  -1.22616  -14.8472  0.204538  -0.0906378  -5.14921  -23.4404  -3.04523  -2.63764  1.81422  70.8067  -284.084  0.782736  -5.74451  -1.20172  0.331287  2.22535  -1.5137  -5.6243  2.6988  -3.39762  11.6638  -3.22339  -32.8409  -6.79508  -0.452688  26.5722  -1.79541  12.4265  
-0.115732  1.19913  -14.2048  -9.12564  -0.0263621  0.524575  -2.37779  0.333727  7.37638  -0.291626  3.31069  17.7484  -16.5961  -0.199525  -0.0454504  0.832799  0.318585  2.63214  1.89606  -20.1387  -10.9911  7.20164  -3.03261  43.9605  -242.698  4.28453  -3.49721  -0.951308  2.02206  4.913  -1.13801  -7.64031  0.324298  -3.915  14.1091  -2.00226  -51.8423  1.94012  2.12868  20.1997  -3.6057  9.94646  
0.377806  7.74297  -1.54383  -2.4069  0.147069  -2.3936  -6.00271  -0.786529  16.8801  -0.0796251  4.60992  8.08951  7.25362  -0.113552  8.51054  7.64751  -1.1434  1.91547  -10.0881  -5.82669  -2.98229  11.5796  -3.57498  33.7605  -159.722  7.45633  10.1329  0.135184  0.255595  4.88073  -0.999748  -1.84198  -0.681358  -0.452084  3.01969  1.28476  -36.9086  10.4293  3.65069  5.63231  3.89094  4.14312  
0.400212  7.56537  24.0002  7.42436  -6.78285  -5.54048  -10.5985  -2.95365  8.99991  0.169911  8.489  -0.957343  32.2153  -0.350316  5.20886  -5.01234  -2.45108  -0.504721  -23.1039  5.96843  5.25072  6.93752  0.678489  62.0205  -70.9407  5.13016  22.8529  0.889526  -2.50136  1.42751  -2.27673  4.38209  0.447226  3.30803  -8.41892  2.20394  -12.8775  10.4887  2.68373  -13.0093  13.2746  1.82683  
0.0905049  3.02193  43.7843  8.58335  -14.3659  -6.27315  -7.68361  -4.80807  -2.38269  0.305006  14.328  -4.5085  25.6562  -0.383794  -10.7831  -19.7937  -2.00395  -1.60463  -13.555  5.05435  -1.58994  0.191295  3.83652  147.44  61.3346  -0.496684  21.8437  0.616134  -2.81274  -0.87518  -4.18195  6.04438  2.07309  2.47076  -6.08549  -0.829143  4.8972  1.96562  0.20616  -23.8043  13.307  3.98848  
-0.0441699  1.24297  41.8622  1.70627  -11.4093  -4.00783  5.05891  -1.09275  -4.26358  0.137038  18.1436  -2.22879  -9.09661  0.166423  -24.8422  -14.6441  -0.622866  -0.239253  16.6178  -3.28953  -16.1301  -0.909761  2.2551  243.241  224.613  -3.2884  8.29112  -0.209137  0.016486  -0.325654  -4.59724  4.45856  2.06685  -2.31869  4.28078  -3.70769  29.4376  -6.6765  -1.07521  -14.3294  3.43171  5.34194  
0.135045  4.63852  23.6788  -1.23521  3.43179  0.313774  19.9114  6.84082  1.93683  -0.315076  16.3649  1.52614  -30.3752  0.915959  -29.7683  11.7918  -0.792749  2.3177  35.8289  -6.05551  -20.7875  2.90136  -1.37961  239.337  302.116  -2.35692  -6.13382  -0.912729  4.52294  -0.509075  -2.69849  2.1294  0.0450889  -5.71473  6.52735  -1.83102  56.4205  -7.13514  0.256992  9.45362  -6.23176  1.42791  
0.254401  8.62313  9.22405  4.26427  17.6064  4.53292  25.0272  8.68511  6.69957  -0.68215  9.50247  2.54877  -9.07655  1.15491  -27.9595  31.5091  -2.87947  3.89541  19.7651  2.02174  -15.0011  5.50011  -2.05414  79.337  204.572  -2.15967  -9.62603  -1.47251  7.9644  -4.04135  0.244715  -1.40651  -2.08806  -4.65825  -2.74246  3.2982  55.3342  -0.263499  2.29762  24.2201  -7.38047  -5.62675  
-0.0208702  6.69787  8.56109  8.95432  18.4177  5.9912  14.9771  -1.47945  5.8466  -0.641411  1.44231  1.18917  33.9778  0.709235  -20.1032  20.3588  -3.49786  3.12574  -14.947  11.7966  -14.4925  4.30601  -0.00700463  -144.602  -10.3609  -5.78749  -2.45267  -2.02313  8.40974  -5.84052  1.8837  -5.22914  -2.21756  -1.09144  -10.0388  6.02822  10.3549  5.10504  1.71366  16.8324  -3.05795  -8.70213  
-0.457572  -0.516832  15.9964  4.70053  8.65722  3.45039  -2.60861  -11.4624  1.55245  -0.234812  -5.13272  0.289223  54.6671  0.0820706  -4.91395  -12.1629  0.475349  0.356077  -33.6018  12.2005  -24.9548  2.21908  0.593446  -265.9  -179.876  -9.95042  4.34216  -2.04563  6.06496  -1.44729  0.790073  -5.10073  -0.513042  1.24788  -3.88507  3.2249  -42.1196  2.66807  -1.74786  4.14059  -1.05066  -3.88988  
-0.545813  -6.73465  16.5458  -2.43745  3.63035  -0.526538  -12.6212  -8.707  -3.26332  0.150364  -9.86166  1.11414  37.6465  -0.226765  9.91998  -32.6636  6.58885  -2.07807  -18.2951  4.61406  -28.3992  1.73992  -2.00939  -226.08  -216.957  -9.26209  -0.142335  -0.831024  3.14147  4.48048  -2.13913  0.743654  0.598599  0.752527  7.81863  -2.39054  -49.3868  -4.29609  -4.42179  10.2875  -3.39809  4.24097  
-0.141671  -5.77603  9.7256  -3.55244  8.13134  -1.32521  -8.05014  3.01955  -7.56043  0.21854  -12.1817  2.59291  6.70568  -0.148837  6.77183  -20.0509  8.49018  -2.16566  9.42052  -0.214474  -7.67997  1.84059  -4.49344  -115.797  -194.656  -3.54431  -14.0253  1.28546  1.70138  3.09462  -3.52305  6.76026  -0.734634  -2.20409  9.37144  -5.94032  -6.99846  -7.31614  -3.23814  32.3049  -5.68984  6.24023  
0.347804  0.379986  13.9883  -0.36486  10.7994  2.12816  2.65194  8.18118  -9.0044  -0.0407755  -10.2706  3.95528  -11.2081  0.182961  -13.3555  13.7899  3.74578  -0.391301  19.5131  3.13975  27.5779  -0.077441  -3.64336  -52.893  -195.792  2.61727  -23.9679  2.81577  0.645108  -4.34111  -0.806639  5.65824  -3.31631  -5.83859  -2.20805  -5.62749  38.1182  -3.10175  0.250103  40.8359  -5.40918  -2.62504  
0.521828  5.34113  39.5674  -4.11305  0.0120115  5.54105  5.10891  1.8159  -5.42086  -0.349756  -3.02046  5.5294  -11.4825  0.730732  -22.8401  40.0703  -2.0785  0.457428  6.18923  7.4136  46.2989  -4.11386  -0.991914  -47.6138  -171.977  4.99467  -19.3452  2.60797  -0.918876  -6.01175  4.46192  -1.84417  -4.12372  -6.77285  -13.9387  -3.18558  33.6199  3.40161  2.02397  20.6364  -3.87976  -17.3407  
0.367698  3.55709  69.7237  -14.6214  -20.2654  4.59411  -4.46148  -7.13407  0.428157  -0.457368  6.29836  7.05409  -6.50506  1.20948  -1.41962  41.7685  -1.8951  -0.717233  -12.9649  3.77502  32.3192  -7.83203  0.793579  -50.4061  -36.0589  3.49291  -5.36871  1.10652  -1.7919  2.24127  7.32567  -7.47748  -1.83178  -1.61073  -13.2681  -1.31731  -12.7917  5.53114  0.87276  -7.75518  -1.46259  -28.9375  
0.132676  -4.09538  74.1994  -18.2249  -32.6686  0.577242  -15.148  -9.53295  3.41249  -0.245505  11.2469  6.89651  -3.51107  0.976106  34.3553  27.4999  3.80492  -2.05986  -20.1213  -5.29608  2.25471  -8.20215  1.50084  -55.9091  180.885  0.129739  5.42556  -0.187976  1.01632  9.20898  4.90626  -5.4365  1.67463  7.96085  -3.27242  -0.967796  -43.4569  2.16997  -0.681449  -13.4508  3.8197  -31.2754  
-0.0835803  -8.11717  54.7041  -8.16848  -26.7691  -2.10707  -14.3532  -8.94056  2.07323  0.110746  9.21537  4.67563  -1.32999  -0.304389  47.1874  15.3551  7.38778  -1.72014  -14.9923  -8.08928  -11.4602  -4.22736  2.96665  -89.2107  290.481  -4.11047  7.23526  -0.412309  6.77362  3.87791  -0.00332754  1.18962  3.79215  14.1584  2.77304  -1.07616  -12.68  -2.67923  -0.505753  4.70576  10.2846  -25.1899  
-0.334999  0.56972  43.8288  5.00978  -8.94223  -2.4549  -1.31462  -5.52563  1.15521  0.289412  4.67623  2.79663  -0.186428  -1.89583  23.5819  12.0567  3.50636  -0.658228  -5.30912  -0.361071  4.11053  1.63915  4.0819  -125.714  178.427  -7.74488  4.67438  -0.00795655  8.84284  -7.88316  -1.96722  5.59278  3.7262  9.90466  -0.609155  0.167916  47.8096  -5.21865  0.338963  19.883  10.559  -15.5032  
-0.608791  17.8616  55.325  8.126  5.2964  -3.20012  12.4776  5.627  1.99402  0.0646724  5.81637  3.59997  -2.98633  -2.51862  -7.54363  7.72017  -4.2941  -0.861666  4.88446  8.87789  29.071  5.37961  2.25374  -94.4387  -57.3599  -7.44487  1.88526  0.135525  3.22022  -10.5195  0.0346985  5.19422  2.41758  -1.74034  -5.78481  3.35275  60.8252  -5.10073  -0.354779  12.609  2.1184  -7.37533  
-0.733458  27.4833  48.9468  2.37022  6.63998  -4.82738  16.2881  22.2167  0.847535  -0.327035  12.7965  6.03984  -10.0232  -1.76426  -13.0249  -7.86374  -8.42771  -1.62672  11.6589  8.61185  31.092  4.87342  -1.67357  21.2402  -199.16  -1.13368  -2.43122  -0.26364  -5.51783  -0.732792  1.50737  3.27841  0.707716  -9.79021  -3.92258  6.61844  -9.12986  -3.30278  -2.26677  -6.38482  -7.12064  -2.79706  
-0.595821  17.1118  -13.8568  -0.574091  0.251719  -3.68918  9.51765  26.3808  -4.85567  -0.477823  16.3085  6.6634  -15.1724  -0.539831  5.55207  -30.8471  -6.41195  -0.488201  9.9085  0.729499  2.53609  2.13886  -3.42442  135.014  -149.278  6.61803  -9.06881  -0.76898  -8.7956  8.76921  -0.958254  3.64915  -0.993575  -7.42274  2.4952  7.42343  -96.9779  -0.0635611  -2.97042  -13.9877  -7.7808  1.60175  
-0.280863  -5.01956  -98.0253  2.96239  -1.09785  1.79449  -0.291248  7.26702  -11.4078  -0.240678  7.42372  4.11497  -10.8199  0.140738  18.8179  -44.1014  -2.64401  2.34852  -1.0171  -4.93425  -26.5114  0.302045  -0.879753  160.039  31.7571  7.62472  -9.57894  -1.04586  -4.58712  6.93084  -4.75176  6.21641  -1.74133  0.562579  4.8748  5.10345  -114.101  3.96775  -1.30311  -3.33262  -0.658554  10.4732  
0.0287909  -19.1635  -122.13  4.88115  7.97311  6.79727  -6.45542  -15.9305  -12.6162  0.0711662  -10.2692  1.35325  1.71935  0.256911  10.2851  -39.7353  -1.49968  2.92128  -9.89824  -4.42022  -20.0259  0.243695  2.45386  96.4047  213.812  0.501395  2.02919  -1.08635  0.0431838  -1.48643  -4.77456  8.14322  -0.64167  4.01155  1.74643  2.00947  -45.7189  6.17351  1.28182  11.0017  4.6989  23.014  
0.185965  -20.1599  -65.4356  0.884495  19.0988  5.38927  -7.90082  -16.9287  -7.37516  0.090131  -22.1263  1.8256  12.1207  0.390236  -7.70346  -24.2282  -1.44656  -1.07781  -6.85232  -3.55275  18.2425  0.0341731  2.00811  9.75517  309.142  -5.22227  16.9516  -1.01166  -2.33491  -4.78846  -1.21479  7.76857  1.4843  0.0140908  0.833208  0.4398  33.449  3.96932  2.76198  14.6647  2.93883  31.5041  
0.215073  -24.7129  -1.47038  -1.46484  18.8793  -1.02099  -6.63826  1.58212  -0.283804  -0.122818  -18.7872  5.1322  8.58348  0.634483  -14.7078  -10.2417  2.24912  -5.88353  1.2025  -5.56487  39.2914  -1.30686  -1.3938  -52.9093  285.338  -0.9351  18.0027  -0.664981  -8.97857  -0.151433  0.83868  5.53202  2.62768  -4.76922  6.46815  0.283163  59.0785  -1.47379  2.85552  10.1355  -1.46682  27.6636  
0.197414  -43.4866  1.99393  3.33216  3.55318  -5.09306  -4.09409  12.9529  5.99354  -0.257886  -6.24502  7.29237  -7.3112  0.521166  -6.28904  1.00132  9.94096  -5.53104  2.19836  -5.84008  4.84763  -2.91984  -2.64993  -86.3243  143.586  7.74704  1.02774  0.12226  -11.3609  4.58734  -1.2633  3.04114  2.05076  -3.26502  11.5803  -0.19808  36.0417  -5.58788  2.2038  7.57657  -3.54849  13.0004  
0.155801  -59.6572  -25.9235  7.57314  -13.8844  -2.80961  -0.799211  5.29557  11.1548  -0.182766  1.6697  5.78762  -19.626  -0.102503  6.83384  14.1153  15.2331  0.178429  -6.56978  0.103679  -59.0048  -3.82787  0.466382  -87.8949  -33.1844  7.30437  -16.7553  1.04886  -5.58649  2.96715  -3.67798  0.447268  1.17631  3.59728  7.2941  -1.48535  0.573162  -5.12068  0.911787  8.46507  -3.08502  -3.28962  
0.0246154  -46.0832  -12.2235  1.70798  -17.9482  2.42187  1.60133  -5.36886  15.4179  -0.0979163  -1.23395  2.87336  -14.8678  -0.674333  14.0797  26.9455  11.9772  4.52694  -13.3523  8.23957  -85.3794  -4.18058  4.43488  -54.0922  -134.179  -5.44054  -14.339  1.42844  3.19285  -2.83019  -1.42992  -1.97448  0.931379  8.42422  -4.47219  -1.89027  -28.6887  -1.3802  -1.10048  4.50963  -2.24766  -14.7257  
-0.239663  -3.6402  47.413  -9.75387  -7.58885  4.84493  0.800053  -3.05036  14.1781  -0.120524  -7.86313  2.46832  0.839553  -0.655801  13.7293  24.2808  2.0714  2.51367  -9.68355  10.706  -44.0984  -4.26352  4.8114  -6.26725  -128.411  -17.4684  3.03337  0.858577  7.91001  -7.08722  4.1927  -3.52596  0.0549295  5.83265  -13.1181  -0.294007  -46.0842  1.59989  -2.95746  -6.07301  0.220352  -24.3907  
-0.519346  32.2798  82.1256  -10.0965  3.05745  3.40506  -3.00262  5.39106  4.59856  -0.130012  -8.26486  4.67961  12.3979  -0.151172  8.74596  5.5529  -5.68524  -2.90922  0.20292  7.08203  21.5857  -3.83809  2.15858  13.4379  -88.0201  -15.5304  11.1682  -0.277336  7.26958  -6.84694  6.85419  -2.94615  -2.5402  -1.63983  -13.1997  1.96484  -30.8152  1.42291  -3.44632  -13.8779  6.41655  -34.5423  
-0.58183  33.9436  49.0521  3.60068  1.9033  1.60412  -6.14937  5.992  -8.53237  -0.0426525  -1.06426  5.50325  16.0902  0.39711  6.21657  -9.02559  -5.59174  -4.59478  9.01412  2.52652  47.6368  -2.84262  0.218281  -12.4343  -87.9203  -3.26714  -1.09718  -1.07962  5.52992  -3.09088  3.3779  -1.12457  -5.03671  -5.96364  -8.85896  2.61451  14.4892  -1.25481  -2.69682  -10.9505  11.9733  -38.3197  
-0.346497  11.4166  -11.5418  16.9574  -6.28522  1.95878  -4.76264  -1.19611  -14.6855  -0.0288561  5.90607  2.73674  18.9294  0.709455  14.2858  1.65284  -1.51719  -0.324166  9.0583  0.306121  23.2887  -1.82662  0.875126  -47.6858  -113.005  4.97855  -16.2254  -1.02603  5.39518  1.1802  -2.20897  0.151242  -4.19391  -2.62224  -6.0351  1.36389  41.2865  -4.40562  -2.12461  -2.31775  9.91589  -24.7077  
0.0136368  -0.885563  -39.9321  13.9269  -9.05857  3.37332  1.26535  -6.46759  -9.37453  -0.232554  4.9842  0.423835  20.7811  0.726148  31.6676  31.878  -1.21496  5.03183  -2.58227  -2.10848  -8.04848  -1.04982  2.253  -55.355  -119.058  3.63049  -13.1651  -0.346354  6.55606  2.71118  -3.91435  0.881735  0.176333  3.95693  -4.26151  0.437469  11.3873  -6.03815  -2.33381  1.24293  1.19596  2.89197  
0.243608  10.7437  -32.9835  0.0201671  -2.45266  3.32559  8.52149  -6.33393  0.674639  -0.440022  -2.70676  3.61827  11.6548  0.438767  40.9365  51.1617  -5.39711  5.94516  -22.178  -5.66477  -9.29228  -0.0756196  2.25779  -41.3405  -123.719  0.53207  2.86141  0.213996  5.75569  -0.771376  -1.11651  2.83329  4.46068  5.02432  0.0447726  1.48769  -39.1102  -4.48884  -2.21457  -1.63204  -5.13395  22.9435  
0.250559  28.8848  -25.8016  -5.80124  4.29635  0.803608  13.0633  -8.85989  4.91592  -0.367341  -8.87454  10.9562  -8.5737  -0.056124  22.0911  40.1051  -6.73451  2.48853  -33.8281  -9.01774  12.0558  0.922698  0.788336  -44.933  -156.852  3.27529  9.32348  0.189156  2.62442  -7.10009  1.74171  5.23674  5.31196  -1.39103  5.80065  3.46958  -38.4991  0.501074  -0.713794  -2.32718  -2.23182  19.3808  
0.175511  30.8197  -29.9465  2.41107  4.23446  -3.16921  12.8679  -14.3374  1.45084  -0.0803485  -6.4089  14.9674  -23.325  -0.303217  -20.5249  7.28732  -0.304946  -0.92019  -21.3255  -10.4611  25.3574  0.943954  -1.1203  -74.6907  -177.585  8.43086  -1.48456  -0.279161  -1.91599  -10.2428  1.02464  4.49792  3.07371  -7.65135  9.44637  3.55671  22.8879  5.85839  1.50059  3.85984  5.75096  1.97273  
0.1097  15.7824  -31.6416  10.4567  -0.680035  -6.51861  7.75593  -17.1377  -1.26897  0.0227951  3.01361  11.6504  -19.2491  -0.0200461  -53.0868  -26.641  8.42082  -1.65018  10.5203  -10.0805  19.2424  -0.602096  -2.78516  -105.433  -108.489  8.81939  -11.8682  -0.692797  -5.2324  -5.61387  -2.0585  -0.214817  0.311191  -5.71081  9.37094  0.612802  73.0156  6.96496  2.79076  11.5546  8.12893  -3.68173  
-0.0314947  0.253079  -25.3455  4.40096  -4.2752  -7.0188  -0.435758  -12.9075  3.54662  -0.176137  10.1784  7.1528  -6.83597  0.449859  -48.6358  -50.5586  9.81484  -0.88553  34.2408  -7.63433  7.21153  -2.74723  -3.58378  -107.058  46.462  5.2863  -7.33288  -0.922851  -5.36165  5.31318  -3.77635  -4.37402  -1.25443  1.90193  7.26667  -3.15207  53.4107  2.37518  2.42242  13.1152  1.07054  10.504  
-0.326907  -2.69198  -25.4571  -8.57751  -4.21424  -4.20247  -7.39538  -5.40392  9.99381  -0.334641  8.66785  10.7021  -5.36494  0.492395  -14.1267  -58.2897  2.41276  -0.615973  29.9865  -0.75632  4.30727  -3.83837  -2.84771  -79.9977  200.036  4.00574  4.36708  -1.27882  -2.85445  16.4299  -2.94941  -4.32261  -1.90262  4.36785  4.17762  -4.49122  -12.5318  -3.61626  1.30894  7.22389  -8.44093  24.1783  
-0.661385  4.13655  -37.9075  -11.9399  -2.97539  0.454135  -9.12894  1.22953  7.62203  -0.150121  1.02731  20.4258  -12.9522  0.11245  16.4594  -47.43  -5.20881  -1.1757  8.34272  8.4347  11.3578  -3.42793  -0.423249  -49.7017  281.267  5.89496  9.39595  -2.06551  -0.0228326  21.1519  -1.57692  -1.78762  -2.37782  -3.72196  0.809009  -2.76612  -55.8265  -5.34558  0.421632  -0.704272  -12.0118  15.4774  
-0.822477  10.5393  -49.9473  -2.78862  -2.13476  3.28099  -5.70311  5.39607  -4.15424  0.211454  -3.72436  19.9572  -10.4335  -0.131291  19.9955  -18.1328  -5.6486  -1.5709  -7.94686  14.021  19.4894  -3.7762  1.72488  -36.7546  297.839  5.64232  9.0541  -2.79893  1.59168  17.0417  -1.59462  -1.07778  -2.65633  -15.2267  -1.06419  -0.290621  -51.1267  -2.07972  -0.292572  -5.82653  -8.55228  -9.8307  
-0.776182  9.12777  -50.7713  4.5777  -2.9681  1.91449  -1.60559  7.22228  -13.7204  0.275681  -1.15412  -4.12976  9.01763  0.0316778  2.97453  15.2326  -1.33404  -1.06997  -10.4013  11.7626  19.9545  -7.18285  1.33652  -40.3547  268.678  0.635217  11.5779  -2.53532  2.46941  7.08493  -2.51568  -1.86752  -2.38273  -18.485  -0.606471  0.202447  -24.5982  1.52233  -1.30336  -4.51528  -3.70284  -28.2449  
-0.612383  0.506619  -42.6013  0.593834  -6.09734  -2.36882  -0.471245  6.64438  -12.2557  -0.0779454  3.44094  -40.2236  26.7695  0.171334  -10.9252  34.5543  0.495754  0.0138855  -9.43109  5.26758  9.7398  -12.0239  -1.11383  -53.3212  157.524  -4.95403  13.6111  -0.837397  4.08515  -2.60582  -2.18288  -0.913249  -1.30131  -10.884  -0.0706059  -1.35323  -5.62821  1.17678  -2.25681  3.32128  -1.67805  -27.8937  
-0.255329  -9.28787  -32.0257  -5.97525  -8.62635  -5.29149  -0.841641  4.30507  -4.44526  -0.402398  2.12095  -53.9873  25.6874  0.000584788  -7.32264  36.4406  -1.93767  0.768746  -10.3751  1.12175  -4.01515  -11.825  -2.40912  -69.834  -37.4601  -5.94932  4.53923  1.50983  5.16583  -6.29189  -0.180824  1.81455  0.445741  -0.185728  -2.13701  -2.80896  -4.00449  -2.25063  -1.97636  12.5202  -0.828963  -19.0738  
0.455692  -13.6135  -17.1998  -3.70101  -4.90861  -3.98601  0.595981  3.28028  -0.124587  -0.254847  -5.80347  -23.8059  10.5397  -0.0852635  9.89548  29.5267  -3.51555  0.299812  -10.1311  1.45134  -8.45992  -1.60572  -0.241877  -78.3176  -244.609  -3.42728  -8.43459  3.21354  3.35286  -3.20122  1.96635  2.78874  2.17821  5.71769  -3.66648  -2.17935  -8.0669  -4.52214  -0.222516  15.407  2.49642  -14.2734  
1.28767  -10.7535  -0.430536  4.18224  6.43383  -0.0366323  2.94789  1.12851  -0.963274  0.280117  -11.8648  27.4822  1.21698  0.289915  28.1335  20.6935  -0.527624  -0.947235  -5.28304  3.95011  1.46948  14.2186  3.47338  -63.4519  -340.046  -2.1476  -6.79073  3.62387  -1.65956  0.949412  2.58019  1.29255  2.7344  7.17939  1.0093  0.109651  4.06805  -3.11003  1.1061  11.5821  6.72943  -12.7014  
1.55974  -4.67164  9.64415  4.78902  18.4983  2.26579  1.85544  -4.11221  -0.386368  0.618769  -8.81188  50.6379  5.35151  0.680317  35.9813  5.19392  4.12465  -1.24869  -5.45866  7.38477  14.5236  23.7748  4.74447  -33.9434  -295.683  -3.16237  12.6969  3.07241  -5.87119  -0.380584  1.45051  0.584728  1.55002  9.12342  10.9674  2.40181  47.0207  0.361708  -0.234121  9.8543  7.20226  -8.08371  
0.937272  -0.532475  7.17528  -2.88335  22.0461  1.19964  -2.6363  -10.2836  4.59336  0.434683  0.730483  25.0655  12.0685  0.342306  29.2539  -21.9106  5.4007  0.938892  -12.0487  14.3512  15.6278  20.3545  2.4567  -28.9548  -176.975  -2.13325  27.6914  2.12882  -6.364  -5.87383  -0.257155  1.87878  -0.324643  12.9896  17.2828  3.23309  107.111  2.49554  -3.51709  16.1436  2.21863  -1.27555  
0.0285437  1.4357  -0.345327  -5.08699  17.7172  -0.40358  -3.62407  -9.32711  9.78177  0.0258606  7.27923  -15.475  11.1041  -0.533264  13.3262  -52.3613  2.74165  4.41368  -15.949  25.1987  6.48942  10.1462  -0.384326  -85.3523  -54.1853  4.61715  15.7862  1.01405  -4.28764  -6.94176  -1.6471  0.277266  -1.11768  14.979  13.8792  2.94007  132.622  1.68198  -4.88611  22.7531  -3.73816  1.25746  
-0.271813  3.19272  -0.778828  8.39174  13.6725  0.618421  3.5246  2.7388  9.73047  -0.129201  5.64223  -26.1788  4.14612  -0.971533  -1.65974  -70.2863  -0.138002  6.10053  -5.79018  34.0116  -0.248588  4.22473  -0.491545  -185.408  38.4643  14.4447  -15.7163  -0.174577  -2.79087  1.24506  -2.32033  -7.41991  -0.239663  11.8426  4.32593  2.38841  86.8595  -0.948518  -1.83657  18.3354  -4.97969  -1.23854  
0.0761532  4.9475  3.8442  24.3931  11.8158  2.88732  12.5476  16.7455  5.054  0.0038965  -0.170531  -6.83044  -1.34793  -0.612  -7.29967  -63.8065  -0.766336  4.7738  10.806  32.8654  1.54829  4.75163  1.56004  -243.281  98.7638  19.6152  -38.4716  -0.990295  -2.60456  10.9707  -2.22915  -15.1355  1.15592  5.77199  -2.90453  1.85014  6.72939  -2.94894  2.88203  5.40737  -1.69092  -4.10712  
0.301068  3.5466  1.54042  22.3967  6.06952  2.30538  11.8383  17.23  1.11354  0.0230703  -2.91537  4.3301  -1.94243  -0.0815019  -3.59109  -34.6625  -0.249971  1.86948  11.1782  18.0414  4.66301  4.82468  2.37662  -177.25  112.786  14.3353  -32.1579  -0.850676  -1.46103  10.0489  -1.22933  -12.6489  1.45075  1.67096  -4.34063  0.824095  -37.12  -2.68066  3.99948  -1.01111  1.24012  -3.85646  
-0.00639308  -1.4535  -11.7049  -0.394471  -6.06148  -2.1038  -0.532702  3.21549  -0.152386  -0.255259  -0.502805  -10.9488  0.803501  0.117413  5.323  8.69232  -0.074322  -0.92122  -8.32341  -5.87173  3.0418  0.0909011  0.7864  0.175661  84.6485  0.446194  -1.74758  0.10802  1.74397  -3.27145  0.472978  1.00959  0.44836  1.07296  -1.91108  -0.866031  -21.6073  -0.478258  0.313876  4.59357  1.91188  -1.22945  
