0.037861  -4.26283  -0.937063  -6.01708  0.475784  1.10016  -0.0340269  -5.30836  -5.43897  1.93905  1.37837  -2.57988  -3.79399  2.13608  10.0242  0.225641  0.910582  -0.320833  -2.35749  380.205  4.50831  0.224526  7.76192  2.5812  0.742239  20.3553  -0.426158  72.0872  -2.82517  -2.08536  5.36285  3.59434  -2.07142  3.534  -5.31374  0.701633  6.64816  -1.00858  -0.760083  -1.71907  0.0571269  -0.648111  
0.874572  7.81195  -1.63909  11.5337  1.52473  -0.940538  0.78959  8.69611  7.24808  2.38258  -3.36715  9.68339  4.05161  2.35714  -7.6499  -3.33671  0.439163  -2.31024  6.75884  -93.1929  7.50421  1.34135  2.67786  -0.146214  2.6027  33.812  3.03612  -426.118  12.2912  6.61615  -12.7145  -26.9912  -15.4569  -1.83477  4.06884  2.30217  -126.248  -4.22717  -2.98705  27.0767  -3.51897  -4.25562  
1.22543  14.5287  -0.014737  27.4529  1.89769  -1.32835  1.19113  18.1995  12.0816  0.143195  -2.78841  28.4024  5.54962  1.78207  -21.6549  -3.26211  0.607276  -2.1458  10.0977  -278.027  11.8597  1.43639  -3.5962  -1.03875  -0.22864  37.8157  3.28567  -433.24  16.7972  6.69905  -13.9257  -33.5049  -28.2664  -4.55236  10.2801  -0.34183  -154.722  -5.90953  -2.53263  33.9492  -2.1845  -5.12845  
1.06417  16.0906  3.90583  34.7684  1.07008  -0.578249  1.13262  17.4749  8.97001  -4.17294  2.86308  42.6329  2.3116  0.726348  -21.3363  0.465905  1.21812  -1.1653  7.75383  -73.9295  15.3531  0.889731  -7.93631  -0.231649  -7.31715  30.1573  1.45405  -78.4057  13.4737  -0.223584  -1.53708  -18.741  -33.5523  -5.00723  15.0585  -5.11961  -77.617  -7.25622  0.493061  21.6161  2.8058  -4.61755  
0.623958  14.1865  7.50526  26.0185  -0.842535  -0.231047  0.764636  5.84852  3.82121  -7.51984  9.16576  36.7444  0.409364  0.621508  2.28946  4.62829  1.44351  -2.34027  4.90306  337.513  15.4101  0.646199  -6.41833  0.511737  -12.8519  19.2839  0.966868  108.377  10.7003  -5.00453  7.60262  -4.48545  -24.6938  -5.05325  20.1123  -6.11332  18.4872  -10.1879  3.12556  9.62681  5.73707  -4.86419  
0.0121403  6.98619  7.53803  6.3676  -2.67809  -0.537232  0.12592  -8.17882  1.65141  -7.28224  11.4222  15.5858  1.56687  3.05799  40.8062  5.62472  0.918596  -5.76679  5.27194  630.027  16.0097  1.02064  -0.812627  -0.299049  -11.2058  14.558  2.27073  -46.5846  10.3919  -3.8647  4.92081  -3.7298  -9.35819  -4.83528  22.3719  -1.63997  44.9162  -13.259  2.77542  8.20939  2.94609  -5.71845  
-0.685285  -5.74886  3.82685  -9.58502  -3.34521  -0.486759  -0.684644  -13.5663  2.13626  -3.65877  9.05181  0.567414  2.22737  6.65035  62.8132  3.26813  0.223978  -7.77763  7.60132  601.862  18.0961  1.73165  5.24881  -1.78848  -3.24625  14.8216  2.50181  -209.125  5.09644  -1.7703  -1.56896  -8.99978  -6.31328  -3.33484  16.9711  3.87698  -7.64545  -11.0585  0.105007  9.81987  -4.77083  -4.14319  
-1.04668  -15.4977  -0.707737  -14.6127  -2.04172  0.160795  -1.15889  -8.41753  2.55963  0.888833  4.60934  2.74789  -0.829727  7.16725  35.9468  0.716205  0.121017  -5.16511  7.98064  304.978  16.5638  2.54501  8.40848  -2.23006  4.24866  7.56897  0.519837  -68.3571  -8.15502  -3.32542  -0.782682  -8.4838  -17.2101  -1.74523  5.34099  5.80398  -72.0726  -3.02142  -1.55519  4.83923  -10.9396  0.959056  
-0.599507  -11.9273  -2.11669  -13.9297  0.425565  0.373235  -0.733756  1.36875  1.90364  3.63714  -0.294987  10.8359  -5.46639  2.37712  -25.4775  0.353099  0.57441  0.467884  4.13444  6.90705  4.53171  3.00156  10.7553  -1.55724  6.35111  -11.2222  -0.970406  202.948  -18.1774  -5.72711  6.96943  -1.85538  -19.0173  -2.07245  -3.44715  4.63658  -82.2466  3.7885  0.100732  -4.07724  -12.1213  6.51568  
0.471483  2.09822  0.125737  -14.3061  2.62002  0.00767752  0.41175  7.77381  0.0386332  3.26685  -4.55427  10.2158  -7.14473  -4.70311  -69.9453  0.900536  1.02301  4.34213  -1.71433  -103.97  -11.5847  2.58595  14.5008  -1.67212  4.82668  -25.4177  0.609368  229.207  -15.6917  -3.18341  11.2095  3.00668  12.1824  -3.55691  -2.48006  3.98407  -34.0081  2.61696  2.9755  -7.67821  -8.56273  8.03499  
1.25545  10.4292  2.94444  -12.3823  2.97083  0.160291  1.29558  9.62038  -1.6511  0.843403  -7.59025  1.65236  -5.43518  -7.98745  -53.9527  -0.155297  1.30863  3.67942  -5.5613  -107.824  -20.7892  1.42426  20.0134  -3.30928  4.25553  -17.3906  3.17492  -4.17516  -5.15259  3.37552  5.4722  2.20757  60.4861  -3.4  4.45964  5.25894  27.5402  -2.20951  2.25292  -3.45943  -2.40718  4.89608  
0.991758  3.41992  3.16689  -1.8986  1.74143  1.27665  1.06162  7.98834  -0.915207  -1.32154  -8.0309  -4.02261  -3.54201  -3.90917  3.72394  -2.69503  2.01069  0.313791  -5.14191  -164.503  -20.0031  0.547482  23.1674  -4.40207  3.95516  5.2517  2.65578  -174.112  1.16028  6.17545  -5.78031  -0.312581  80.1887  -1.13743  7.4988  6.10548  55.0383  -0.115734  -2.64681  2.05654  4.2566  0.297703  
-0.0568114  -8.54289  0.660789  10.6646  0.330679  1.9973  -0.0365287  2.94397  2.35078  -2.19057  -6.31342  -2.32171  -4.36878  4.55855  44.8155  -3.76111  3.02855  -1.7695  -2.5261  -284.317  -17.4462  0.59053  16.5512  -2.59692  -0.608186  14.1901  -1.58886  -78.0496  -0.567958  1.09429  -11.8288  0.302501  48.381  0.755509  2.78456  3.65705  32.3042  10.1401  -5.95413  2.85724  8.6279  -2.95755  
-0.821303  -8.635  -1.41411  12.8966  0.129158  0.796542  -0.84532  -4.07192  3.57192  -2.65768  -5.066  0.964722  -5.46603  11.6848  40.2219  -1.90421  3.02538  -0.451607  -1.01609  -306.783  -17.7581  0.269572  -0.850653  1.41904  -8.77054  -4.35225  -5.62143  111.208  -1.84063  -7.41055  -6.97942  2.97584  -3.02007  0.698885  -5.26697  -1.30618  -15.5925  15.949  -2.18711  -0.0792244  5.8443  -4.33508  
-0.524357  4.39689  -0.48535  3.54232  0.974154  -1.57916  -0.5075  -8.06017  -1.68101  -3.64943  -5.26239  0.99756  -3.37608  13.2266  10.1195  0.884306  1.15419  2.44998  -1.68193  -136.284  -14.1278  -1.34271  -18.4432  5.04397  -12.7406  -34.7766  -5.7457  151.908  3.53474  -10.7537  3.98147  3.7469  -25.8118  0.906827  -11.4845  -5.34308  -44.5586  7.11903  5.64705  -2.27466  -3.29836  -3.31157  
0.506033  13.3683  3.64325  -4.05445  1.45338  -2.87823  0.625014  -6.52383  -11.3409  -4.20878  -4.40565  -0.165935  0.915741  10.1418  -8.6042  1.65409  -1.28581  3.65051  -2.67728  114.819  -1.22459  -2.95721  -21.7186  7.18432  -7.05425  -51.7695  -2.63651  48.2858  10.9934  -5.95176  11.127  1.20576  -12.9914  3.73208  -14.323  -5.98255  -31.0777  -10.5324  8.54124  -2.58032  -10.3727  0.252957  
1.16307  5.66478  7.90099  1.74699  0.751678  -2.1622  1.323  -2.19416  -15.8416  -2.44595  0.931991  1.1777  0.785583  5.40269  -9.23781  -0.168867  -1.88674  1.86996  -2.31464  254.205  13.0989  -1.92854  -9.27358  8.30177  2.02097  -50.6178  0.193012  -9.90498  11.808  3.53868  10.9303  -2.65382  2.34571  7.64116  -12.1077  -4.31284  9.70937  -18.9374  2.63912  -3.51703  -6.80756  3.51582  
0.700866  -9.23781  9.04335  11.8371  -1.0233  -0.774861  0.773634  0.292757  -9.08052  1.72337  8.65076  3.89276  -5.70271  1.06952  -6.11262  -2.52949  -0.261091  -1.1897  -1.39094  208.643  16.4707  1.25465  1.24357  8.30575  3.59345  -44.6087  0.463368  54.2442  4.06163  10.4997  7.81106  -5.83239  -3.22911  9.01508  -4.47252  -3.16733  27.0759  -9.95221  -5.82466  -6.09485  3.91709  1.88244  
-0.555049  -12.5319  6.17374  9.22775  -2.74979  -0.135225  -0.640144  1.54707  3.1066  5.65314  11.3434  4.81016  -11.2608  -2.83818  -3.30036  -3.01165  1.28671  -2.73687  -0.860398  155.757  9.90444  3.3604  -3.08697  6.03392  -4.93325  -43.7666  -1.00793  129.158  -5.42812  9.59351  6.99168  -7.98401  -16.6195  6.53041  4.6507  -3.64104  -3.6809  4.92824  -8.70672  -7.48369  10.3063  -4.66852  
-1.42497  -0.826608  1.67806  -6.73208  -2.93406  0.119252  -1.61416  4.3992  9.77716  6.79745  5.63169  3.38564  -7.31125  -6.39955  2.84584  -0.450132  0.745095  -1.45068  -0.292496  292.691  6.10942  2.53865  -12.9686  1.75453  -12.0811  -44.8005  -2.35169  91.3648  -9.96602  1.57911  7.00359  -8.84638  -15.7767  2.61182  7.05549  -3.48888  -51.7664  7.95596  -5.25151  -5.41229  5.4955  -10.1196  
-0.971418  9.27546  -1.25678  -18.2599  -0.783508  0.908709  -1.16242  7.10356  7.07987  5.53739  -2.96469  2.42714  3.06428  -9.38247  12.8213  4.17067  -0.918041  1.9068  1.8816  556.364  9.3035  0.813913  -10.3199  -1.48015  -7.70161  -40.2245  -2.0639  -60.7929  -8.46776  -6.9876  4.32246  -6.93658  -3.32755  0.70241  2.12707  -0.674311  -55.0723  -4.46829  -0.089898  -2.03809  -3.68292  -8.76846  
0.659547  4.23106  -1.51786  -12.021  3.19264  2.29741  0.491545  3.9233  1.94591  5.05749  -5.94715  3.8054  7.86252  -10.8776  13.6817  7.6823  -1.20608  5.02594  5.2734  698.617  8.94161  1.27503  3.58248  -1.19091  6.00116  -27.6449  0.0667244  -207.539  -3.59626  -8.30637  -0.287691  -1.71119  2.93801  1.10785  -1.98803  3.16709  -2.1294  -16.6804  4.45162  -0.334516  -4.67996  -2.5912  
2.24585  -8.22996  -0.815742  2.96058  6.46874  3.72933  2.02945  -4.10923  2.0357  7.23715  -1.29306  5.5508  1.69114  -9.10742  0.624615  7.18196  0.476823  5.65542  7.68655  506.215  -4.91648  3.2376  10.8214  1.53567  16.731  -12.3779  2.61529  -213.507  0.264707  -1.36605  -3.31462  4.05944  -1.0884  1.56353  1.77277  4.5945  55.8566  -13.7197  8.81882  1.41548  3.08561  1.71773  
2.48326  -9.95059  -1.30327  10.5985  6.54734  4.66543  2.17178  -8.31001  5.74349  9.71943  4.08581  5.20402  -6.30851  -4.40647  -17.4074  2.92549  2.3833  2.69749  6.76717  61.4996  -22.3059  2.87909  2.55708  3.23836  15.4013  -1.23747  3.35944  -94.2  0.740729  6.47425  -4.20542  6.61962  -1.37908  0.457796  8.54344  2.35915  58.3706  0.163131  10.7961  7.43104  9.55507  3.00557  
1.04585  2.36944  -3.63148  6.9355  3.69277  4.58984  0.728917  -4.57475  5.22038  7.88836  2.62958  3.07555  -7.25382  -0.0235982  -24.1447  -1.45144  2.76621  -2.46765  2.86538  -345.984  -25.2967  -0.775916  -7.09851  1.64281  3.574  3.32942  1.31926  -1.9323  -1.33731  7.47329  -5.22913  5.8389  8.46957  -1.83919  9.04086  -0.490198  7.38787  6.3425  6.36826  15.7029  5.6269  5.19827  
-1.0847  12.3087  -5.38043  1.59698  0.525139  2.73767  -1.25527  0.439517  -2.43132  1.20009  -4.30272  1.5903  -4.78596  0.270394  -16.6221  -2.98575  1.74342  -6.82508  -1.84056  -476.585  -11.2794  -4.22588  -3.81882  -1.65508  -8.14927  4.84152  -1.42299  -141.375  -2.70277  1.829  -5.99759  4.349  18.9594  -3.34182  2.17643  -0.152823  -37.8434  -1.61027  -3.06874  17.5223  -4.05624  9.42546  
-2.40202  6.53226  -4.34681  1.12205  -1.58489  -0.771208  -2.38221  -0.929175  -10.9305  -4.35273  -9.28259  1.79656  -8.15686  -1.67605  -7.00455  -2.43684  0.263016  -7.4298  -5.3353  -366.281  3.4271  -3.79594  6.2075  -3.71375  -9.97349  9.25712  -1.93503  -425.526  -0.664033  -3.20437  -3.6805  3.89774  17.2553  -3.08881  -6.40042  2.36977  -39.6366  -9.92511  -9.50568  9.4843  -8.04435  10.1986  
-2.10357  -8.61463  -0.956247  0.694407  -3.63436  -3.81139  -2.03214  -6.2524  -10.8632  -1.8487  -7.40624  2.02213  -14.6885  1.15087  -1.06786  -2.20913  -1.17632  -3.97809  -7.2631  -186.827  4.87385  -0.575555  6.72363  -3.25786  0.172329  19.027  -0.137411  -436.313  3.96779  -3.02343  1.88509  3.65201  4.1864  -1.8333  -12.2007  2.63182  -11.356  -3.01906  -7.67697  0.00739081  -2.77171  3.65393  
-0.740116  -15.1089  1.26087  -3.93529  -6.02461  -4.12446  -0.781768  -5.29156  -2.41796  7.49903  -2.04722  0.751226  -12.8122  12.3029  4.2208  -2.93511  -2.24387  -0.0559594  -8.32436  -40.3372  -1.67493  1.51219  -2.58542  -1.08159  13.9177  26.318  1.26224  163.082  7.27039  0.378713  5.68838  2.64051  -9.95306  -0.663154  -13.0187  -1.93258  7.6558  11.3621  -2.02957  -0.725477  4.25741  -5.49608  
0.430137  -6.48314  0.489739  -7.47832  -6.42265  -1.99384  0.269119  2.38361  5.07522  14.313  0.192022  -0.876368  1.04927  23.5083  9.82102  -1.96415  -2.26509  0.343722  -8.71407  75.6734  -2.45451  0.826637  -4.98309  1.05223  18.7389  22.4791  0.618781  1068.2  8.31545  2.93096  4.99487  1.31837  -17.1803  0.354105  -7.48402  -7.48789  9.48256  13.4027  -0.367224  5.50553  3.8291  -9.65319  
0.656102  5.87857  -0.977295  -4.56354  -2.70034  -0.16279  0.507645  6.54441  3.18941  10.8747  -2.37094  -0.630752  15.6011  21.0043  13.8121  1.24147  -0.907632  -2.66688  -7.18183  159.595  4.58275  -0.567765  4.45746  2.58728  8.07162  11.066  -0.434003  1492.11  9.31475  3.74387  3.86625  -0.267796  -17.2788  2.2347  2.55616  -8.00907  11.2323  -0.461299  -2.62399  8.13382  -1.73697  -6.69975  
0.265557  8.25717  0.878358  -0.937569  3.62396  -0.278283  0.217766  0.538878  -5.21817  -0.0484266  -5.9878  1.85591  18.3073  1.14378  15.5681  3.76116  1.59873  -4.85247  -2.14627  147.957  7.49319  -0.0305904  11.9599  3.37264  -10.5749  1.40213  0.314647  943.168  10.9093  3.88782  6.79329  -2.09574  -14.2885  4.69131  7.98183  -2.4575  17.4997  -12.1425  -2.40521  3.0756  -4.18157  -1.67759  
0.109852  0.663554  5.79671  -3.30947  7.47825  -1.05872  0.123439  -7.62243  -10.2823  -9.1669  -6.10821  4.155  9.70719  -21.6307  16.3652  2.37875  5.00063  -2.51464  4.73267  66.3549  -1.85621  1.70806  6.30307  3.25123  -21.7971  -1.53356  1.95679  -168.752  10.5716  2.92533  11.3645  -2.33244  -10.9414  6.30176  2.02456  3.83286  7.96715  -5.57349  2.72842  -1.83776  -0.218569  0.430732  
0.54705  -6.42277  8.39738  -7.67079  6.39369  -0.324309  0.54067  -6.09104  -5.74063  -11.3581  -2.86859  5.05028  -0.492363  -29.6913  20.3947  -1.8607  8.97805  2.69241  9.70074  28.3957  -15.238  2.30335  -5.46852  2.33591  -16.6226  0.361165  1.84502  -971.695  4.70262  -0.324108  10.9473  0.733324  -8.19903  6.55746  -7.36218  6.1715  -27.5538  10.4669  7.27798  1.36232  4.49234  0.304141  
1.0783  -5.78139  4.74075  -2.80518  2.6551  1.86709  1.04579  2.38234  2.50812  -9.18975  0.264414  4.71872  -5.74644  -21.0902  23.4343  -4.40594  11.6699  5.60829  9.36256  79.663  -17.8999  1.22074  -7.42838  0.826289  -2.47842  0.26955  -0.488688  -996.863  -4.31791  -4.28602  3.87416  5.66042  -3.87084  6.45951  -7.0675  5.75562  -57.935  17.409  6.15509  8.99178  3.98093  -0.688352  
0.943735  -0.0414994  -2.04306  9.97471  0.0779075  3.0572  0.945247  5.1445  4.65507  -7.40572  1.35042  4.31039  -5.8977  -9.78476  22.0147  -2.48156  9.94664  3.5975  4.87144  112.54  -4.85353  0.17332  0.783157  -1.11661  6.42036  -0.24021  -2.69487  -524.386  -10.692  -5.41188  -4.63915  7.62604  2.99263  6.01919  2.89601  5.86167  -54.6531  10.1719  2.34961  10.5114  -0.328829  -2.07259  
0.039057  3.65142  -5.79221  16.3355  -0.592928  2.1521  0.115597  -2.09315  -1.5338  -6.69112  0.493624  3.50215  -4.18728  -8.31683  20.4975  2.43746  3.02181  -0.891114  0.792936  19.8851  12.5254  0.221613  7.88604  -3.0974  5.03435  -1.99001  -2.51498  -124.429  -11.2938  -3.20861  -8.21908  4.09445  9.07351  3.76655  8.99353  5.77465  -24.9775  0.476043  1.51722  2.4329  -3.23422  -3.02852  
-0.954114  3.48203  -4.62717  7.4615  -1.06634  0.310407  -0.823285  -8.43037  -6.74071  -5.18833  0.491819  1.62373  -3.43044  -13.9652  20.2295  6.13091  -4.72661  -3.65236  0.111269  -137.7  19.696  0.798959  7.90513  -3.83866  2.27576  -4.1232  -0.606038  -31.8367  -7.47667  -1.57963  -6.11422  -3.04614  9.5217  -0.66267  3.77468  2.21168  -14.5274  -2.33964  3.34809  -7.06267  -3.27515  -2.36896  
-1.27415  1.78748  -2.37798  -9.31636  -2.51143  -0.592241  -1.14478  -2.98361  -2.58105  -2.49245  3.95187  -0.492468  -6.57938  -15.0187  18.5643  6.08232  -7.09676  -3.74207  1.56765  -160.606  11.2134  1.02303  5.57147  -1.51087  7.49988  -9.80023  0.846673  -68.4083  -4.29294  -3.69012  -0.720065  -9.74138  6.03252  -4.47239  -3.36119  -4.32623  -33.8164  -1.63649  2.49258  -8.45175  -1.94694  -0.410319  
-0.861805  0.919541  -1.64672  -17.691  -3.76606  -0.49813  -0.800216  9.03647  6.39987  -0.157914  10.7645  -0.734585  -12.9354  -6.19468  7.99272  2.96385  -2.9754  -2.78001  2.04896  -45.9091  -3.42551  1.69432  4.5747  3.95988  17.249  -15.4552  0.810671  32.7484  -2.58379  -6.22169  4.61711  -13.7122  5.54903  -4.27808  -3.08515  -8.86672  -41.8919  -3.31372  -2.55042  -2.22144  -0.647961  0.619549  
-0.27934  -0.94979  -0.338886  -13.2135  -3.48013  -0.358312  -0.308734  13.1869  9.05625  0.945828  17.9589  1.71005  -17.0806  6.08007  -13.1328  -1.48056  2.07919  -2.06178  0.313498  14.2406  -10.7703  3.32129  2.30032  9.39812  18.8651  -15.1395  -0.471942  314.3  -1.84568  -3.75672  7.24865  -14.1415  8.58167  -0.697364  -0.580896  -8.14351  -3.92828  -5.07316  -7.00849  2.98752  1.25646  -0.222037  
0.0378561  -4.7841  2.8173  -3.59563  -1.8714  -0.383458  -0.0423446  5.35857  2.21836  1.87718  20.8186  4.64036  -13.5909  13.1934  -28.29  -4.45363  2.58699  -1.23079  -1.63063  -158.528  -8.48595  4.45775  -2.76718  11.0572  7.02738  -5.85536  -1.83232  558.463  0.580259  2.87796  5.78627  -10.4756  7.91681  1.6355  -4.078  -4.63318  51.6241  -3.14979  -6.79079  1.55646  1.81226  -0.709502  
0.217211  -7.54032  4.35394  1.39713  0.209801  -0.246621  0.165755  -4.58803  -4.0787  3.37462  16.8939  5.14711  -4.05055  12.6327  -30.0024  -3.98745  -0.461145  -0.101625  -1.79972  -440.064  -6.59835  3.12834  -5.76659  8.55702  -8.64793  4.07123  -2.08933  521.132  2.42236  6.55759  2.28113  -2.91385  -0.0376443  -0.186266  -9.48259  -2.20715  70.9936  0.0928932  -4.02829  -3.25602  -0.600545  1.73204  
0.597735  -5.18913  1.44424  1.31752  2.11635  -0.157111  0.612615  -5.41417  -1.14233  4.53929  7.96703  3.24456  4.83181  7.83024  -19.5365  -0.0530343  -1.93235  0.548992  -0.332597  -515.505  -13.4884  0.225581  -0.986208  4.91338  -14.2509  2.76462  -0.785592  179.12  2.41553  2.51201  0.855584  5.49715  -7.29062  -3.52825  -5.37993  -0.75408  42.974  -0.364426  -3.09694  -5.03225  -3.3986  6.05927  
1.22199  0.738688  -2.36996  1.74266  3.07977  -0.640232  1.27218  1.67941  6.77145  4.31041  -1.73979  1.42758  9.09575  3.76411  -7.19027  3.88403  0.0920071  0.640877  1.87026  -217.898  -20.4916  -0.925416  7.65165  2.38518  -7.38401  -9.61555  1.4541  -205.676  0.485174  -4.39055  2.93199  10.4371  -6.73123  -3.67836  5.39565  2.11024  9.525  -3.69396  -4.07871  -2.71905  -2.14437  8.87456  
1.74826  4.0069  0.0695857  5.41938  2.53746  -0.82262  1.78605  6.10026  8.20564  3.08392  -7.33154  1.11824  10.1004  2.59583  1.48253  4.02278  2.30239  0.808109  3.57545  284.514  -12.3213  0.853844  12.5759  0.00511726  1.43098  -15.6799  3.50262  -328.456  0.516213  -5.55147  4.93923  10.2837  -3.6074  -0.521185  8.09009  6.17618  3.08965  -3.04091  -3.49623  -0.66162  3.55804  8.68352  
1.87387  2.22962  7.70996  10.4061  1.16701  0.96313  1.88251  0.475408  0.818351  2.33006  -8.18366  1.43178  10.2989  2.97557  7.68957  1.0447  2.07582  1.47073  3.9457  612.015  9.38282  2.20652  9.41188  -3.14967  2.78886  -1.10413  4.35821  -166.073  5.17743  0.824421  1.62091  6.63042  -6.56277  1.79017  -2.78734  8.25454  6.86222  3.65114  -0.0885962  -1.92878  8.89331  7.4526  
1.55277  -0.412609  11.7557  12.798  0.593194  3.82878  1.54761  -9.27363  -6.26831  1.8858  -6.68233  0.707284  8.82132  1.47021  9.3947  -0.127347  1.84225  1.91245  2.04045  564.919  23.472  0.00275234  2.67639  -5.60955  -0.0871352  20.5186  3.67705  54.1225  10.2254  7.68556  -6.27825  2.19415  -13.4545  1.12939  -12.4477  6.51022  4.4033  11.0854  3.31917  -4.74595  8.73772  6.82948  
0.896129  0.510705  6.35263  11.6832  1.59894  4.49197  0.904164  -12.6916  -6.40656  0.211243  -7.14934  -0.272987  4.19693  -3.10359  -1.74561  3.02175  4.74435  1.3477  -1.87416  250.599  14.132  -4.23861  -2.70985  -5.43628  2.35388  20.7265  1.791  151.704  9.93068  7.09186  -13.4816  -1.84154  -15.224  0.679115  -7.92291  2.2127  10.8404  13.3664  3.8655  -6.03896  3.451  6.2625  
0.0864976  3.58033  -2.57338  9.84096  2.61003  1.54887  0.140739  -6.49656  -2.8793  -2.6385  -10.2654  0.574384  -1.90766  -7.68663  -24.4398  6.4104  7.90213  0.0953079  -5.60109  -47.2017  -8.26731  -5.84448  -1.45873  -3.6563  10.402  -8.93933  -0.135709  176.334  2.77537  -0.686976  -15.7729  -5.04396  -14.241  3.50209  4.60194  -2.23487  42.5332  9.65553  2.32653  -5.21777  -2.47636  3.0469  
-0.678372  3.867  -6.26144  8.69142  1.30512  -1.8784  -0.535753  1.15893  -3.32296  -4.05191  -12.3372  3.43602  -5.70723  -6.99367  -47.1671  4.08702  4.91965  -1.41076  -7.18055  -232.148  -20.6733  -3.70435  5.25535  -3.03669  12.4778  -40.3544  -0.898673  210.565  -5.61038  -8.18303  -12.2579  -6.55742  -18.9346  6.71804  7.43266  -5.65448  66.443  1.53405  1.13515  -3.66191  -6.46066  -2.57082  
-1.23912  1.00688  -4.39978  4.10269  -1.92085  -1.6594  -1.03597  1.38701  -7.83128  -1.87121  -10.1002  5.7294  -4.5799  -0.962837  -52.1302  -3.50792  -4.29524  -2.88259  -6.78725  -372.455  -14.4516  -1.06068  9.74844  -3.902  1.00324  -42.7039  -0.220545  171.501  -7.66868  -9.17315  -3.79217  -5.67633  -23.7587  4.48886  -3.0623  -7.31734  43.7883  -7.99228  1.0783  -1.99953  -7.92309  -8.12081  
-1.47963  -0.234005  -3.24127  -3.71459  -4.16527  1.48983  -1.34232  -5.1859  -10.8724  2.2235  -5.25438  4.7988  -0.187055  4.93849  -33.1114  -8.89011  -10.7267  -4.01496  -6.52392  -508.309  -3.52694  -0.623914  4.90702  -3.14418  -14.2675  -22.0779  0.147723  -49.3621  -3.61627  -4.33559  7.44333  -2.4114  -11.0763  -3.07607  -12.2522  -5.52596  -7.8191  -14.2677  1.17925  -0.451557  -7.20086  -10.3871  
-1.31872  1.1034  -4.83062  -6.34937  -3.26971  3.0868  -1.36015  -8.94937  -8.88504  4.00235  -3.61839  1.68629  2.74294  7.3163  -1.73272  -6.7543  -7.18561  -4.34547  -6.03185  -556.274  -3.13416  -1.05225  -5.04087  1.03214  -16.6672  -8.34301  -1.37879  -320.777  1.7231  0.628083  15.9062  1.7819  19.6347  -8.57311  -7.80275  -0.46824  -34.6883  -11.5217  0.806752  0.155984  -5.71418  -8.62212  
-0.777193  0.586936  -5.24354  2.19442  -0.615388  0.860052  -0.949956  -3.83047  -3.41538  1.70087  -6.77627  0.148105  1.29595  8.52347  29.248  -0.324368  1.45389  -3.85889  -3.55806  -414.875  -8.59164  -0.406577  -3.59031  5.78938  -4.29242  -12.3112  -3.43146  -394.593  3.47051  0.755492  15.395  4.46932  43.5843  -6.37506  4.41173  5.0185  -9.06103  -0.825457  0.498705  -0.420545  -3.12744  -5.18738  
-0.188689  -3.16894  -1.81718  10.9051  0.981943  -2.62378  -0.33742  4.91069  1.41507  -1.55693  -9.35996  2.14487  -3.20765  11.8715  53.2453  2.79265  4.64962  -3.09352  1.12937  -148.077  -7.45085  0.407588  15.0972  6.58092  8.06812  -15.6281  -3.03966  -206.835  1.19802  -2.725  7.7893  4.33638  41.2801  0.356743  9.29717  6.86103  25.2438  8.25678  0.891383  -0.950074  0.795394  -3.51812  
0.032376  -5.7427  1.7061  4.46574  0.63986  -3.80896  -0.0397178  7.54978  3.21393  -2.17746  -6.04302  5.33287  -5.55986  15.4264  63.4731  0.701063  0.464515  -2.14046  4.58244  60.4875  3.56433  -0.140597  31.9115  3.16865  8.10341  -2.22397  0.646434  30.0115  -4.93985  -3.8152  3.84947  2.63074  24.068  4.52797  2.59596  5.026  13.1652  7.62393  1.67884  -0.337268  5.54717  -4.33616  
-0.074162  -2.00048  1.52777  -11.0248  -0.312028  -2.41946  -0.208977  2.82231  1.98655  0.298133  0.439485  5.23262  -2.54699  13.4887  51.6893  -1.98613  -2.81325  0.254899  4.30527  80.6584  14.3278  -0.615969  20.3522  0.612701  1.9455  16.2608  4.28204  131.891  -10.433  1.44274  9.73972  2.25398  13.1049  3.85259  -5.11142  3.34525  -37.8592  1.36376  2.41366  0.503743  7.94146  -4.79655  
-0.0544545  4.58712  -0.554491  -11.9556  0.183826  -0.621292  -0.405457  -1.63463  -1.14356  2.921  3.6781  2.02662  3.86079  5.14435  23.7722  -0.702122  -0.0906001  4.35892  1.79474  -52.8235  16.4903  1.28997  -17.7036  3.30157  1.69098  20.9267  4.33824  155.001  -10.344  9.21293  16.9242  4.52472  9.96749  2.48624  -4.63315  4.98314  -84.7813  0.416626  2.79593  0.0762111  5.05247  -1.64309  
0.382804  6.57618  -1.66175  10.7984  2.08009  0.345673  -0.115838  0.927089  -3.69902  3.28637  3.70858  0.179064  8.18228  -2.25191  -1.64517  2.96926  2.95676  8.13184  0.525396  -216.009  9.79007  3.96343  -43.335  9.44848  6.61313  12.1645  1.69677  224.567  -2.85154  11.3921  12.301  7.2838  4.0249  3.36716  0.530458  7.65142  -93.6972  7.6293  2.54204  -1.09031  -1.70313  3.88511  
0.873529  2.38696  -2.11732  31.8919  3.76271  0.730803  0.48403  7.04067  -4.66263  1.79142  8.32393  2.26011  7.46016  -2.88182  -4.96073  4.8434  -0.454134  8.57072  0.681515  -302.174  -1.41018  3.44622  -24.1882  12.753  5.71522  2.18782  0.324303  255.798  6.19044  4.57013  -2.68817  6.63916  1.25471  4.13201  1.55323  6.85984  -63.4331  12.4815  1.34538  -1.44253  -6.87832  7.44469  
0.934629  -2.39184  -3.71552  24.2124  3.22395  0.923742  0.840258  6.88418  -4.14066  0.230214  20.4445  5.49899  3.79496  1.35502  7.72711  3.11758  -6.96334  5.34288  0.251119  -246.132  -14.6031  -0.358378  24.4058  9.45939  -3.24275  -3.50249  1.98248  90.2769  8.44202  -5.019  -12.8295  3.77222  17.9559  2.22745  -2.04465  2.32946  -16.1119  6.52917  -0.658494  -1.41926  -6.68798  6.13308  
0.612926  -3.18089  -4.66227  -6.01224  0.153922  0.875731  0.773612  -1.8938  -3.24634  -0.191904  30.4309  5.25943  1.22221  3.9765  11.5357  0.366077  -8.87368  0.89686  -1.17147  -36.9786  -24.6167  -3.26517  50.0727  2.2645  -9.26653  -11.3069  3.75247  -213.76  3.19275  -7.56572  -8.44807  3.84855  46.5532  -0.583544  -2.60091  -1.58055  21.8277  -3.74465  -2.58883  -3.04635  -3.12054  2.41896  
0.261943  -1.60929  -1.7372  -26.8463  -3.50175  0.654333  0.49707  -10.0244  -2.17165  0.430231  25.1547  2.75423  1.98259  1.76343  -11.3061  -0.84409  -6.40779  -1.86272  -0.861507  218.454  -23.348  -2.40361  23.4614  -3.04283  -3.94816  -19.8393  2.28443  -375.245  -4.05856  -0.997516  0.770074  7.9715  55.26  -1.00506  3.21603  -1.294  29.8481  -5.24568  -3.53649  -6.19031  -0.308563  0.582067  
-0.150092  -0.325985  3.20617  -22.9324  -5.1376  -0.240467  0.0557861  -8.17861  0.134232  0.799996  4.75063  3.42166  4.18408  -3.18256  -44.203  -0.332482  -6.46794  -2.5737  1.25269  345.081  -8.92605  -0.0939535  -27.8685  -4.27954  5.51354  -18.6509  -1.78942  -242.128  -8.13975  7.50261  0.114736  9.26355  29.341  -0.0552782  8.23386  0.767182  15.737  1.66551  -3.50016  -7.65481  1.30016  1.5646  
-0.863604  0.503982  4.79585  -11.3559  -3.86847  -2.34701  -0.674021  0.888387  3.36315  0.12415  -14.4596  10.4011  4.8893  -8.01263  -45.1196  0.0577964  -9.8826  -2.38935  1.59843  292.102  8.07366  0.267178  -48.1723  -3.70983  8.10384  -7.27539  -4.78414  28.9991  -8.52901  8.57681  -9.93825  0.61737  -6.09386  -1.0688  5.5918  -0.109799  7.8244  4.09954  -3.03246  -5.01715  3.48697  1.99527  
-1.61485  1.38859  1.21106  -11.4095  -1.7769  -5.00334  -1.41213  4.54705  6.0475  -1.31616  -17.4663  20.4116  2.74606  -11.3007  -3.50148  -0.700746  -9.05551  -1.9067  -1.99281  181.951  12.1803  -0.781367  -16.7282  -4.45829  3.68025  3.5972  -4.39546  154.941  -6.61084  0.571501  -15.8486  -13.9729  -18.1271  -3.319  -0.961471  -4.96259  23.6768  -2.53471  -2.37249  -0.0553633  6.49096  -0.427418  
-1.63533  0.99176  -2.58913  -19.0954  -1.21827  -5.88246  -1.45836  -2.79478  6.5369  -2.12561  -5.73009  25.3847  -0.866642  -12.2427  44.1408  -1.94827  -0.266952  -0.537044  -5.71601  182.455  2.27872  -0.545818  30.8299  -6.2457  1.54035  8.7105  -2.22339  40.2852  -2.14827  -9.44374  -9.84128  -22.0748  -7.61399  -2.24769  -3.22027  -9.95214  49.9323  -6.96053  -1.23514  3.43639  7.67218  -3.4589  
-0.683021  -1.53488  -2.04797  -17.1127  -1.89725  -3.26193  -0.582712  -11.1455  4.37793  -1.54994  5.75411  18.0056  -3.41443  -10.4726  48.3084  -2.45066  9.19091  1.54736  -4.77263  300.162  -7.06766  0.329599  45.1024  -6.89781  4.77325  15.7704  -0.685874  -156.865  3.4703  -12.3588  0.806285  -16.1513  -0.956956  2.79994  0.0802093  -11.1634  48.3078  0.871777  0.0109979  3.84335  5.28127  -3.79212  
0.485526  -3.73963  1.78439  -1.26411  -1.1318  1.05547  0.524958  -7.43309  1.02109  -0.112101  4.97651  -3.66917  -4.21549  -5.4671  5.88928  -1.45725  10.4631  2.02022  0.0474155  329.396  -5.1257  -0.854967  16.3561  -5.91947  6.01059  24.4266  -0.141257  -217.075  5.98188  -5.16428  6.9851  -1.90756  -12.9654  6.11034  2.75862  -8.16497  18.0586  12.5944  0.391805  2.88993  1.66193  -1.31143  
0.976765  -3.14177  4.49778  12.8131  2.12307  3.46783  1.01098  9.03879  -0.637129  0.970145  -4.71434  -31.198  -4.0899  1.61678  -27.3477  0.116124  4.48561  -0.795217  3.12509  114.294  4.06222  -3.80445  -17.5993  -4.26802  -1.20456  19.6561  0.715223  -67.3367  3.77705  5.93272  8.50472  8.99724  -29.0917  3.45974  1.14585  -2.95618  -3.88848  11.0773  -0.130125  2.64486  -0.719866  1.12308  
0.769108  -1.34664  4.77726  11.7985  5.74476  2.3902  0.802471  23.7622  2.05779  1.41375  -11.3616  -48.9946  -3.91178  8.73014  -9.40221  1.20138  -0.660647  -4.80371  1.61395  -209.879  7.941  -4.64249  -18.8953  -3.03784  -12.5703  -5.50529  2.11909  143.018  2.17952  10.6142  9.59731  10.2882  -30.7094  -1.4332  0.546364  2.05543  6.54866  -5.72848  0.481225  3.17866  -1.24855  1.48018  
0.49742  -1.25303  4.46682  0.00216147  6.75716  -0.0945568  0.475978  23.2281  8.00465  1.64384  -6.61652  -45.1251  -3.25006  13.3184  32.8318  1.2765  -0.440559  -5.24768  -1.28823  -315.844  3.25995  -1.12512  7.29018  -2.95127  -17.2822  -28.663  2.58491  179.649  4.09038  4.2943  9.28177  4.97158  -17.2101  -2.35711  3.49992  5.25766  27.6642  -19.5678  3.20267  2.99549  -0.320892  0.167569  
0.38894  -2.61693  3.33515  -8.20068  4.3859  -1.42491  0.301678  9.15889  12.8576  1.83347  5.26573  -23.6601  -1.10847  13.8896  38.7792  0.906901  2.5999  -0.954761  -1.79634  -106.985  -3.26966  3.59609  22.7962  -4.47102  -10.1727  -22.9955  0.729648  3.528  6.63574  -6.29582  2.24725  -0.598096  -2.0995  0.25245  3.58113  5.64468  22.0849  -15.2197  5.37582  1.37838  1.13137  -0.521891  
-0.0123124  -2.28511  -0.558051  -5.67822  0.48579  -1.69553  -0.0831266  -4.40918  11.5056  1.63422  11.7316  -1.19887  2.61663  9.9443  -7.71905  0.902837  4.15954  3.386  -0.98771  201.211  -6.05324  4.80549  4.99104  -6.79495  3.25672  -0.0941992  -2.44307  -194.355  3.27585  -8.92286  -10.455  -2.41387  6.00234  0.178674  -3.77029  3.80326  -17.8059  0.867662  2.90973  -1.29813  1.49316  -0.0724866  
-0.915104  1.0924  -6.15934  -0.403723  -2.80255  -2.45665  -0.887972  -7.70667  4.18714  0.946635  5.51351  8.78298  6.36396  3.64416  -52.7902  1.30137  2.72095  2.91619  -1.25173  278.222  -9.17886  1.37164  -25.9771  -7.05994  12.087  0.874665  -4.14246  -144.523  -3.75824  0.264977  -18.9557  -0.833534  7.16798  -4.06851  -12.0341  1.53578  -42.7602  10.4929  -3.56586  -3.79042  -0.358782  0.659508  
-1.72269  5.28677  -8.55466  -4.2835  -4.13717  -3.82144  -1.63178  -3.50391  -4.17671  0.164432  -8.43648  7.15368  7.83887  -2.40081  -48.3289  1.24984  -0.924291  -1.05996  -2.43702  58.538  -14.7342  -3.64998  -33.9968  -3.40098  11.1198  -26.7132  -2.8936  141.027  -7.0219  11.1382  -14.685  1.60658  4.68564  -6.58094  -10.6899  0.656202  -13.7773  8.3561  -7.35358  -5.11906  -2.67775  0.912418  
-1.65553  7.60159  -4.66106  -15.6484  -3.76955  -4.1302  -1.59657  -1.42167  -8.76739  -0.357162  -16.6631  2.75128  5.95651  -6.76521  -12.0353  0.258501  -4.79288  -3.59084  -2.63205  -237.048  -16.9251  -6.60809  -11.8552  2.4367  4.35588  -36.1923  -0.130363  413.786  -3.48575  10.2473  0.276389  2.04869  -0.470749  -3.09569  -1.19971  1.20662  51.7517  3.33814  -3.81082  -4.87368  -1.58928  0.840581  
-0.841196  6.1434  1.59688  -19.2139  -2.68468  -2.37205  -0.83709  -5.0531  -9.59425  -0.895048  -11.7063  -0.430346  1.61149  -8.73133  1.86534  -0.991615  -6.23984  -2.67984  -1.29825  -393.773  -7.88769  -6.33663  13.6051  5.91621  -0.0992896  8.91205  0.986702  434.58  0.427083  -2.49023  14.9429  -0.0111426  -5.57391  2.32728  4.4211  1.65518  102.191  3.0332  3.00229  -3.608  2.9812  1.14777  
-0.222075  -0.262201  3.30197  -7.39198  -1.75684  0.582997  -0.205609  -9.04895  -9.37649  -1.56598  0.465209  -4.81844  -2.74904  -8.5768  -22.2785  -1.3151  -3.9737  -0.736274  -0.738857  -351.471  5.53361  -4.31461  16.0565  4.83799  -0.207372  74.1844  -0.628115  212.133  -1.79024  -12.6805  19.4708  -3.18586  -7.60164  2.80004  -0.0214263  1.49713  88.6956  3.11337  4.64381  -2.64646  5.82652  1.31179  
-0.259171  -8.82789  0.111336  7.3675  -1.09004  3.31833  -0.210118  -6.72951  -8.6357  -1.50725  7.5652  -12.9246  -4.42168  -7.26906  -43.4195  -0.636255  -0.171716  0.674022  -1.57476  -162.81  11.0108  -2.61639  1.14822  1.60447  -1.20137  90.4428  -2.51943  -58.6248  -7.61855  -8.71335  14.3695  -5.93097  -5.204  -1.67816  -6.0326  1.32752  25.8276  -0.975769  -0.686039  -2.75994  1.80385  1.01586  
-0.272  -12.9889  -1.48605  8.56848  -0.142938  5.081  -0.255039  0.374686  -5.07649  -0.246192  5.84876  -22.5119  -1.8431  -6.5147  -26.6952  0.414355  1.55609  3.09212  -2.3431  148.824  4.1926  -1.93897  -9.08037  -0.118563  -7.27986  42.5045  -1.88277  -217.423  -8.33881  3.66406  7.98101  -7.71209  -1.7321  -4.60446  -2.38246  1.61025  -33.3783  -3.84221  -5.91349  -3.64389  -5.96653  -0.218334  
0.529749  -7.12642  2.36498  -2.28774  0.996146  5.30652  0.481238  4.46203  2.91513  1.59864  1.58272  -29.5834  4.09014  -7.41118  12.8814  1.41084  0.0503199  6.84345  -1.33934  490.508  -4.85711  -1.7642  -5.92244  0.749286  -13.9282  -14.4538  1.03188  -222.379  -2.39922  8.88882  7.69982  -7.03004  -0.391106  -1.89294  10.1734  1.07627  -47.1661  0.927447  -4.65292  -3.86448  -9.69774  -1.95462  
1.59065  4.08521  7.97446  -8.26435  1.17526  3.81827  1.53988  1.515  11.3792  2.2945  2.23021  -31.0355  9.88598  -8.40328  35.5073  2.0503  -2.11406  8.6506  0.364948  637.089  -6.14077  -1.79698  -1.96332  2.5731  -13.6235  -27.9895  2.53515  -124.149  4.5049  2.06173  11.638  -2.35545  -0.919834  3.93523  19.8771  -1.40291  -31.2386  8.54379  0.885885  -2.78627  -5.53511  -3.55477  
1.50969  8.21059  8.82694  0.430172  0.0962345  1.43706  1.51991  -4.02053  14.0756  0.817844  7.34474  -25.835  11.2388  -6.79629  22.0858  2.00281  -2.34904  5.6572  1.69636  438.276  -1.8284  -2.66642  -8.57161  3.48691  -5.04728  -7.76232  -0.0955439  -47.2459  4.03923  -6.21986  12.5385  4.20449  -0.123186  7.22554  16.0847  -3.48341  -15.0556  7.15789  3.71594  -1.18612  2.48123  -4.92502  
0.0428781  0.984815  4.17699  12.8218  -1.22649  -0.223094  0.0781745  -5.46198  8.43563  -1.61683  10.6671  -16.2019  7.20203  -2.29161  -8.40824  0.586757  -0.92549  0.737959  2.35336  54.1384  -2.27603  -4.63582  -20.3648  2.5769  4.27952  5.35744  -4.21675  -80.5707  -2.74572  -4.90917  6.40277  8.5154  2.19994  5.3365  -1.16382  -1.39186  -10.2736  -4.23714  1.64954  -0.122406  5.84675  -6.01536  
-1.23381  -7.7836  -1.32089  12.6274  -1.23477  -0.257307  -1.22548  -2.8684  -0.717709  -2.97177  8.78548  -7.89305  1.36995  2.09619  -26.1863  -1.87599  0.0870904  -1.22536  2.85735  -185.618  -9.25803  -5.75052  -22.0479  -0.295771  8.11814  -2.9194  -4.66749  -222.18  -8.07929  2.64936  -1.80536  8.11355  3.97115  0.235062  -21.4512  4.36662  3.05451  -13.0355  -0.791085  0.183289  1.34452  -6.06872  
-0.907458  -5.92286  -3.5881  2.15132  0.0568643  0.198978  -0.905389  -1.42066  -5.37815  -2.16358  3.22578  -5.21531  -0.719955  4.38193  -16.5659  -3.44061  -0.135776  0.4775  2.01098  -205.635  -13.8988  -3.16994  -10.681  -3.79289  8.02007  -14.49  -0.358721  -297.511  -5.80269  5.26603  -5.02045  5.36299  2.64784  -3.41551  -30.6547  7.85201  35.7765  -8.98882  0.45658  0.173985  -6.27584  -5.81722  
0.318881  4.31974  -3.05524  -4.26324  1.72128  -0.321995  0.351507  -2.67987  -3.1346  -0.177073  -0.681024  -6.73013  0.987832  4.75776  10.6087  -3.05561  -0.552277  2.22062  -0.758582  -205.006  -9.55191  2.61906  0.498232  -5.9436  8.73428  -13.2215  3.58804  -154.002  2.45101  0.0508072  -3.26648  3.72303  -1.43893  -2.74045  -20.6913  4.42239  61.378  2.66336  3.66447  -0.271108  -8.79569  -5.97887  
0.626641  8.62141  -1.06092  0.914779  2.94344  -1.66381  0.662068  -3.51489  -1.30747  0.966387  0.917199  -6.93998  2.10085  5.1392  32.0786  -1.7343  -0.225175  1.20475  -3.45438  -306.241  -1.10038  7.5386  0.632185  -6.16678  9.80792  -0.8627  2.06409  123.765  9.08429  -3.86445  -3.12349  3.50828  -5.49728  -0.0115909  1.65339  -2.34694  55.7313  8.44493  4.09146  -1.49599  -3.29491  -6.82541  
-0.277695  0.555095  1.88616  8.50128  3.84202  -2.48171  -0.267445  -1.95881  -6.6872  -0.00219575  8.25474  -3.85372  -1.37194  5.63878  25.5578  -1.19513  0.328363  -1.4932  -2.77027  -309.725  2.55915  8.32962  -7.47718  -5.76195  6.404  17.8476  -2.95238  279.487  9.01318  -0.0153582  -9.20072  2.76758  -5.37432  0.426669  17.6585  -4.38712  34.2325  5.39629  0.272958  -2.8828  6.23541  -5.96852  
-0.727716  -10.1255  4.50488  5.85126  3.98874  -2.25807  -0.656637  -0.229414  -15.6035  -2.17501  17.8238  -2.0598  -7.44944  5.12082  -2.56135  -0.933244  0.309192  -3.47778  2.03843  -47.0594  0.105287  6.03083  -10.1986  -5.79583  -3.58657  34.8938  -4.61342  157.054  4.8446  6.59252  -17.5971  0.983437  0.087211  -2.05155  14.3167  0.491864  28.9944  2.0068  -4.14388  -3.30343  10.7529  -1.04113  
0.371484  -10.4707  4.85299  -4.8292  2.5628  -1.26632  0.592949  0.678946  -15.0301  -3.34841  22.7088  -5.29538  -9.93304  2.97814  -26.3675  0.942418  0.392058  -3.07526  6.95105  298.112  -1.7549  3.35255  -4.23532  -5.15312  -13.8411  34.9851  -0.114718  -120.2  1.63068  6.76663  -19.95  -1.7219  5.83023  -2.65834  -1.99937  5.32552  39.2936  5.11566  -4.90451  -2.92452  6.12881  6.2564  
1.75035  -1.41891  2.42538  -9.32732  0.0975676  0.140295  2.02371  1.99001  -0.516786  -2.27727  18.4765  -10.8771  -5.61854  0.262588  -22.8544  3.80828  1.57562  -0.0173389  7.01383  382.783  -2.85916  1.27607  0.569645  -2.71587  -15.3923  8.81686  5.45601  -287.575  1.13433  0.110118  -12.8942  -5.8387  3.68376  1.61908  -12.6236  2.78076  34.9346  9.39037  -1.82431  -2.93519  -3.31072  11.0981  
1.43833  4.98499  -0.309207  -2.33666  -1.9874  1.73995  1.52698  5.09444  15.9003  0.0893901  6.75041  -13.2635  2.83246  -2.33269  -2.34548  4.071  2.89241  4.43736  1.59094  197.132  -9.51707  -0.35203  -2.87771  0.101007  -6.39257  -28.7973  5.51731  -249.506  -0.171046  -5.71641  -1.77483  -10.7249  -7.62442  6.70051  -8.04433  -4.92326  1.48033  6.88902  1.42973  -3.28578  -8.6547  10.1987  
-0.58473  2.33376  -0.492808  7.45386  -2.78721  2.58142  -0.76134  5.90766  19.0467  1.2518  -5.3215  -10.9793  10.2007  -5.48942  7.27423  -0.11517  1.96361  7.25687  -4.66365  80.8964  -22.0783  -1.36718  -7.54136  0.521723  5.79391  -45.9282  0.498201  -108.245  -3.97847  -5.21898  3.86016  -11.8607  -16.8026  6.02724  2.81954  -9.42935  -19.2358  -2.34417  1.66026  -2.49799  -6.23749  4.91726  
-2.27622  -3.16996  0.593836  8.35425  -3.0172  1.60631  -2.52841  1.70326  10.1225  0.192334  -11.4088  -8.5921  13.0936  -7.95403  -4.49487  -4.82908  -1.34796  5.98763  -5.89089  200.706  -28.1874  -1.18591  -1.56658  -1.49533  11.0752  -29.5712  -3.33516  -14.3436  -7.37808  -1.33489  -0.168195  -5.42868  -10.8817  0.316889  5.22399  -6.75015  2.04601  -9.75144  -0.435738  -0.0418505  -1.46487  -0.267204  
-2.02315  -3.53612  -0.168354  2.51988  -4.05013  -0.647869  -2.11955  -3.69159  3.70609  -1.61481  -10.9919  -9.5591  10.9349  -7.46408  -21.1377  -4.82669  -3.70612  2.11587  -0.878163  325.715  -18.2574  -0.372846  11.505  -3.11307  7.94419  -1.55111  -2.13487  55.8555  -6.48287  0.817229  -7.4553  6.21704  8.07975  -3.12121  -2.26739  -0.602708  35.5478  -8.18684  -1.38823  1.8579  0.355198  -3.49712  
-0.331508  0.651076  -2.24614  0.428462  -5.14656  -1.8827  -0.277007  -3.17677  7.2794  -2.0215  -8.31774  -12.335  4.17286  -3.57518  -22.6746  -0.349607  -2.11732  -0.165705  4.95488  145.195  -0.21293  0.0828044  16.3132  -2.20721  3.93174  10.186  1.9508  207.734  -2.6584  0.766906  -6.49608  15.4777  22.4541  0.174395  -7.70699  3.43372  22.0185  0.388922  0.504333  1.26361  -0.664157  -5.48659  
1.02195  2.99854  -2.05535  4.34347  -4.01932  -0.665844  1.04959  0.905945  10.5277  -0.887714  -5.71952  -13.2338  -4.16778  0.726314  -7.36208  2.57756  2.01001  0.184172  6.32975  -258.185  9.802  0.308991  8.64245  -0.140959  5.24164  2.27442  4.17694  418.01  0.315347  0.725732  5.70675  17.8827  19.4074  5.83285  -1.88363  3.50418  -40.1597  8.57377  3.19372  -0.883972  -0.73047  -6.20589  
0.978178  0.985824  1.86683  6.21058  0.300822  1.74524  0.881426  2.04865  2.75644  0.263058  -1.77947  -11.4852  -9.51447  1.9986  22.1197  0.482767  4.38412  -0.187502  3.37767  -506.542  9.56491  0.485544  2.40873  0.254047  7.92723  -5.23289  3.32268  467.076  0.762976  1.02823  18.7107  15.5138  5.82244  6.62473  9.97122  1.42388  -71.6001  10.1687  3.24469  -2.03442  1.87598  -4.38193  
0.0391651  -2.03355  5.29695  0.392595  5.39234  3.00632  -0.0765432  -1.38391  -9.73502  0.261809  4.15694  -9.59095  -8.96517  0.646414  51.0305  -3.17739  3.14005  -3.50847  0.464682  -437.014  12.3731  -0.126351  7.7262  -2.45503  4.04312  2.17132  1.33304  191.716  1.3606  -0.267649  19.7205  11.5758  -2.34446  1.27118  14.2419  -0.840905  -18.3807  4.03388  0.324965  -1.71467  5.59213  0.206154  
-0.648615  -2.75279  5.34294  -6.06264  7.7599  2.17615  -0.633971  -2.98581  -12.7203  -0.144848  7.75609  -10.0257  -4.12735  -0.135742  59.9181  -3.09304  0.12398  -6.9414  0.737116  -257.537  20.5463  -1.99312  13.9556  -6.75714  -6.68471  16.6636  -0.101797  -229.141  3.00836  -3.0527  9.21116  6.01292  -0.186535  -5.23747  6.06726  -1.63531  65.5636  -5.81472  -2.46487  -1.59594  8.60676  4.90123  
-0.61741  -0.662811  4.7461  -5.31394  6.01797  0.538199  -0.472376  0.824915  -4.28307  -0.0107048  3.91115  -11.6834  0.722546  0.352081  34.7806  1.45956  -2.51983  -6.28497  2.10628  -223.808  18.8423  -3.25422  4.4023  -9.68433  -13.9622  17.8289  -1.43887  -410.648  2.2281  -3.88053  1.04079  -1.75165  3.22936  -7.8126  -5.23246  0.0797991  81.0409  -12.2583  -2.432  -2.44181  9.85917  7.54864  
-0.333634  2.09769  8.49745  -0.0730202  1.84092  -0.14588  -0.202512  4.46465  3.28355  0.279184  -3.52374  -11.9695  2.53552  -0.136157  -14.4376  5.43406  -4.2677  -1.97855  1.66119  -291.925  -1.17845  -1.74675  -14.4538  -8.863  -9.44682  0.285401  -3.16831  -202.18  -1.47048  -1.44491  4.1997  -8.1261  0.098822  -5.49624  -7.332  3.02179  6.89392  -9.26048  -0.500813  -2.80375  7.54394  8.48431  
-0.336944  4.03798  13.119  3.41701  -1.67814  0.475235  -0.338093  2.02003  1.5827  -0.256982  -3.71623  -9.46284  2.07898  -2.47365  -44.2514  5.08722  -4.75117  1.3358  0.00705427  -277.008  -21.4195  1.83166  -19.5582  -4.40654  3.49278  -17.6671  -4.55838  129.351  -3.24009  1.67612  9.71768  -8.22917  -6.62003  -0.726578  0.416947  3.74348  -48.9228  1.57716  0.017547  -1.37628  1.38577  9.30665  
-0.446511  4.09552  9.21951  2.94467  -2.95444  1.29589  -0.545203  -2.7956  -5.50072  -1.22507  7.93646  -5.70584  0.598364  -3.9861  -22.9941  1.69279  -2.96584  1.22906  -0.58901  -123.589  -17.537  3.94833  -2.82332  1.26198  12.8569  -9.51166  -3.94094  177.176  0.0561603  2.05066  2.41153  -2.42489  -10.5877  2.49451  6.34106  0.438615  -2.21386  13.5711  -1.5319  1.09221  -6.08905  9.8664  
-0.164319  2.71196  -5.24064  1.62392  -2.74408  1.02407  -0.233569  -2.75605  -10.7721  -1.13202  20.1164  -4.02592  -0.0143387  -2.16534  19.2764  -1.4434  0.839317  0.00714936  -0.0648751  103.118  7.17131  2.85569  13.9815  5.12944  11.1561  22.4503  -0.966386  -73.1132  2.69704  0.81378  -15.5394  3.5233  -12.5201  1.56051  1.72988  -3.88317  99.8879  17.8626  -2.08919  2.76019  -9.62315  8.14182  
0.383686  1.37989  -17.8913  -1.47344  -2.94387  -0.55237  0.404995  2.44997  -13.2859  0.519029  17.3669  -5.72188  1.55304  0.651594  25.5644  -2.93622  3.8292  0.978819  -1.77662  365.385  24.8184  0.0678237  10.1094  6.11354  0.909925  43.9198  2.2712  -286.729  -1.67049  0.812332  -25.5839  5.26674  -14.6165  -2.59284  -8.14108  -4.7021  123.869  11.4469  0.991358  2.86869  -7.3793  5.34471  
0.454934  -0.084065  -16.5341  -8.65001  -4.48926  -2.57355  0.529897  5.89387  -15.3984  2.01733  0.121564  -9.18699  4.79331  -0.316862  -11.5629  -3.58668  2.97426  3.57703  -5.64636  647.351  18.7934  -1.72391  -8.21954  5.00892  -9.98197  24.4509  2.71081  -189.66  -6.21937  2.47032  -17.2855  3.81041  -14.1428  -5.44935  -11.3619  -1.73141  34.5088  -1.78342  5.67975  1.68132  -3.19181  4.03022  
-0.250608  -3.384  -4.6854  -15.3529  -6.0228  -4.25949  -0.139416  4.26086  -13.4734  1.40418  -14.4982  -10.8221  6.7823  -6.15515  -38.5058  -3.54759  -1.98326  4.0362  -7.52955  814.822  1.95459  -2.19529  -17.1865  2.86402  -15.1526  -20.2376  -0.0870942  66.6057  1.83669  3.11929  -3.5005  2.15208  -7.57744  -4.03499  -4.27794  1.04205  -61.5607  -13.7272  6.85717  0.00828122  -1.99856  4.33258  
-1.08448  -8.46142  3.17318  -11.9688  -5.12101  -5.16372  -0.879642  0.760217  -3.01939  -1.26463  -13.4161  -9.62086  3.34091  -11.869  -17.533  -2.01636  -8.18649  0.412185  -3.90007  745.305  -6.36748  -2.68708  -8.93202  0.30939  -12.4116  -44.5676  -3.02205  178.471  21.1226  1.47401  -2.25433  1.03215  -0.724526  -0.180582  4.02911  0.518297  -58.1862  -15.6171  2.6618  -1.07372  -4.0568  2.6334  
-1.16759  -10.6525  1.72635  1.37742  -1.08118  -5.09231  -0.853356  -0.460385  11.3718  -3.53366  -2.34837  -7.64909  -4.48097  -11.408  18.9276  0.368945  -11.8255  -4.5948  2.51094  476.443  -6.71282  -3.85853  0.949784  -1.3193  -4.00178  -26.8394  -2.39544  75.9778  31.2664  -0.283404  -10.8671  -1.082  -0.978823  1.90928  5.40654  -1.69132  16.2976  -5.14078  -3.50616  -0.809659  -6.04863  -3.00638  
-0.4503  -6.63382  -0.330665  10.0987  3.6392  -3.63062  -0.152027  0.0288301  18.3861  -3.44961  2.24178  -7.53733  -10.269  -4.20375  15.2888  1.76724  -10.4343  -6.39434  5.43646  205.88  -11.7737  -4.74115  -0.583527  -0.78663  3.90448  4.45819  1.50483  -31.1149  16.3522  0.536257  -10.6821  -4.14287  -5.21412  0.228686  2.99499  -2.1909  52.9053  9.44499  -6.93006  0.242319  -3.69267  -8.64893  
0.439581  0.484417  3.93472  5.56983  5.86115  -0.990285  0.58355  -0.381805  12.401  -1.49637  -5.03597  -8.44669  -8.6158  3.21644  -22.6669  1.01572  -4.36273  -3.73363  3.21782  25.7219  -22.0124  -4.38508  -8.03446  1.36657  6.04966  11.5723  4.46514  -13.1563  -13.3946  3.05959  5.88712  -5.87849  -2.22742  -3.28754  3.31721  -0.84993  21.5754  15.1952  -6.42618  0.493242  2.8441  -9.52743  
0.948984  3.89162  8.01135  -3.32433  4.63778  1.4154  0.961222  -2.77746  0.76463  0.14346  -13.5999  -8.06689  -1.41688  4.73332  -38.3741  -0.599324  2.62845  0.134427  -0.112168  -152.89  -25.7913  -2.73699  -8.29693  2.90601  4.47651  -5.28318  3.55698  -2.52599  -29.4868  4.27316  23.4208  -4.23976  8.81396  -5.21514  5.97048  -0.245517  -9.11311  7.00643  -4.19522  -0.575204  9.09211  -5.22176  
0.995896  3.20582  2.26477  -0.462185  2.06961  2.15103  1.02983  -6.18714  -5.58744  0.104015  -12.016  -6.16477  4.71168  0.85182  -8.62029  -0.717815  5.72599  0.907869  -0.131859  -406.981  -15.1226  -0.612747  -2.35443  2.14178  4.98345  -15.0871  0.320055  -133.263  -19.5742  3.06715  22.8886  -0.0831974  13.357  -3.86967  3.68525  -1.13404  12.6562  -6.81813  -2.34345  -1.84353  12.2273  -0.872607  
0.755381  3.85217  -10.1869  10.5021  0.306354  1.49513  0.885623  -8.11569  -3.63351  -0.783197  -1.87827  -5.11176  6.40231  -2.12105  25.0495  0.619147  3.68056  -1.92057  2.47134  -667.365  5.13082  1.09592  -0.687654  0.134742  8.92012  -4.00489  -1.95526  -341.931  0.976769  1.10725  5.38429  3.94083  2.33658  -0.166664  -3.62379  -1.13768  36.2874  -12.872  -1.57465  -2.01481  12.052  -0.426704  
0.504542  8.21495  -16.9491  12.3155  -0.575062  0.968538  0.66235  -5.98271  0.886201  -0.627612  5.1029  -6.43968  5.68899  -0.704104  22.766  1.45032  0.427375  -4.57637  2.28492  -779.384  23.9275  2.07376  -6.65216  -1.23186  11.5039  11.09  -2.46097  -394.826  8.6494  -0.494067  -10.4908  5.45407  -10.6094  2.72579  -8.90297  1.43335  4.14786  -7.60665  -1.93281  -1.44527  10.6449  -2.99042  
0.49227  10.85  -12.6252  -1.63383  -1.73006  1.37216  0.60977  0.17453  1.77221  0.649672  1.54787  -8.70182  4.8205  3.09247  -2.79595  0.975137  0.369028  -3.70662  -2.84607  -637.661  33.3099  2.2735  -12.9827  -1.40356  9.18455  12.3531  -2.54457  -207.058  -0.694887  -2.13943  -11.9092  4.13094  -6.37256  2.64759  -7.17588  3.68011  -46.5198  1.19628  -2.80278  -1.48106  8.78132  -4.48232  
0.67087  7.12228  -4.3473  -12.8515  -3.66391  2.0071  0.771437  4.82559  -1.54556  1.3516  -7.49495  -10.8231  3.03781  6.66491  -14.0487  0.931888  2.73372  -0.169576  -9.12394  -286.054  27.6938  1.80176  -11.0514  -1.37785  4.83242  7.91899  -2.55164  44.0789  -10.7733  -3.54813  -3.32103  1.41193  13.3345  0.756252  -2.68173  1.91554  -34.9971  6.68877  -2.82326  -2.36782  5.20043  -1.95801  
0.688282  0.504471  -0.849831  -3.41259  -4.95188  1.78663  0.810088  4.00161  -3.67273  0.29484  -11.9446  -13.4582  -0.171844  9.90299  -7.98444  2.69073  2.55209  2.23866  -10.6131  145.853  9.12092  0.190909  -1.44996  -1.89514  3.71964  16.2952  -1.42899  134.277  -7.26735  -3.0147  3.82368  0.623323  27.5432  -0.133728  -0.297918  -3.0528  37.1629  9.09623  -0.885613  -3.26391  0.0786302  2.70074  
0.34291  -1.28365  -2.23934  16.287  -3.98644  0.766312  0.43939  0.517262  -0.269179  -1.33767  -7.33349  -15.7199  -2.55328  12.6975  -6.45935  4.41422  -2.27304  1.73403  -5.3757  392.303  -10.7181  -2.07662  9.60424  -2.17285  5.46518  34.4191  0.532468  19.1691  6.00414  1.16885  4.05704  4.02716  23.587  0.827138  0.453627  -5.41846  82.8109  8.02983  1.78259  -3.47935  -2.24255  4.40497  
-0.0589585  2.729  -3.09506  18.5686  -0.669723  -0.407138  -0.0329322  1.1318  5.75133  -1.49408  1.28334  -14.4079  -1.51616  10.6569  -16.2908  2.3295  -7.40487  -0.0299863  2.60357  290.354  -17.1949  -3.84191  15.4101  -1.64676  4.07389  41.119  1.06548  -107.217  13.5578  7.43103  -0.0291368  9.39449  12.3277  1.26429  2.07459  -1.45073  46.3963  1.25046  2.98455  -3.39523  -0.809792  0.47065  
-0.196249  6.20278  -1.08088  -2.81119  3.26244  -1.5546  -0.196616  6.8523  7.23779  -0.213514  6.88704  -11.4472  1.32452  0.917676  -22.4363  -3.27137  -7.12956  -0.784952  7.65098  -20.7281  -8.42549  -3.97414  13.4953  -0.767397  -3.57357  28.1555  -0.382131  -83.207  7.54459  11.4698  -4.18124  9.69825  7.44725  -0.421929  2.92853  4.60991  -19.0773  -8.19087  2.09673  -3.60437  0.568502  -5.91824  
-0.307135  4.70954  0.688171  -19.9104  5.92521  -2.7859  -0.273399  9.94435  2.04638  0.164863  7.36859  -16.8731  2.24754  -11.3149  -15.2706  -7.90071  -1.37268  -0.13444  7.67389  -177.59  1.95641  -2.99128  4.26753  -0.15197  -13.8696  11.8316  -1.33798  95.7759  -4.5457  9.25983  -6.89238  0.958204  5.94816  -1.77698  1.14513  5.18303  -42.6604  -10.4521  1.09836  -4.11682  -2.60055  -8.27956  
-0.899996  1.1694  -0.472516  -9.29334  6.25468  -3.49401  -0.884356  5.36205  -3.93272  -1.70852  4.90426  -34.1037  0.530136  -15.9509  -1.68605  -7.48322  4.41899  0.993201  5.04252  58.8108  1.14471  -2.18698  -6.249  -0.0480542  -19.8525  7.98771  0.0100606  243.344  -7.83682  0.824531  -8.2299  -10.2068  -0.76071  0.0437421  -1.61674  -1.03365  -15.4947  -1.47245  1.63812  -4.37102  -8.55622  -4.33037  
-1.83672  -0.00803417  -3.54793  15.4256  4.74576  -3.07965  -1.92355  -0.945945  -3.36594  -4.07506  3.12051  -44.5342  -0.377553  -10.9488  6.59409  -3.34697  5.68807  1.36722  2.63256  498.731  -5.99038  -2.45993  -11.3033  -0.77915  -17.4593  10.5546  1.57654  211.488  0.933992  -9.49258  -8.08281  -12.6267  -9.98428  3.0965  -3.18408  -6.75146  16.0641  8.50307  2.58625  -3.96757  -10.7023  0.271911  
-2.21884  1.11977  -5.52802  21.7  2.55885  -1.8807  -2.35841  -2.01028  2.55779  -3.96892  3.37176  -23.7669  1.79748  -3.93341  7.65788  -0.181141  3.12643  0.512097  1.23542  765.356  -8.43036  -4.06726  -8.15818  -2.56649  -7.46959  0.948001  0.259731  23.8499  9.78949  -14.7537  -6.29855  -2.94979  -10.9681  3.23245  -6.0836  -5.01512  26.6545  6.07743  1.97484  -3.06655  -6.04503  -0.182696  
-1.47228  1.49225  -5.4289  1.69487  0.443378  -0.940372  -1.51584  1.11973  6.41489  -0.737127  5.17447  15.9566  4.78646  -0.843905  1.39485  0.0877807  0.83724  -0.670153  0.31815  707.134  -3.80944  -6.26589  -2.60604  -4.74594  4.40838  -24.3891  -2.83361  -91.5553  7.11443  -11.1388  -2.81295  8.89519  -4.33279  -0.436561  -12.3052  2.63459  23.4223  -4.95769  0.0656077  -2.26353  0.210339  -4.33714  
-0.161139  0.139214  -3.84563  -19.0729  -1.44726  -0.421358  -0.0932211  1.55321  5.22599  3.1618  4.99788  21.2574  5.0007  1.69062  -5.81879  -0.758807  1.38876  -0.444042  -1.0514  391.164  -0.210727  -6.86339  -0.95622  -4.99673  11.5376  -44.5448  -3.59587  57.8163  -4.79967  -1.3518  2.66614  11.7487  -2.03614  -4.58356  -16.3064  8.40959  12.2589  -6.5252  -0.813683  -1.80138  3.49063  -5.10611  
0.668391  -1.17942  -2.24559  -20.5382  -3.14899  0.353553  0.678336  -1.80874  2.4087  5.07898  -0.23313  -35.043  1.88702  8.8606  0.310009  -0.189447  3.5574  1.76879  -3.47092  12.7156  -0.530858  -3.05221  -4.87767  -1.44295  11.2369  -39.3358  -0.960723  451.349  -11.7557  6.53644  9.14148  6.0465  -9.61239  -6.32562  -10.8315  7.18127  -9.9748  7.26223  0.213196  -1.27626  4.30046  0.135196  
0.837987  -0.687182  -1.4276  -12.3732  -4.12378  1.77972  0.693606  -3.50489  1.85941  4.9855  -8.71103  -94.8968  -0.655798  15.3029  21.5843  1.61839  3.78619  3.5763  -5.80495  -294.614  1.4663  4.96218  -9.64581  4.06996  7.23859  -16.3228  0.997742  802.556  -5.79424  6.19403  11.4963  -0.48597  -15.1195  -5.19481  0.0878144  1.75747  -28.8499  19.3692  1.42154  -0.274727  4.22963  6.22255  
1.04807  0.289858  -1.7006  -13.0918  -3.67934  2.83481  0.915389  -2.05508  3.2322  4.54131  -13.7531  -62.2736  0.425688  11.7718  36.4088  2.40776  0.147295  2.25177  -6.70036  -444.07  11.3602  11.9446  -10.1751  7.1783  5.43512  -1.09325  -1.05523  813.651  3.42812  -0.231074  3.54169  -3.67035  -7.8308  -1.58827  4.27576  -2.42136  -15.4873  11.656  0.993911  0.854902  2.66917  7.54383  
1.56235  0.29471  -2.39435  -21.6592  -2.16167  2.67661  1.65391  -1.95728  2.14133  4.01419  -11.7632  70.5617  3.62959  -1.19847  22.9893  1.25683  -4.97339  -1.06219  -5.0985  -485.023  25.9186  12.9356  -4.79513  5.88574  6.05102  0.457657  -4.51475  425.441  3.92172  -5.18324  -12.8686  -4.38626  5.03609  3.17253  -1.86442  -3.58513  11.0181  -11.0606  -0.322288  1.14143  -2.4612  4.3984  
1.56221  -2.07938  -2.17085  -20.5259  -0.799464  2.17289  1.76056  -4.00027  -1.03034  1.6848  -8.48998  189.815  3.68439  -9.18515  -8.35711  -1.10344  -6.37855  -0.860385  -2.5435  -578.681  39.9205  8.40535  3.98  3.30726  2.69952  8.59396  -3.59852  -121.97  -3.59765  -3.56757  -25.5556  -2.11193  7.67505  5.23208  -4.63075  -4.13641  -3.38706  -25.3962  -0.25833  0.123169  -7.21132  2.96761  
0.344414  -5.76501  -0.278426  -1.82859  -0.766012  2.36412  0.285022  -3.81332  -3.64687  -3.1408  -10.8215  184.627  -1.58197  -2.43728  -24.3048  -3.28121  -1.76033  5.15546  -1.16225  -804.278  47.364  3.36167  11.3436  3.33374  -7.57945  38.623  2.92705  -508.935  -8.32476  2.33539  -23.5455  5.3211  -4.21084  1.36901  7.68345  -5.85132  -74.8503  -18.8371  1.91879  -1.47517  -6.04115  5.82128  
-1.22206  -7.75657  1.51898  17.916  -1.55616  2.73516  -1.6526  -0.113494  -3.30577  -7.31461  -15.5125  82.4692  -7.24736  10.5934  -15.2839  -4.01743  4.43884  11.2667  -0.957358  -917.425  44.5886  1.38458  12.4879  4.97083  -17.1935  67.0286  9.15963  -566.251  -6.29149  6.01377  -10.9697  13.2307  -17.2813  -5.29716  24.4617  -6.95914  -136.175  -1.25971  3.97378  -2.4029  -0.446685  9.19959  
-1.46564  -5.69213  0.687366  19.9964  -1.64929  1.63278  -1.86639  1.32846  -1.49613  -6.56544  -12.7017  7.13742  -6.20618  12.4586  -3.33474  -2.6305  5.19311  8.97835  -0.642411  -586.586  26.8069  0.978769  5.96103  3.54633  -15.4757  53.0744  7.79799  -316.478  -2.48274  4.02475  -1.07048  12.3712  -17.1505  -7.21877  22.7898  -4.5858  -102.074  7.84001  3.22165  -2.10457  2.65043  7.40425  
-0.0538413  0.187777  -3.23746  2.60974  -0.592749  -1.36644  0.0772025  -2.47423  0.851635  -0.797294  0.164363  10.5157  2.55195  -0.966729  -5.65068  0.422597  -0.639877  -2.38988  1.00762  211.053  -2.87241  0.149687  -5.90109  -2.36565  -1.73458  -7.74936  -1.17185  67.6965  -1.6231  -2.31157  0.259264  0.700695  -3.53705  -2.36908  -1.70448  1.25904  33.7287  3.64577  -0.456925  -0.971553  0.229298  0.0766439  
