0.233899  -1.73638  1.01515  -5.01334  -15.1317  1.89667  1.59555  -12.1131  -0.59275  0.24363  1.82567  -2.95517  -0.638835  1.15176  -2.13174  7.42842  1.70461  -0.892409  1.66426  -150.488  -2.41091  0.218842  -1.7403  -5.8352  -2.61426  2.66084  3.7904  -13.213  -0.53887  -7.98817  -16.8779  -3.14719  -0.782459  -3.81254  -1.97807  -0.317956  1.31452  46.6819  -0.387227  -7.45  -3.68293  2.42598  
0.987231  5.45041  -1.25613  23.1304  50.1534  -5.17001  -5.6106  23.4885  7.10605  0.598783  0.328495  16.544  4.03921  -16.0997  11.8951  62.4534  -0.553505  -2.88207  -3.15829  -1.03203  4.19018  -2.46146  -6.71859  -5.75996  0.187056  10.2784  -1.65717  -77.1806  7.92135  13.399  40.3265  14.7943  0.189214  3.40752  -8.27329  -1.40077  11.22  -64.9779  -1.76367  39.4097  21.8409  -5.35911  
0.877829  7.09902  -3.74757  12.7908  69.4816  -10.1959  -4.66758  20.2519  5.78273  0.349865  -14.8632  40.7394  4.15567  -16.494  12.7288  82.3921  2.49752  -2.50299  -3.52532  -13.0798  8.20332  -5.88743  -4.97015  -7.00066  3.14635  11.5824  -7.11141  -108.36  6.81059  28.056  33.7299  18.1443  0.287492  9.46537  -8.23856  -0.829029  11.2617  -72.2457  -1.50369  61.9219  29.7568  -7.49753  
0.0187591  3.54067  -5.79793  -22.0187  36.2832  -12.1092  2.628  -15.7068  -1.67593  -0.333289  -33.6248  57.4284  0.194039  -3.10803  2.32409  64.55  10.3777  -1.44631  -1.46906  -158.909  7.7823  -9.28197  1.98524  -8.78478  5.71832  5.29323  -10.7524  -107.487  -3.10088  33.1386  -20.9676  8.59854  0.200773  13.5655  -1.1167  1.63846  2.88596  -4.44596  0.606007  50.4446  20.9064  -4.5822  
-0.781838  -1.45049  -5.28092  -33.9635  -14.3901  -11.661  7.65605  -38.9602  -5.08282  -0.812282  -47.1789  50.2823  -3.28974  7.45419  -6.61725  33.1271  16.4506  -3.14444  -2.8237  -273.566  4.33235  -11.1383  4.8849  -8.43292  6.72148  -3.95151  -9.39564  -95.0971  -11.3678  29.515  -58.3998  -0.725721  1.22057  14.4617  7.26727  4.64723  -3.73174  29.8735  3.41543  16.106  8.90855  -2.21172  
-0.951817  -5.93551  -0.586831  -8.9586  -39.1845  -10.1592  5.35328  -17.7875  -0.696596  -0.721288  -54.0505  25.3187  -3.31096  7.05982  -4.02312  9.46667  14.8365  -7.4767  -7.26062  -280.116  3.8115  -11.0399  -1.4399  -5.39117  5.44326  -9.83386  1.4126  -77.5272  -11.1875  18.1133  -48.7267  -2.19118  2.35176  11.5908  10.6115  5.21207  -1.50698  -15.5619  5.29224  -17.2672  3.87771  -3.54411  
-0.46513  -8.17081  5.35625  22.5171  -27.0023  -8.29921  0.200182  24.5086  5.64993  -0.104888  -60.935  5.71663  -0.923299  2.33955  5.60396  -4.41095  6.65144  -9.48301  -9.42196  -231.63  8.55058  -7.88082  -11.3948  -1.45295  2.45621  -9.9444  16.3711  -40.6139  -5.76091  1.39002  -23.3002  0.522743  1.38554  6.17978  7.74724  2.11632  6.31338  -77.8947  5.17774  -29.0899  3.73977  -5.88934  
0.381236  -4.61278  6.49598  33.5967  -2.7794  -5.56113  -0.160361  41.2147  7.19805  0.765752  -53.2052  4.51872  1.06395  1.50767  7.11879  -9.45276  -1.55698  -4.965  -5.68543  -184.036  13.978  -0.238956  -13.5158  2.24833  -0.565026  -7.02015  22.6061  20.5763  -1.22958  -13.3201  -26.3479  1.52959  -1.25501  1.00932  3.89028  -1.80291  10.6938  -60.2592  3.14399  -19.6282  1.57754  -4.39799  
1.11645  4.33434  0.25107  26.8274  1.17845  -1.87224  4.96081  27.5582  3.99727  1.43666  -16.342  11.9573  1.67187  2.67852  -4.51709  -5.62611  -4.38459  3.19091  2.17112  -104.395  13.6318  9.62108  -6.23973  6.01749  -1.82742  -4.97921  11.9627  68.7817  1.68943  -16.663  -54.1184  0.368329  -1.84968  -2.33692  3.34196  -4.72546  6.88955  43.0703  0.323019  -7.12238  -2.35575  1.49477  
1.10175  9.69467  -8.08758  22.442  -18.2527  0.210598  8.19749  21.6451  -0.341272  1.25867  30.8121  12.8516  1.67503  0.332268  -16.7898  0.276749  -1.56877  7.74985  9.52999  40.3789  8.28156  14.3808  0.082319  10.6493  -1.47558  -4.83774  -6.58635  64.5462  9.14581  -6.85491  -63.9132  -0.35726  2.02722  -4.38701  4.71673  -8.75294  -0.969821  149.308  -0.993487  -5.69048  -4.60462  6.84189  
0.110488  3.28668  -10.4918  28.7225  -39.38  -2.29322  4.95198  37.9632  -3.06844  0.0839924  49.7345  5.19034  1.98633  -4.65485  -11.9363  -6.03162  4.25274  5.24478  12.377  185.513  4.00839  8.6044  -1.8042  12.8121  -1.61804  -5.00707  -16.2698  12.8681  21.8576  6.36371  -23.1772  0.177669  6.74718  -6.15364  2.84917  -14.5692  -5.36499  161.271  1.36292  -10.7702  -5.05692  6.5878  
-1.19606  -9.08738  -6.71006  37.5209  -35.3249  -7.53208  -1.27008  41.5606  -3.23145  -1.26943  17.4322  -2.56321  1.27916  -7.16053  11.1067  -26.6004  11.7635  -0.316583  8.6383  225.047  1.70838  -3.16225  -4.68039  8.4327  -3.03616  -4.36554  -12.8882  -44.8912  29.8078  10.1492  53.0094  0.330662  6.0933  -7.57106  -3.08865  -17.3253  -3.50654  66.3442  6.52221  -11.0137  -6.67048  1.87388  
-1.80192  -11.6373  -5.77711  37.0161  -2.59447  -7.94509  -3.54725  1.79066  -0.959412  -1.74618  -34.2021  -4.92978  -1.39343  -5.58137  33.8181  -39.8133  17.9837  -2.84108  0.578851  147.491  -3.7521  -9.9948  1.77552  -0.834711  -3.63734  -3.35536  -7.5399  -59.5403  24.0999  1.60286  109.169  -0.570932  -0.6195  -8.21572  -7.61944  -11.0653  0.949873  -37.604  9.48527  -7.32664  -10.4244  -1.41577  
-1.47123  0.163174  -14.0815  18.247  35.5068  1.43189  -1.27179  -47.4453  1.76787  -1.26547  -57.8145  -3.70254  -4.54309  -2.90318  34.2205  -28.5612  17.7277  -1.19133  -4.91087  39.8681  -14.8963  -7.13834  13.1022  -7.30225  -1.23727  -2.57133  -11.0568  -26.6653  6.78246  -10.5777  95.3267  -1.96033  -6.78683  -8.23032  -6.46268  1.09842  1.62776  -45.4878  5.01903  -8.56025  -11.6953  0.269531  
-1.01535  11.9781  -24.9145  -16.5577  49.027  14.3942  -1.29036  -50.0311  1.78506  -0.804072  -34.0991  -1.45217  -5.11217  -1.07283  10.8563  -11.7735  8.92665  0.68006  -3.08079  -19.399  -23.6295  -2.05049  13.0423  -5.27253  2.14032  -1.91198  -19.5126  19.6986  -10.5053  -15.8157  25.3463  -3.00165  -6.53937  -7.39203  -2.84573  9.49708  -2.29529  17.9389  -5.02315  -14.8917  -5.70333  3.50641  
-1.08995  8.41119  -24.4628  -44.4585  28.352  18.0312  -9.16567  -10.3458  -1.23864  -0.945515  15.4521  1.81468  -2.23671  1.50348  -16.4926  -13.7437  -4.11322  -0.29743  2.54907  -62.5175  -19.9747  -2.93957  -2.52197  2.04041  1.93134  -1.48082  -20.8485  41.2089  -18.7899  -11.8033  -41.2167  -3.46674  -2.25321  -5.59326  -2.59184  10.404  -5.58497  48.5398  -12.0318  -19.04  3.79039  1.6852  
-1.19821  -5.88235  -7.63222  -38.3497  -6.04149  7.88386  -20.2322  13.731  -3.37938  -1.00002  44.7423  5.73711  0.627837  5.31154  -28.1899  -17.4717  -12.7429  -2.91792  4.13322  -168.157  -6.33788  -7.52863  -16.2489  5.70742  -2.04728  -1.87424  -10.3564  29.1999  -17.1604  -4.54987  -66.1347  -2.10093  -0.424696  -4.34398  -4.98844  10.6293  -3.28568  3.5802  -9.04034  -22.482  8.59044  -6.09777  
-0.355946  -12.3343  13.3903  -0.74423  -27.3961  -5.60587  -21.5956  -1.0806  -1.39284  0.0258465  37.0709  7.67786  -0.206634  8.11347  -20.2531  20.6031  -12.4366  -4.05722  0.934455  -349.109  4.7014  -7.52832  -11.3787  1.47686  -3.32648  -3.00538  4.50704  6.10597  -10.0637  -0.624306  -66.3483  0.905571  -2.41074  -5.46135  -3.35465  13.8736  3.19676  -33.0972  0.671681  -31.6803  4.63314  -12.7209  
1.38072  -3.79112  21.1602  32.5211  -27.4184  -9.16528  -6.86572  -12.5919  2.87361  1.84364  14.2957  6.7165  -4.06485  8.42385  -4.44761  87.6944  -5.95703  -1.85332  -1.2244  -493.891  6.11965  0.218164  7.02306  -6.58289  3.00069  -3.43533  11.0068  -11.7469  -2.1299  -2.3004  -66.723  3.14544  -3.51507  -7.25591  4.63289  13.3128  6.58194  -2.3404  6.63923  -38.6995  -3.25344  -11.1539  
2.68835  6.30623  11.1135  24.5529  -19.8693  -2.79089  13.6384  12.8693  5.29644  2.96853  13.018  4.35126  -5.51205  7.02999  6.80998  112.08  0.620428  3.07488  0.578327  -478.728  4.92458  7.46118  18.255  -10.3412  12.2432  -2.02279  5.98332  -28.2515  2.64244  -7.23231  -57.0418  1.42792  -0.851094  -5.71451  11.6483  0.796783  2.9715  18.4181  2.70959  -23.1419  -5.76603  -2.55857  
2.58491  2.97965  -3.97007  -11.8704  -15.6999  2.08061  20.6998  39.9902  5.19472  2.59823  37.1797  3.65675  -1.16479  4.59661  8.64208  49.5174  5.04565  8.37131  1.32809  -276.235  10.0844  6.60453  13.1577  -7.82567  13.5804  0.350359  -2.81792  -50.6515  2.72992  -12.2926  -25.0271  -2.62961  1.78941  -0.271203  10.052  -18.1473  -3.34414  -74.7445  -6.30732  15.7329  -0.367991  5.23986  
1.78245  -9.17673  -9.23374  -33.5229  -8.65614  -1.24885  7.71514  19.3545  4.92615  1.74347  58.4789  5.35436  5.94716  0.985758  3.92493  -51.305  9.06039  10.8433  -2.83804  -16.922  17.5977  -0.903893  3.18891  -3.0128  3.57737  1.91957  -4.39394  -65.3858  0.858399  -13.1627  5.21267  -3.42795  0.339942  4.07763  1.77224  -26.9647  -5.16984  -237.334  -9.95341  49.6153  5.87422  6.92612  
1.81263  -12.2835  -3.43888  -14.5325  10.3413  -7.12744  -10.1179  -33.0127  5.18692  1.95433  50.9891  7.15913  8.84141  -2.27443  -2.68001  -93.9651  15.0029  8.52268  -7.20063  136.397  15.6992  -7.29429  1.63353  -1.57929  -8.96108  2.08426  4.08364  -72.5508  0.812257  -5.66379  9.06156  2.02358  -2.39902  2.93056  -4.36573  -17.5318  -0.849508  -323.403  -3.15878  55.9681  5.27224  4.59904  
2.76592  -0.0396732  2.54269  21.687  28.9672  -7.96508  -11.6781  -51.889  3.6  3.00201  20.7129  6.14292  3.93654  -2.68495  -8.52108  -53.4572  23.8963  2.67274  -5.07576  134.884  0.48199  -8.25177  6.35319  -3.37645  -13.0576  1.78886  14.95  -100.377  3.06814  9.33168  4.2729  9.79072  -0.066397  -0.900639  -3.6284  -0.108085  4.55727  -273.907  8.22688  45.4976  -2.36272  3.65762  
2.96427  12.963  0.957492  36.7616  25.6789  -3.9711  6.04579  -19.5655  -0.733789  2.98248  -6.12702  2.94404  -5.22807  -2.89065  -13.0094  7.36035  32.179  -2.63209  -0.0159821  56.3544  -15.2993  -4.39366  6.12415  -5.1764  -8.26131  1.75438  18.2341  -165.772  2.79003  21.6634  24.4943  12.9329  7.47395  -1.54032  0.513365  10.4473  5.84178  -175.441  13.7248  35.8215  -8.18787  5.83491  
1.30208  10.0272  -3.92733  16.2818  1.28383  -1.80765  25.1014  12.8017  -4.61495  0.992272  -13.5215  0.283872  -10.6639  -8.60291  -15.2065  28.0406  34.999  -4.83275  0.228625  1.09144  -17.3237  0.928607  -1.74429  -5.50273  -3.11506  1.50018  11.8803  -221.631  -0.957497  19.3784  53.2331  8.45072  12.8193  2.06052  2.03856  9.96389  3.44005  -86.8521  9.19787  14.6598  -5.91566  8.0422  
-0.708119  -5.75308  -4.00736  -19.145  -19.5125  -3.72529  27.2557  -0.445423  -4.767  -1.0328  -8.70899  0.371445  -7.91566  -16.9059  -11.9426  22.5385  28.8656  -4.63434  -3.58221  -31.6827  -5.7924  6.11542  -8.64161  -5.18326  -2.88303  0.410958  1.73587  -181.68  -4.1117  2.36242  41.7665  -0.489316  10.0822  5.06388  -0.76318  8.07163  2.00384  55.7663  0.894263  -36.9851  2.02266  6.81281  
-0.645318  -15.1337  1.51321  -44.4034  -16.6885  -5.20233  13.0456  -35.1417  -2.11195  -0.576528  -6.05212  2.03927  0.513527  -13.1799  -2.72185  34.8566  14.6293  -4.71412  -1.1571  -99.6774  4.43866  8.55001  -6.83209  -3.89024  -3.1281  -0.973193  -3.91598  -37.8626  -2.69255  -14.6968  -10.1312  -7.45993  2.24874  3.95347  -4.1305  12.4183  4.1716  323.104  -2.69973  -96.0237  6.83812  2.67931  
1.39432  -7.31187  6.82053  -49.4036  -2.31951  -2.48912  -3.62057  -37.4263  -0.0771695  1.88418  -9.01638  2.76224  7.01908  9.07045  8.47804  58.6005  -4.27662  -6.47025  11.1293  -187.629  2.46696  5.9386  0.214106  0.634335  1.76969  -1.56649  -0.660083  125.785  0.685383  -16.5006  -38.502  -8.09687  -3.2557  0.872832  -3.85096  19.0553  7.24065  628.822  -0.649621  -107.872  4.77882  -1.18466  
2.43432  7.68666  6.9562  -37.2478  -1.54646  1.12416  -12.0214  -7.56458  -0.194394  2.94517  -12.1909  1.65763  6.34293  31.083  13.8296  48.4441  -22.5492  -8.82321  23.582  -226.38  -4.42525  0.157375  4.04852  8.13333  8.45543  -1.20074  9.01631  214.709  1.20551  -3.66985  -11.1517  -2.54512  -3.71428  -0.360435  0.660544  16.8385  8.18374  773.907  0.79744  -54.521  0.443788  -2.37928  
0.406158  12.1448  3.32907  -8.79797  -14.5493  -0.204904  -12.7957  7.34163  -0.710177  0.567005  -6.13889  -0.158898  1.16757  26.7642  8.59798  5.07132  -33.6944  -9.54143  23.644  -195.201  -3.26178  -4.11286  2.10549  12.1624  7.62493  -0.849308  18.3045  221.966  -2.37913  8.24717  17.3193  4.65957  -2.60754  0.122982  4.71915  2.68557  6.82049  635.211  -2.31542  15.8721  -1.49444  -2.14331  
-3.01875  1.89105  -0.956854  29.1313  -16.2771  -5.86041  -10.9587  -14.7558  -0.441944  -3.18004  10.5052  -1.19055  -1.84073  -1.28584  -4.67923  -9.96881  -29.3902  -7.15525  10.7379  -177.307  6.5704  -4.09051  -0.244791  7.29597  -2.55592  -1.10298  19.4034  187.344  -5.64266  7.44163  -15.7458  5.57491  -3.19236  -0.744245  3.15488  -13.4855  5.96249  275.278  -6.32593  43.7377  -0.523407  -3.03663  
-4.52056  -10.2214  -4.63964  56.4089  6.02901  -7.75704  -8.34533  -36.698  -0.160318  -4.7064  23.3657  -0.163782  -0.656504  -19.0701  -17.5087  39.4686  -5.37198  -2.11929  -4.29703  -245.727  10.5588  -3.68368  1.51182  -4.04738  -11.8676  -1.38769  10.8935  126.633  -5.86986  -3.50516  -84.4383  -4.96596  -4.5676  -4.72005  -3.20374  -18.9927  4.79458  -102.873  -6.13575  25.0108  -0.633  -5.91047  
-3.17097  -10.6642  -7.01909  51.335  28.9462  -1.41599  -4.64464  -23.189  -0.694705  -3.19863  22.7722  3.45947  0.761878  -4.56249  -19.0895  93.5507  26.5576  2.8099  -10.9707  -311.8  0.707558  -5.15717  5.22701  -12.8103  -10.0332  -0.851093  0.0428435  33.7461  -5.57667  -12.5965  -104.61  -20.5637  -4.67358  -9.65166  -7.6163  -12.9884  0.685687  -304.902  -3.25164  2.77964  -2.21402  -8.50926  
-1.13356  -0.197689  -6.46184  15.4694  18.7552  6.02365  -1.04684  6.33615  -1.54487  -1.07786  13.3888  7.85212  -1.8015  21.5659  -5.88053  70.7488  41.732  4.49978  -7.7666  -221.452  -11.7084  -5.42599  6.05149  -13.9742  -0.480579  0.32295  -3.26395  -59.6638  -6.03714  -12.0985  -46.9233  -26.5267  -3.48765  -11.5463  -5.34646  -7.51671  -5.73842  -267.075  -2.99459  5.07307  -2.04803  -8.33961  
-0.509976  10.1996  -3.035  -20.681  -18.3444  3.9419  -0.224612  10.466  -2.25056  -0.51385  15.9705  9.35718  -6.14137  22.6715  13.6354  -17.3921  25.3654  2.14828  -0.781025  52.4957  -10.0805  -1.6595  2.67628  -11.2587  4.8865  1.01624  2.67737  -86.753  -6.11903  -3.26834  32.5778  -15.1331  -1.87941  -7.8114  -0.0761549  -10.713  -9.75602  -89.4958  -5.58574  15.2098  0.966443  -5.16942  
-1.05869  11.7119  -1.34443  -26.8907  -39.5884  -7.4278  -1.27903  -10.1161  -3.04525  -1.139  38.9832  6.4482  -6.48168  -4.63227  21.5943  -71.9344  -4.59922  -1.85071  2.77129  336.372  3.60197  3.9631  -1.10199  -9.92564  0.177128  0.576366  9.07133  -40.0903  -4.26137  4.98057  67.4833  2.47176  0.335269  -0.511021  0.93032  -15.8043  -8.54819  54.6371  -5.38771  6.32555  3.46751  -1.29809  
-1.17932  4.2089  -3.79876  -5.64139  -14.6542  -14.4476  0.284932  -13.9611  -3.59763  -1.25418  51.6924  1.54456  -0.771592  -27.8808  9.44904  -34.5773  -10.2681  -4.21309  0.74204  421.261  10.7659  5.41264  -2.0433  -9.61188  -7.59037  -0.256642  8.12906  19.8336  -1.94034  3.72832  53.9116  8.14744  3.13617  4.78855  -2.94215  -10.893  -5.04473  74.4385  0.0668859  -16.6953  3.02226  1.30457  
-0.196994  -6.92685  -6.15866  19.4641  31.7473  -6.85187  8.44449  15.3225  -2.83555  -0.202863  20.6337  -0.957891  6.97511  -22.4854  -9.90907  31.4119  19.6178  -4.14148  -3.38279  281.708  1.59216  2.3771  -0.245856  -5.11812  -9.15848  -0.404134  1.08648  42.9566  -0.231564  -7.6076  23.7816  -1.43476  4.88521  4.11068  -4.88761  4.07439  -4.09165  10.758  5.44575  -26.179  2.04164  2.47489  
1.13744  -15.1712  -2.10521  31.6961  49.1894  8.45343  19.1372  40.2331  -0.887484  1.18778  -41.8727  0.364823  11.4047  -0.379017  -14.4105  39.6826  46.2757  -2.89236  -4.06124  89.7334  -10.6125  -1.65095  1.80687  4.17227  -3.93155  0.228346  -4.27739  58.2768  -0.411943  -17.4095  3.34349  -10.4263  4.2282  -0.29054  -0.594428  16.7455  -4.26834  -33.7843  5.16248  -9.87145  3.73796  3.10747  
1.72728  -15.1293  5.33339  37.6289  18.8645  15.9644  21.9672  22.8496  -0.205715  1.77799  -80.7715  2.71018  9.75251  12.0133  -0.0271964  -8.69998  21.4793  -1.72752  -0.449284  31.6622  -7.09395  -3.72526  2.36614  12.8417  1.62633  0.533136  -4.32412  108.057  -1.84075  -12.8741  -4.59852  -4.36719  2.54277  -2.55388  5.70719  17.8078  -0.76268  5.4209  1.17422  14.0992  5.10991  3.21117  
1.19226  -6.57263  6.59426  43.9546  -23.303  11.2917  10.8373  -15.0461  -1.85725  1.17585  -69.5786  2.94048  3.95894  7.56505  14.1024  -44.3987  -46.3008  -0.5362  3.00482  130.542  7.46235  -2.45317  1.64947  15.6038  4.04013  -0.243191  -1.91913  167.574  -4.49576  4.04302  -1.79241  10.5722  2.19512  -0.556848  7.86943  11.1513  5.04175  103.223  -0.540424  22.4226  1.44211  2.24116  
-0.0449027  3.09897  -0.902049  37.6802  -35.5273  3.3715  -7.68667  -22.7965  -3.38271  -0.136823  -46.6649  1.5374  -2.22491  0.408693  8.82362  -29.6157  -91.2317  0.701943  2.85352  231.415  11.7587  2.36862  0.87068  14.4088  4.58014  -1.46611  0.500533  163.661  -5.54134  14.7538  0.89059  16.8284  2.3361  1.43603  5.65157  7.31863  6.50285  199.84  1.11811  11.9469  -8.21838  0.716276  
-1.12405  4.14459  -7.30522  -0.43587  -15.5298  -0.208058  -20.5081  12.9895  -1.73584  -1.20472  -54.6652  0.699025  -4.53175  1.79628  -7.80978  5.69733  -63.6293  1.3866  0.783442  160.987  -2.54745  11.3264  1.4417  12.4022  4.64487  -1.69721  5.02637  64.4159  -1.95556  3.80309  -15.3822  8.93492  -0.040336  -0.89292  3.74823  8.73026  1.37602  233.451  1.38722  -2.47762  -17.9627  -0.221471  
-1.32864  -3.39647  -3.98256  -56.6985  6.91404  -2.25805  -21.3898  43.4422  2.21559  -1.27007  -74.5163  0.873997  -1.89765  7.73666  -11.6055  28.9695  6.10165  0.725219  -0.364453  -103.523  -16.8763  19.4457  2.65252  8.47051  3.17788  -0.383124  13.0909  -62.5529  4.11022  -21.3676  -47.1914  -1.52388  -5.27846  -4.69454  3.80996  10.5421  -3.28358  144.07  -2.3763  -8.86579  -21.4179  -0.151995  
-0.668223  -7.74357  3.37752  -79.5811  11.1802  -6.35109  -17.4314  19.8759  4.66473  -0.43915  -56.6137  0.566292  2.1547  9.18717  4.53773  38.2076  46.3464  -0.870638  -0.470685  -409.801  -11.5238  19.4964  2.70133  -1.41573  -0.282918  1.30223  17.2989  -126.877  4.94093  -36.0517  -63.2505  -4.90572  -8.92002  -4.41676  2.3269  7.36055  -1.03872  -57.1962  -6.44913  -8.55807  -17.2601  0.0658866  
0.146965  0.523806  3.21639  -45.1332  6.19989  -7.71619  -19.0935  -43.4298  3.89  0.404487  9.57399  -0.592045  2.48656  4.66146  23.3614  41.2285  34.8739  -1.9045  -1.02529  -563.131  8.56774  9.41997  -0.210703  -15.803  -3.4184  1.81287  9.78742  -106.758  -2.22131  -23.4588  -30.7524  -4.07495  -6.64018  0.598637  -2.22399  -0.351182  4.71153  -253.858  -6.02463  -7.89083  -9.66435  -0.195466  
0.403319  14.0521  -4.60243  5.58057  8.21488  -1.21328  -25.8282  -80.0717  2.3026  0.491842  67.9112  -0.912892  -1.80882  -1.13191  26.8115  27.002  21.9177  -1.16759  -0.802061  -477.137  20.6216  -5.84379  -4.44345  -26.1142  -3.4438  1.03199  -5.94462  -50.1648  -9.14631  7.09478  34.8487  -5.00841  -0.302526  4.47771  -6.16245  -8.13586  5.71396  -280.378  -1.82472  -7.83803  -2.45322  -0.186976  
0.0352549  16.9882  -8.09151  10.6828  12.6755  7.93783  -26.1107  -49.164  2.26657  -0.109882  78.7743  1.19129  -6.66999  -3.5479  18.0677  0.359986  52.8279  0.882438  1.1412  -235.287  13.7106  -17.6336  -5.48347  -26.0411  -1.5776  0.189846  -12.1077  -6.37718  -5.96182  30.2189  89.3969  -5.11322  3.80046  2.98353  -5.22898  -11.2888  0.99193  -93.0267  1.57715  -4.81648  3.19925  1.24215  
-0.499292  6.58458  -2.6954  -28.7886  7.65185  9.28262  -10.3895  15.1029  2.68993  -0.748616  60.1958  4.67015  -7.6545  -1.7835  9.00182  -9.55996  95.336  2.36072  2.84852  37.7257  -0.918202  -20.6007  -1.65668  -19.6519  -0.977659  0.0928077  -0.800748  15.57  4.4758  29.111  110.296  0.778953  2.00738  -0.94992  -0.889647  -7.45329  -2.93595  156.889  2.24191  2.24857  7.22144  2.81517  
-0.70309  -2.8237  1.94872  -46.8164  -9.23092  1.64184  15.8287  42.5071  1.82065  -0.873238  48.9026  7.35842  -4.50282  1.91968  1.5554  14.4035  78.9533  1.69115  1.22759  279.619  -7.74981  -14.4435  2.62864  -15.7662  -2.52005  0.290119  13.5746  17.8438  9.18291  10.2536  99.8374  8.64218  -2.43978  -2.16284  1.03444  1.16303  -2.01631  264.292  2.03477  9.60682  9.7534  2.20941  
-0.436608  -0.0364222  -2.89987  -2.67633  -25.4189  -5.5244  35.1008  9.64787  0.0726635  -0.474668  49.8676  8.19451  -0.352357  4.13855  -11.0319  41.1752  -4.44151  -0.238521  -2.47702  472.668  -7.29638  -4.66359  2.99375  -16.5116  -4.04895  0.148478  10.7303  -12.7793  2.56195  -6.80937  54.6201  9.45815  -3.38659  0.147751  -2.12563  7.08531  -0.323537  192.085  2.47619  12.5418  9.44181  -0.971662  
0.0782267  8.03602  -10.3142  52.4435  -28.1774  -5.9985  34.3418  -38.2581  -0.677369  0.0736748  50.9118  7.01838  1.91218  3.23606  -25.2614  25.8333  -77.409  -0.978074  -3.50937  552.03  -9.17849  0.0421322  -0.0850185  -15.9204  -3.90422  -0.0119621  -7.81266  -75.8441  -6.05803  -10.5147  -23.8868  2.04096  0.765163  2.81806  -6.13219  3.46301  -2.37009  80.5394  2.26712  8.65215  5.94459  -4.20089  
0.391904  6.63492  -7.64185  47.506  -19.4178  -3.84071  16.9685  -39.0697  -0.497066  0.326114  52.2321  4.51089  1.83064  1.69084  -26.4186  -33.3698  -72.8485  -0.113428  -0.710045  438.416  -14.2892  -4.7811  -1.68759  -9.3983  -3.04857  0.435678  -17.8014  -125.144  -7.24321  -6.77089  -97.2812  -3.91264  5.46277  2.70759  -5.73834  -7.23724  -6.12661  68.2198  0.308748  0.447374  1.45659  -5.06543  
0.192368  -4.42617  4.09987  -9.80072  -10.8688  -3.55465  -2.25363  6.51096  -1.3952  0.118267  62.4177  1.89764  0.87769  3.45417  -9.47289  -84.3955  -21.3359  0.0645383  2.35266  155.095  -14.3568  -13.2195  -0.756177  -0.583757  -2.73974  0.832372  -3.38673  -107.125  -2.49658  -8.38578  -104.716  -1.89522  5.69538  -0.538161  -1.16054  -15.1482  -6.4691  158.206  -1.51584  -5.60041  -0.56439  -3.83266  
-0.298372  -11.1129  11.3937  -42.1445  -10.0758  -4.12005  -13.3023  41.6028  -3.4783  -0.242754  62.2483  0.981707  0.584599  7.61863  9.80114  -82.6979  -1.09642  -1.94475  2.43221  -94.0599  -6.96088  -14.2997  -0.793421  4.94999  -1.86311  0.137705  20.0961  -27.9933  2.46977  -16.2824  -48.0149  3.54074  1.71299  -4.89205  2.39521  -13.3312  -2.92628  242.335  -0.84973  -4.81775  0.963779  -2.59555  
-0.451065  -6.38097  6.53892  -12.6013  -13.47  -3.89865  -17.454  26.6069  -4.06425  -0.236641  31.6493  1.89337  1.8541  9.06594  13.5196  -35.4309  -25.4859  -3.76589  0.97535  -100.805  -1.23537  -1.58904  -2.49308  5.88629  1.26862  -1.19465  25.4038  56.7978  8.07798  -18.3891  -14.0123  3.89747  -1.87943  -6.99691  1.14409  -6.85446  -0.269453  213.784  1.37594  0.254936  3.23333  -2.34159  
0.0759498  1.41466  -2.20258  26.4521  -14.8249  -5.64942  -19.2013  -15.2401  -1.3008  0.297981  2.53443  1.74323  4.25033  4.11603  2.55506  14.0212  -31.2504  -1.69874  0.857782  107.978  -3.41475  17.2178  -1.15703  2.64422  5.83995  -1.12855  7.26287  115.807  16.2684  -5.9403  -58.1446  -0.792714  -2.21146  -5.08589  -2.34637  -5.60639  -0.660791  45.2585  1.40596  2.95447  2.27407  -2.33759  
0.860548  1.59534  -3.27217  19.8578  -12.0968  -9.5471  -18.3757  -30.2185  2.5768  0.920341  8.37702  -1.79157  6.07055  -3.95679  -6.58503  26.9741  16.3289  3.80391  1.56035  275.522  -6.37546  29.7087  6.31504  -7.33386  8.60596  1.02213  -13.1836  162.933  20.2947  13.3337  -113.861  -4.36415  -0.65082  -1.69597  -2.76938  -11.0703  -0.700687  -195.633  -2.12002  0.457306  -1.75419  -1.5783  
1.14553  -2.1376  2.69041  -14.7221  -6.15637  -7.74985  -11.2771  -4.23278  3.67138  1.02804  24.0143  -5.96589  6.19641  -7.37225  -4.04185  5.29189  63.2631  7.63019  1.53088  195.781  0.296999  29.2516  13.4147  -22.5309  7.48831  3.00885  -15.1693  212.504  11.7027  24.5216  -71.0367  -3.88995  0.372127  -1.43389  1.13486  -14.7963  2.77272  -344.293  -5.63479  -2.48298  -3.88095  -0.181603  
0.700344  0.791211  6.22877  -21.8375  1.71924  5.02201  -0.11767  26.8263  1.33951  0.530871  -18.454  -4.17738  4.25082  -3.43129  3.4754  -18.9717  46.9757  5.86218  0.938414  -50.8359  12.7389  19.4176  11.2744  -30.3645  3.93224  2.25346  -2.90281  228.654  -4.15299  21.0208  52.6385  -3.35964  0.627076  -4.30034  5.30205  -10.1563  7.19779  -265.618  -4.94155  -1.01069  0.421591  1.6562  
0.0906265  10.3644  2.29568  7.74583  5.06835  19.9838  9.1483  18.7923  -1.18717  -0.0308051  -129.49  7.2438  1.44946  2.56288  7.17266  -12.8384  -7.5051  0.666433  1.27233  -219.292  16.8338  6.42325  -0.0195118  -17.0808  0.877996  -0.427876  4.93419  182.089  -9.22361  8.57815  122.045  -7.3157  1.11885  -4.78812  5.74286  -1.47716  7.22427  -7.60776  -0.525099  2.48952  9.95297  3.90589  
-0.046503  14.5847  -2.64883  33.7044  -4.14238  22.1984  14.1722  -23.8574  -1.244  -0.118806  -216.492  21.9978  -1.03066  2.41361  9.04954  21.6005  -28.1354  -2.66045  2.25091  -185.711  4.99989  -4.12788  -8.51224  14.3105  -0.851778  -1.71121  -1.00035  89.528  1.73202  -3.06045  58.8758  -13.4858  1.46676  0.863551  2.78583  0.993162  2.4381  195.282  2.91178  2.13339  17.6109  5.44672  
0.244562  6.35402  -0.897394  29.5516  -25.0437  11.3916  16.5775  -56.2245  0.253537  0.174124  -183.64  29.3856  -2.07443  -4.16223  12.2295  50.5796  -8.19174  -1.46202  1.89875  -63.0894  -11.1135  -11.1638  -5.0211  41.2327  -1.41802  -0.0061592  -10.2716  3.48527  12.9091  -8.45546  -42.63  -14.2416  0.339192  8.03242  0.205068  -5.02406  -1.32096  166.161  2.31671  -2.57529  15.9297  4.4572  
0.406805  -5.80897  7.04584  14.4292  -40.6512  3.81399  14.6351  -45.1845  1.27057  0.329708  -51.9961  25.0452  -1.67792  -8.87459  11.2869  37.8577  -13.4838  1.78444  0.632842  -11.0854  -14.3671  -14.0662  5.86769  44.273  -0.97618  2.23571  -8.47006  -53.7252  8.17582  -5.80049  -44.7178  -5.67379  -2.09535  9.3562  -0.38603  -9.99052  0.782793  -3.87506  -0.567218  -5.0516  2.68891  0.922908  
0.160884  -8.93945  13.3575  12.9333  -29.0087  10.8344  4.19035  -7.85604  1.86274  0.096657  57.1577  16.2983  -1.40023  -4.48521  0.349634  -8.72208  -70.9911  3.12118  0.389616  -56.3222  -2.92921  -14.4632  11.5031  27.8865  0.938596  2.09448  3.95272  -90.0506  -7.45155  1.61828  48.0077  5.92354  -3.71611  4.57217  -0.0528309  -5.16867  6.22848  -92.6188  -1.98689  -0.684599  -15.7532  -2.29996  
-0.234095  -2.20642  13.0885  20.0682  7.14793  22.5005  -11.7006  11.8915  3.07507  -0.270111  59.8653  13.322  -2.65573  5.15572  -12.427  -44.3593  -114.155  1.51797  1.63335  -108.928  9.06946  -13.256  6.41982  11.3585  2.9549  -0.181756  12.7799  -119.059  -17.7809  5.52936  108.757  10.8045  -3.12691  0.452282  -0.515861  7.06106  7.71386  -44.1509  -0.689609  6.76234  -28.993  -2.89087  
-0.397633  3.59183  7.3935  15.7126  34.7422  21.4533  -19.8977  -3.80692  3.88576  -0.407572  -4.39389  15.858  -4.86203  8.88585  -10.2136  -33.8731  -72.6257  -0.54915  1.85935  -116.859  7.60656  -9.79421  -2.42934  5.5749  3.22285  -1.7143  7.75481  -140.242  -16.372  -0.136076  64.8934  8.17822  -1.37909  0.799234  -1.50492  16.7018  3.1735  17.2694  1.2821  10.4631  -29.5209  -1.32843  
-0.332143  0.557014  0.960091  -4.44744  32.4293  6.14251  -9.92612  -23.9999  2.20602  -0.328794  -40.6603  11.6893  -5.82298  1.87921  9.32069  5.20965  25.604  -1.08512  -0.0583544  -118.423  -5.06507  -3.97619  -5.56774  5.03203  1.34161  -0.892928  -4.98591  -138.051  -9.94925  -9.38631  -18.3168  5.80463  -0.33426  2.09679  -1.88923  18.3536  -1.9952  43.1815  1.47736  8.72439  -19.3733  0.0914328  
-0.264643  -7.95847  -4.1928  -26.3291  12.1894  -7.59534  11.5877  -7.88445  -1.50185  -0.257082  -2.98294  -9.1002  -4.48883  -7.74223  25.4078  21.4737  86.4581  -1.32248  -2.54324  -154.946  -14.5811  1.96389  -1.85767  0.769564  -0.555061  1.12283  -8.98554  -101.97  -5.52101  -8.47494  -57.3105  6.75501  -0.59137  0.535689  -1.05024  15.1492  -2.91058  143.227  -0.255395  6.23742  -6.76711  0.318882  
-0.198226  -13.4655  -7.97334  -34.6332  5.64961  -7.29537  25.7145  41.2528  -3.33894  -0.191556  61.2936  -38.4998  -1.70567  -8.70503  18.282  -4.05906  65.8813  -3.19895  -4.23721  -210.488  -11.9342  3.93163  2.2445  -7.2439  -0.923742  2.30669  1.13632  -34.6997  -1.29015  6.76036  -51.6301  4.24259  -1.09338  -1.4395  0.885281  12.647  -0.96711  364.524  -2.16556  6.19271  1.7056  0.547951  
0.040699  -12.3616  -10.2606  -23.3658  13.2408  1.82239  20.4527  75.3498  -0.58764  0.0290486  84.9466  -55.2423  0.0928924  -0.427799  -1.78542  -34.9677  9.35517  -4.86092  -4.84134  -245.818  -1.93127  1.15502  1.90148  -12.1145  -0.342855  2.13116  12.2012  24.9233  4.10267  21.4736  -54.5809  -6.22838  -0.795172  0.519212  3.37406  11.5658  -0.839346  496.505  -2.39959  6.66103  6.77775  0.896116  
0.41556  -5.47525  -9.90745  -0.139799  9.46678  7.13016  4.38143  58.1053  4.19783  0.338229  48.7115  -46.144  0.670405  6.61037  -8.36803  -30.3929  -14.7535  -2.36195  -3.97942  -251.56  3.44486  -3.06426  -1.64007  -11.0197  -0.520785  1.41124  9.12003  38.171  6.29598  18.7721  -67.9305  -14.8999  0.409458  4.52829  5.24396  9.0483  -2.40751  312.182  -0.42511  4.49198  11.4484  0.724798  
0.617165  5.27345  -7.13445  18.1969  -14.8695  5.53271  -3.01601  7.58123  5.70544  0.419328  3.13822  -20.3274  1.74269  4.26646  4.26137  2.44928  6.37671  3.95518  -0.142392  -224.779  0.811243  -6.21509  -4.01385  -7.75424  -1.45944  1.21867  -7.81796  -7.52764  2.89676  0.769374  -34.9131  -9.94668  1.83126  5.00869  4.76969  3.07009  -1.87924  -106.908  2.23344  0.798982  15.434  -0.233309  
0.421717  15.5234  -4.46433  19.0341  -29.3399  4.12418  8.5811  -24.1719  2.18563  0.0941272  -0.280641  1.36018  4.33421  -4.40435  14.2205  19.8965  27.8343  7.97901  6.62879  -134.112  -3.38041  -8.15448  -3.62207  -5.16872  -1.58156  2.02576  -21.6228  -65.89  -1.96174  -13.3696  58.2567  4.64841  2.70032  1.47187  1.67219  -5.10703  1.10513  -415.388  3.25044  -1.11023  14.1586  -1.11374  
0.0136801  18.9491  -3.07252  9.59574  -4.74583  7.5777  29.6171  -16.3119  -2.95038  -0.364638  34.9046  8.30454  6.56078  -8.93245  2.76154  5.88693  6.38731  5.20089  10.7591  63.8771  -3.24721  -6.49342  -1.34695  -3.56875  -0.127263  3.2196  -20.578  -87.3315  -0.281989  -10.1832  140.291  11.372  2.63697  -0.0136809  -2.3436  -11.2887  2.19727  -397.167  1.54227  0.0595688  6.88715  -1.08856  
-0.27764  12.4705  -1.90128  11.9922  41.9149  10.5939  38.9546  4.74619  -5.27879  -0.551042  55.7271  6.66319  4.62448  -4.54609  -19.2556  -9.86722  -51.2253  -1.31815  7.40948  343.38  -0.599771  3.51122  1.1815  -1.47971  2.09484  3.03654  -11.3271  -80.3213  5.89617  2.84016  124.329  3.29644  1.59947  4.01997  -4.65227  -12.4609  -0.834275  -172.935  -1.20869  2.33429  -1.68522  -0.539893  
-0.375772  1.05085  1.20886  30.0028  63.0634  6.59129  24.6347  3.39411  -4.06326  -0.398985  35.3492  5.65721  -1.73028  3.96243  -26.7518  -1.18981  -95.2522  -5.72012  -0.11032  571.699  -0.97949  19.2416  3.89758  1.06468  3.43181  0.198475  -6.46027  -68.9823  8.89387  8.55514  10.1866  -6.48197  0.000646043  8.28763  -4.60593  -6.74269  -4.44265  6.64743  -1.76416  3.74724  -5.13183  0.536331  
-0.415333  -7.5006  6.28914  36.7131  41.3025  -4.18179  -2.01217  -17.7894  -2.05417  -0.153222  -2.22111  4.0973  -7.47748  9.06181  -11.5348  14.4573  -83.4414  -7.17206  -3.69066  619.479  -4.34396  26.3402  5.59417  1.97344  3.38636  -3.77989  -7.55121  -54.8997  5.14331  0.133665  -111.672  -3.44421  -1.44729  5.77096  -3.25583  1.728  -4.49631  38.5058  1.00272  4.20736  -3.86137  2.44821  
-0.457672  -11.7509  11.871  15.4506  0.379046  -16.3424  -16.8787  -24.9638  -1.33676  -0.0452034  -7.10847  -4.98553  -7.51073  8.09679  8.7947  7.21353  -24.7605  -8.58591  0.288094  464.529  -5.59577  14.2923  5.08054  2.61243  2.08083  -5.24662  -5.58688  -10.9365  -1.18182  -12.5131  -145.703  9.16709  -2.07912  -2.48739  -2.11362  4.94338  -2.85052  -10.5734  4.44492  3.6329  -1.69774  4.51518  
-0.393797  -13.1823  13.5997  -10.5662  -26.9157  -25.9842  -8.6747  -1.30975  -1.08431  -0.0632023  24.3098  -21.7018  -2.64975  4.55995  14.8129  -22.1738  30.7683  -8.90622  5.85854  208.084  -0.647204  -8.18631  2.57761  4.4615  0.0684748  -2.73694  2.53003  74.3127  -3.74007  -16.258  -89.264  17.198  -1.5432  -9.72208  -2.11174  -1.50292  -3.71504  -53.3882  4.9346  1.7427  -1.85767  4.60628  
-0.177156  -9.6999  8.51746  -11.1201  -33.93  -30.5245  6.5503  29.0382  0.865324  -0.101167  45.6433  -37.1862  1.81796  3.08596  5.68452  -39.3295  47.935  -3.4988  5.01363  -51.518  7.79398  -20.1951  0.154051  7.54954  -2.32032  0.983254  10.0603  152.795  -2.5871  -8.42924  -19.8049  13.1685  -0.0285151  -11.9744  -2.6869  -11.0738  -5.48764  -33.9123  1.54391  -1.00547  -3.38619  1.78426  
0.0889965  1.21642  -2.11423  6.87964  -26.2174  -24.8482  4.07822  32.2034  4.64025  -0.0769899  16.8934  -42.0769  3.18127  3.96186  -6.52199  -32.969  33.8468  7.12148  -1.93513  -255.248  12.3092  -13.4431  -1.28815  8.80421  -5.02479  2.34308  12.4228  162.867  -2.29361  2.4253  -13.86  3.06126  1.60285  -11.2122  -2.32572  -12.5516  -2.83073  67.3848  -3.00845  -2.17069  -3.89412  -2.05331  
0.294559  11.8996  -11.5016  4.36471  -9.01689  -7.05545  -18.5905  5.24104  7.62596  0.0235756  -44.7709  -35.7538  3.76452  3.52314  -11.538  -23.5688  18.5121  14.6566  -7.61817  -383.9  8.57463  -0.489757  -2.33283  7.18075  -7.38223  1.77789  11.7497  87.768  -5.20604  6.72734  -64.5168  -4.49696  2.50462  -9.1334  0.166455  -2.27241  4.04378  197.637  -5.43916  -0.749662  -3.20968  -3.66207  
0.441066  10.7706  -12.3207  -30.6697  7.45024  13.8817  -35.7116  -22.7693  6.78548  0.182649  -85.3513  -24.6281  5.44684  -0.270845  -6.66255  -26.6049  15.9726  12.757  -6.69184  -400.65  -1.18011  5.44622  -3.31857  6.7109  -7.6168  2.26138  10.4849  -22.4164  -7.4348  2.95804  -97.3342  -5.96691  2.15849  -4.17517  2.84857  9.21722  8.4234  221.963  -4.46044  0.91986  -2.45862  -2.70007  
0.479092  -0.695899  -5.87978  -56.4765  6.9904  22.9538  -23.6671  -27.8521  2.03268  0.263386  -72.4065  -15.1565  5.74351  -4.46802  2.57276  -23.6115  18.0317  4.73818  -1.40415  -308.364  -9.44384  6.99598  -3.46999  10.3858  -4.0331  4.3842  5.87599  -87.0515  -5.02958  -2.83841  -60.392  -4.77579  0.809998  3.286  2.07381  9.25981  5.51173  55.195  -1.40338  -0.634188  -0.447575  -1.48203  
0.28809  -7.1462  -0.716981  -33.8718  -11.0061  15.7669  6.86616  -18.6091  -3.48032  0.109913  -18.16  -9.66484  2.52289  -4.75484  9.83163  0.833612  13.4842  -1.13514  1.96426  -179.185  -11.5785  10.9673  -1.67438  13.8376  1.9901  5.34077  -2.28821  -70.7484  1.5861  -3.85872  12.5832  -4.7889  -0.451196  7.83546  -2.23808  -0.660474  0.0634949  -182.194  1.22914  -5.00855  3.70878  -1.58448  
-0.0948808  -0.339307  -2.44609  16.6485  -19.2296  3.97777  20.1487  -14.8316  -5.77862  -0.24002  34.2108  -6.32  -1.41494  -0.989084  9.94339  30.8551  3.46596  -1.23598  1.61562  -93.8035  -10.4994  12.7978  1.10819  10.3764  5.91847  3.9282  -7.11238  -6.14466  8.38361  -0.890864  48.519  -6.95446  -0.994123  5.83194  -4.32401  -8.64163  -1.70031  -232.255  1.78382  -8.20511  8.40979  -2.0906  
-0.282432  7.79676  -6.57598  35.325  7.4004  0.384135  0.177907  -18.9479  -3.90076  -0.436655  47.1063  -2.49506  -2.06941  1.72982  5.36566  39.8997  -2.58847  2.18182  0.445537  -49.8703  -12.2499  3.04937  3.07857  0.568851  4.69707  3.04433  -6.17187  25.1571  11.4946  -0.331407  23.3049  -8.88  -0.996316  2.01975  0.434641  -7.07429  -0.198422  -4.13241  0.645688  -6.57255  9.89031  -1.60536  
0.0482571  2.69361  -5.79819  -0.237416  46.8409  4.85459  -25.8444  -18.8002  -0.644969  -0.183183  21.8455  1.72007  -0.319256  0.418311  2.06834  23.6891  1.49673  5.15576  1.08808  17.6541  -17.4997  -13.4621  2.97444  -7.149  0.154922  5.31357  -7.74048  -1.06855  10.868  -4.91304  -7.91913  -7.03118  -1.11105  3.12377  8.51586  -2.04282  -0.947848  282.027  0.45089  -0.282661  6.83686  -0.849407  
0.609951  -10.4976  -0.495493  -46.4221  50.6163  7.09252  -19.9783  -10.4912  0.164306  0.325493  -20.2172  3.33502  -1.28239  -1.3494  2.79398  4.31016  8.4181  5.08047  1.91957  116.822  -19.107  -19.3463  1.29219  -9.05965  -2.08441  8.03294  -16.2555  -50.6473  8.92018  -9.22231  25.0967  -0.490284  -1.30731  7.4518  10.6509  -2.12484  -4.84395  309.446  2.73816  6.84712  -0.000226696  -0.962653  
0.67813  -14.5803  1.88545  -49.4214  3.19462  2.46264  17.9683  -1.48053  -2.27673  0.513436  -59.3827  -0.643699  -5.33909  1.64864  4.38327  -2.65924  5.47006  1.08058  -0.275351  148.907  -10.1988  -8.79979  -1.46897  -10.7538  0.502907  5.96799  -18.5608  -56.4139  6.66242  -6.30705  110.274  7.34659  -0.961321  6.67704  3.2684  -7.11994  -7.57784  25.1628  4.83229  9.89287  -6.9544  -1.28062  
-0.0674546  -5.67396  -1.38145  -12.1347  -51.1371  -4.21008  48.9065  5.27774  -4.90829  0.0462243  -92.0081  -8.13001  -6.74668  8.35823  3.60125  -5.55254  -5.19989  -4.57837  -4.17163  69.5993  5.198  4.97836  -3.64285  -17.0921  4.30355  -1.31502  -2.13585  -15.4882  5.55476  1.66573  158.362  12.2804  -0.122596  -1.38667  -6.61523  -8.69057  -6.20354  -274.292  2.35076  6.20327  -10.232  -0.277138  
-1.04454  2.32361  -3.94508  14.4068  -56.5925  -7.24405  43.6329  16.9026  -4.31865  -0.720138  -110.91  -13.5731  -1.5316  12.1689  1.427  -14.2154  -1.35207  -6.5173  -5.61455  -18.8259  14.5241  6.66612  -4.84285  -22.569  4.04515  -8.15251  19.8974  8.89412  4.91548  4.90891  100.959  13.7171  0.376241  -8.37308  -9.93484  -1.99314  -2.44956  -267.971  -4.51176  -0.646907  -6.87551  1.62691  
-1.32638  -0.184329  0.228924  0.767404  -14.1381  -6.26069  17.8312  29.9672  -0.560332  -1.06308  -99.1694  -13.7832  6.47868  9.0084  0.216294  -26.3934  26.6964  -1.97542  -2.90032  36.5656  12.6326  -2.66826  -4.82338  -17.5177  -0.609949  -9.20438  21.3699  -34.3046  4.9396  -1.20588  -19.7034  12.6579  0.393384  -6.32384  -5.88366  8.97577  0.487452  10.1234  -9.55004  -2.36535  1.43181  2.02313  
-0.640209  -5.76667  8.23523  -24.4301  25.0008  -3.46051  7.1873  29.853  3.39517  -0.653337  -42.1748  -10.7606  10.6947  2.3187  1.55552  -30.9555  46.3899  4.69057  0.332303  208.769  8.02884  -10.6402  -4.64217  -2.10671  -4.33889  -5.41818  1.86349  -114.935  3.22024  -7.16758  -83.8118  9.92818  1.15856  1.5416  -1.04035  17.1375  1.93931  199.512  -7.25015  4.0954  8.47709  0.342589  
0.366088  -3.96799  11.6433  -19.3315  19.7342  0.908439  18.3932  13.7074  5.30094  0.109642  32.7421  -9.3902  9.13496  -1.89411  3.72951  -27.0459  14.2868  6.14887  -0.291165  313.132  11.2567  -10.2804  -3.55139  12.5986  -3.05864  -1.65443  -8.44328  -141.685  -0.559815  -2.18913  -26.5871  6.41533  3.36788  6.74324  0.691394  19.1517  2.21163  20.3029  -0.0884984  10.6156  8.20251  -0.83512  
0.841578  2.54535  7.32221  12.3554  -12.7453  6.94296  23.1174  -1.52007  5.3768  0.557875  77.6164  -11.2095  4.6371  -2.29644  4.27077  -19.9002  -55.3135  1.2615  -4.3967  254.715  18.4593  -4.81191  -0.769205  17.5811  0.827507  -0.60184  4.30925  -56.1422  -5.66419  10.4868  72.427  3.57601  5.27736  6.52471  1.01396  15.2933  0.816401  -365.376  4.576  5.88963  0.577906  1.01867  
0.512964  4.80408  -0.503654  26.7577  -25.6198  11.723  1.01553  -0.939597  4.52409  0.382187  71.8224  -13.4836  -0.076122  -1.42603  -0.805841  -10.7383  -89.5485  -3.75815  -6.32272  153.057  14.645  -0.550317  2.35486  14.5851  1.83346  -1.04547  16.7135  103.412  -10.7668  16.0692  74.9726  1.56647  4.37582  4.9228  2.27663  7.54613  -1.80458  -532.176  3.8773  -8.0758  -7.29476  4.04827  
-0.173109  2.06015  -5.87748  0.353971  0.45583  11.0017  -30.0181  5.02121  2.21412  -0.121741  49.9923  -13.9067  -5.10796  -0.98411  -10.9387  1.74279  -43.1102  -3.70254  -4.19623  168.988  -4.67862  1.38787  2.36643  9.06441  -1.30597  -0.80783  3.08376  220.704  -11.7758  7.02854  -49.6096  -1.52323  0.662524  4.03685  3.33045  0.297294  -3.88994  -277.751  1.79523  -15.5559  -8.51122  4.71912  
-0.591133  1.83451  -6.37983  -32.4281  36.3754  3.50127  -37.3787  -0.155215  -1.84093  -0.434173  45.9437  -12.7548  -9.40586  0.0699578  -17.9537  9.22524  33.9562  -0.545419  -1.12532  258.638  -21.6852  4.89885  -1.83799  3.18384  -4.16865  0.211129  -20.6606  192.437  -7.72127  -5.51552  -177.915  -6.12177  -2.9123  1.28049  2.70735  -2.19024  -4.41291  158.358  2.17073  -6.9173  -2.84498  2.10976  
-0.481346  6.59876  -1.85015  -23.4572  37.2534  -5.85776  -16.3957  -10.7627  -5.63737  -0.305843  50.9563  -11.4131  -10.3222  1.64125  -11.7001  0.249729  54.1499  0.877558  -0.344874  234.159  -18.1682  13.3636  -5.97423  -3.5718  -3.1706  0.85693  -17.1867  33.1957  -1.16608  -7.92008  -176.173  -9.73489  -3.83682  -3.96033  1.79242  0.792336  -3.73238  394.757  3.09701  7.63721  3.33647  -0.945482  
-0.0725046  10.5805  4.18604  26.3724  -4.47447  -9.26004  7.36381  -8.48818  -5.83834  0.066847  34.5818  -10.0895  -6.2911  0.502791  5.64446  -23.1965  3.99333  -0.624045  -1.48769  44.0848  0.590289  23.4659  -5.66745  -11.7226  -0.508102  0.861515  15.8847  -110.937  4.35612  -0.95589  -62.2714  -8.55218  -2.57506  -7.84599  1.99991  4.57512  -2.54487  291.222  1.55193  10.0635  4.79264  -2.12675  
0.155219  8.61528  5.58701  65.7704  -50.4824  -4.57421  12.512  4.05504  -1.66853  0.226752  3.1736  -7.9124  0.165694  -4.87749  18.5001  -39.0953  -43.5058  -2.55773  -1.46137  -142.584  8.63681  24.7384  -1.84232  -20.5085  0.0621848  1.18216  40.1351  -105.721  7.0353  3.45983  21.6174  -3.12741  -1.54563  -7.25709  2.06416  4.89858  -1.35697  19.5459  -0.793442  -1.6374  0.581822  -1.94596  
-0.0366823  2.37171  -0.957871  50.778  -57.1781  1.15508  4.97476  3.34061  3.27591  -0.0204583  -8.13092  -5.86028  4.60323  -11.5529  13.2497  -23.3395  -26.1588  -3.28878  -0.363027  -173.746  -6.58089  10.2841  0.137416  -29.291  -1.25725  2.04672  29.0315  26.7696  8.23326  0.359561  -6.49559  2.60926  -1.91272  -5.04493  0.263915  1.95974  -0.606735  -221.622  -0.255427  -10.9672  -4.15287  -1.5355  
-0.451366  -2.72836  -11.0293  -6.14968  -23.5443  -0.472206  2.51682  -16.6086  4.26121  -0.441777  6.27476  -5.70995  4.93127  -13.8798  -5.05085  18.9496  31.7081  -3.51249  -0.899484  -125.78  -27.8195  -14.4608  -1.44243  -33.3227  -0.835198  2.34094  1.88055  128.445  10.1096  -2.73606  -61.8687  5.62104  -2.33771  -4.58379  -1.55273  -0.89776  -1.12667  -347.126  2.00524  -4.50959  -4.84396  -0.902188  
-0.630183  -3.44956  -15.4449  -50.8291  11.9977  -7.85025  7.40771  -29.9337  0.248623  -0.592153  0.127532  -7.24387  2.6489  -9.8633  -18.1474  52.593  61.7136  -3.62876  -2.43158  -166.31  -27.7434  -33.1128  -2.07931  -23.3271  2.69939  1.2269  -8.74613  89.5704  10.523  0.587916  -17.3389  6.10338  -1.3444  -3.81503  -0.736639  -1.49721  -1.70621  -336.214  1.26502  11.6629  0.794628  0.766864  
-0.363522  -1.36502  -11.7167  -47.6491  15.2738  -10.0403  7.9729  -13.1722  -4.87534  -0.339479  -55.435  -9.10428  0.923188  -3.38333  -15.5783  47.2986  45.1401  -2.56343  -0.444278  -275.062  -3.78217  -35.1995  1.3399  3.64679  5.74379  -0.0784471  -1.7747  -18.9939  7.22808  5.75182  105.059  5.59322  0.610495  1.56685  1.70595  -0.903266  -1.21009  -177.182  -3.02721  20.6047  8.02195  2.85638  
0.132845  -1.03838  -6.55388  -10.5711  -5.02696  -0.765411  0.583109  22.7569  -6.19446  0.0390632  -115.645  -9.89551  1.07445  0.151193  -4.30221  9.04583  23.4557  0.717635  7.62272  -260.475  18.4104  -23.9185  5.32128  35.2788  4.73642  0.416067  -0.170704  -57.7975  1.21545  4.16535  158.807  3.81767  1.83526  9.03814  1.93932  -0.503257  0.34868  51.9344  -5.09849  14.0449  8.87996  3.98294  
0.462048  -5.27564  -5.52882  15.8259  -11.6464  12.2627  -1.24811  45.4733  -2.70571  0.22786  -103.825  -10.5418  1.68965  -0.524693  1.64227  -20.4749  25.9782  4.30637  15.12  -32.0133  15.4467  -8.7994  4.56589  51.3239  0.128785  2.39036  -12.2651  -8.62981  -4.49524  -4.51464  79.6333  0.29101  1.54152  9.95485  -1.3765  0.0687303  0.39903  178.597  -1.00383  -0.391949  1.74155  3.42944  
0.456564  -11.41  -5.67122  9.74934  9.98927  17.594  13.4058  39.6831  1.67493  0.245014  -17.6589  -11.2711  1.05861  -1.67556  -2.21385  -17.1585  21.2652  4.80719  12.3508  221.353  -4.02594  5.31265  -1.31341  43.019  -4.64416  2.57307  -22.2008  11.1092  -9.0233  -10.0908  -14.0401  -4.00275  0.581025  1.03298  -4.51187  0.124245  -1.1058  107.901  4.80746  -9.22331  -4.86685  2  
0.210585  -11.4891  -1.39279  -6.14294  30.7075  14.076  32.3049  16.6378  2.86723  0.257341  66.0195  -11.2083  -0.721725  0.1231  -8.4815  0.0458236  -36.4276  1.0953  -0.846542  263.952  -10.7948  16.3346  -6.39828  22.4515  -7.52387  -1.31623  -17.3981  -47.7532  -15.2897  -5.9142  13.8509  -6.84426  -0.257685  -7.9858  -3.89357  -0.176947  -1.19316  -48.5527  4.9368  -6.35864  -1.41213  0.671968  
-0.103  -1.24206  5.81915  0.478824  17.3104  9.56738  31.4059  -2.32017  0.62808  0.234593  75.8687  -9.35949  -2.4555  3.66056  -6.53771  -3.32224  -128.343  -3.44012  -13.1628  81.5406  8.10783  20.4339  -6.27922  7.29751  -8.16683  -6.5084  -4.28113  -91.0161  -21.1555  3.48251  112.799  -8.2481  -1.04406  -4.88516  -0.191076  1.31426  1.42072  -101.607  -1.0331  2.7221  9.82415  -0.388998  
-0.345042  11.5743  11.1297  24.7103  -20.7491  8.8152  5.24353  -7.83841  -1.23565  0.022676  30.7389  -7.01663  -2.89488  3.97988  4.67593  -31.4432  -173.27  -4.42751  -13.6544  -110.809  29.7779  15.9346  -2.51901  3.07694  -7.26048  -7.42009  8.02948  -18.7652  -20.2973  7.41456  110.98  -9.66278  -1.98223  8.92118  3.10229  5.92606  3.16809  -0.198144  -6.20736  8.3915  13.7908  -1.90273  
-0.404289  13.6839  16.7846  24.6121  -37.898  7.85918  -23.0453  -2.81141  -0.0574296  -0.299172  0.898177  -6.09911  -1.3837  -0.679194  14.8766  -51.9207  -116.129  -1.36868  -4.95045  -126.485  23.0172  7.73822  0.0160443  2.28895  -4.97155  -2.21598  18.8348  95.9494  -7.41416  0.529988  -46.1596  -9.99679  -2.66797  16.9841  3.69179  11.4256  0.169444  122.206  -5.0438  6.98061  1.63447  -4.56308  
-0.2534  1.95934  28.1574  -20.6165  -7.07369  2.5046  -28.4869  0.895402  2.95554  -0.40682  14.295  -6.58385  1.65593  -5.94468  13.1137  -31.3592  1.00911  1.60236  1.81012  25.8565  -11.8954  1.54183  -0.79033  -1.40748  -1.70686  4.39517  26.3504  86.5557  11.0395  -10.9728  -207.558  -5.30003  -2.86624  7.3437  1.90021  13.3796  -5.90461  137.448  0.11568  2.9342  -16.7832  -6.86666  
-0.0652619  -11.0603  40.6209  -74.4487  42.1992  -4.17852  -12.1807  -4.8868  4.21316  -0.220903  36.1801  -5.94186  5.10719  -6.27434  0.312113  9.7285  78.4194  0.813304  1.42915  243.451  -41.1932  -3.24549  -2.64905  -4.66375  1.61657  6.76431  19.7825  -70.7149  20.4072  -15.3113  -202.819  4.7677  -3.2808  -10.4567  -0.481368  9.91327  -9.43031  46.2055  3.61153  1.88705  -24.6225  -6.32362  
-0.0476627  -10.9885  38.4683  -74.596  56.4803  -6.51087  2.55828  -14.9344  2.30291  -0.0661763  26.9164  -3.31752  6.72405  -2.46843  -10.3407  25.6099  67.8485  -2.3355  -0.883781  442.777  -36.4577  -9.13021  -2.91548  -2.77279  4.5057  4.64329  -5.58406  -221.994  14.7106  -6.21241  -48.1782  13.4134  -3.85949  -15.104  -1.7217  4.26872  -7.31878  -78.2749  3.37602  3.37685  -17.305  -2.02126  
-0.132602  1.15285  15.2826  -19.4633  20.884  -3.47912  0.861671  -15.0976  -0.661533  -0.195366  -3.96112  -1.49576  4.76312  -1.3517  -7.61019  -6.78858  19.1048  -3.43094  1.37938  572.141  -3.99986  -13.1857  -1.23107  2.30457  6.95328  2.56253  -28.8501  -214.21  3.39858  10.3418  86.9883  14.5092  -2.48548  -0.78164  -1.16738  0.969979  -1.34411  -182.384  1.86324  2.82463  -6.38153  3.03833  
-0.0179122  11.4071  -14.7292  25.9305  -23.3982  0.753655  -8.4631  0.612676  -2.12488  -0.357849  -19.1713  -5.02284  -0.261703  -6.69229  4.59511  -52.3196  8.50276  -0.964227  6.72213  563.392  27.1021  -9.66072  0.259611  3.65359  9.32683  3.32951  -23.7803  -71.8939  -0.0614257  20.0138  86.0862  11.1912  2.2737  14.1184  0.709996  1.38581  4.2452  -241.853  1.47099  -1.07518  -2.66366  5.04992  
0.346522  10.0937  -30.0157  7.34184  -29.0049  2.16423  -8.97234  19.9987  -2.07018  -0.194231  -4.22067  -14.8128  -5.47976  -13.5801  11.8038  -58.9001  40.0237  1.93216  9.03154  383.686  37.3342  -1.34693  -0.11564  -1.5679  10.6277  5.153  7.68735  52.0582  3.61955  13.0987  -5.83213  11.8798  7.58826  10.0232  2.54587  2.068  6.08168  -202.106  1.88475  -4.08865  -2.49448  3.59589  
0.591283  3.71617  -24.0571  -46.1835  2.83927  0.529674  0.916298  25.7159  -2.15765  0.168805  19.3744  -25.3659  -7.93291  -13.2001  5.66611  -15.5246  46.6862  2.09  5.54628  108.602  28.0998  2.48727  -1.89671  -9.28596  8.69266  5.40443  33.5952  67.2083  3.14619  -3.42555  -71.3997  14.7407  8.22927  -7.49891  3.48629  -0.438913  3.41036  -39.4138  1.75784  -2.73266  2.10526  1.66928  
0.415271  4.61067  -8.38682  -54.2202  29.1893  -2.23109  7.93734  17.1247  -2.85952  0.264909  26.1322  -29.4111  -6.68527  -2.95818  -6.38414  38.5035  -10.1436  0.285518  -0.46258  -103.911  11.2033  -1.67826  -3.16874  -12.9658  2.74593  4.68708  31.79  14.3022  -4.80217  -10.1618  -59.2461  9.01606  2.99751  -14.8297  3.55844  -6.13147  -1.70392  163.492  0.455768  1.1732  8.9204  1.25693  
0.0102484  13.9576  4.1441  9.55128  23.7605  -3.33286  4.12338  11.5022  -2.76524  -0.0730842  7.28457  -26.0576  -3.01862  11.7129  -12.4841  61.3084  -82.2587  -0.848677  -5.33141  -171.842  -3.1497  -6.20985  -2.3958  -10.382  -4.55684  5.15543  14.9446  -17.6402  -10.7372  5.41768  -5.35846  -6.85622  -2.78015  -1.69947  2.51044  -12.533  -3.93263  243.957  -1.38847  2.92003  8.26091  1.31923  
-0.193171  20.2641  10.8026  80.9769  1.38343  -2.22394  -3.17027  18.7354  -0.93303  -0.458851  -19.0906  -24.3916  0.616844  22.0587  -10.7721  45.491  -91.4914  -0.34915  -7.07136  -142.732  -7.94134  -5.04304  -0.0350154  -3.54264  -8.14082  6.10439  10.2432  -6.8167  -6.63914  31.4715  37.0433  -16.3753  -3.7882  15.3805  0.339406  -15.6568  -0.424474  119.831  -2.50513  0.902656  -1.38365  0.670566  
-0.203663  14.2626  13.879  78.7747  -7.42422  0.115376  -1.68448  28.6008  1.4172  -0.562008  -32.9969  -33.9705  2.51872  23.1658  -8.0631  13.2183  -28.9947  0.514731  -6.28692  -114.865  -3.19872  -1.72134  0.827037  3.32138  -5.51778  4.23076  16.7117  2.97399  0.281034  39.0216  53.2722  -6.3739  -1.17323  14.6202  -1.59773  -11.9761  4.9975  -95.9013  -2.20496  -1.99043  -10.2324  0.0912968  
-0.388483  0.0579534  14.272  5.82008  -0.242431  1.90341  9.61371  26.2076  1.96697  -0.473173  -24.4675  -47.9495  2.78058  15.4092  -6.68229  -14.4699  37.0738  0.593284  -4.75846  -172.849  3.33008  -4.25669  -1.38945  6.52452  -0.139989  -1.59853  7.75185  -44.8058  -1.76396  12.4758  58.8513  11.687  -0.256948  -2.9407  -1.25728  -2.49903  4.49465  -194.46  -0.978139  -1.67474  -7.98932  0.240774  
-0.769187  -11.1745  12.518  -60.5843  -0.367469  2.9464  20.6318  13.9563  0.61169  -0.393968  -1.7773  -40.5824  2.88543  4.19324  -3.06361  -29.932  51.4244  -0.1487  -4.29177  -317.655  2.04151  -10.4998  -4.58649  5.8991  2.03953  -7.53216  -25.8621  -146.02  -8.79073  -30.184  55.4216  15.252  -2.87162  -16.8246  0.79906  7.17324  -2.93325  -79.7049  -0.128611  2.17964  3.17151  0.115105  
-0.819389  -13.3109  11.0535  -58.5355  -16.5761  4.01578  21.8453  1.99029  -0.101835  -0.224997  7.13836  5.33211  3.60665  -4.64852  2.69541  -35.1246  31.5045  -1.1331  -4.57737  -460.799  -6.54567  -11.1347  -6.05146  4.32329  -0.34722  -8.68626  -54.5019  -218.31  -7.44432  -52.7077  32.2005  1.63816  -5.49692  -13.6808  1.18735  10.5204  -8.52544  107.193  -0.0708008  5.58656  12.3755  -0.82909  
-0.222848  -8.55215  11.0871  -6.17706  -31.5238  4.13032  12.6288  -3.95638  1.6926  0.179835  -10.0018  62.792  3.95061  -8.41723  4.70423  -30.2529  26.0899  -1.47672  -2.50054  -432.787  -13.8413  -1.79623  -5.45087  5.50258  -2.7185  -4.75868  -46.9231  -174.37  6.65158  -39.3733  -14.9451  -8.54668  -4.74986  -1.16334  -1.606  4.60315  -5.68092  132.118  0.193424  3.92444  12.8606  -0.975001  
0.528543  -1.60527  9.98653  38.8516  -26.1087  0.676077  -1.05983  -3.50153  4.12393  0.602553  -33.9662  70.007  2.76466  -9.46542  -1.76494  -23.4727  43.0822  -0.0225409  2.6831  -163.432  -14.6665  10.272  -4.41121  9.87516  -0.801615  -0.372453  -16.1598  -11.8066  18.9488  -9.79942  -69.3178  -2.77216  -1.9833  6.09536  -3.87809  -6.3102  1.63848  -81.1559  0.83463  -2.0896  6.95595  1.1353  
0.711184  4.76431  5.1513  46.3766  -5.55919  -5.73981  -13.9723  3.96024  3.88358  0.683753  -24.8524  0.305638  0.667227  -10.9436  -10.0126  -24.0902  47.9874  2.92296  6.99718  207.057  -12.3853  14.5519  -3.7203  13.6874  3.87724  0.339431  -3.81067  162.423  15.6571  5.33069  -104.44  6.47975  -0.450004  3.8236  -1.20404  -13.849  3.78798  -338.718  0.640847  -6.04908  1.49127  3.96497  
0.379169  7.35091  -1.44225  30.8227  12.6797  -9.25019  -23.7923  13.3162  0.774576  0.507928  14.6349  -84.7481  -0.140526  -11.8802  -9.83769  -34.7997  21.9903  4.71348  5.82676  411.527  -10.3045  8.90917  -2.19326  12.2863  6.08511  -1.89539  -18.2456  238.277  0.921485  -2.10416  -92.9125  4.16865  -0.317515  -0.701103  4.08225  -12.7682  -0.992193  -357.432  -0.834965  -3.20239  0.0777707  4.98192  
0.230149  2.67856  -5.41456  15.2758  21.4473  -4.75702  -30.6588  6.70054  -1.74139  0.49  48.8964  -85.3275  0.286179  -8.63339  -0.203721  -36.9824  -12.0365  3.27732  -0.0876145  348.475  -5.37925  1.01262  0.679545  4.63695  3.79938  -3.2669  -21.2295  221.776  -10.0894  -13.289  -15.2993  -4.73219  0.837661  -1.71733  4.42631  -3.4842  -4.67251  -72.0376  -1.5204  2.89228  1.45966  4.11822  
0.565329  -7.07433  -5.66257  5.36365  26.8349  4.09637  -35.2489  -19.5819  -1.82624  0.731795  44.2686  18.4178  0.08536  -1.46929  8.38266  -18.7021  -26.4952  0.6945  -5.04598  182.609  7.11782  1.1895  3.98785  -3.77556  0.112449  -2.06453  9.10262  189.87  -9.71793  -8.16304  111.591  -7.15877  3.64378  0.327502  -2.62497  6.66426  -1.77978  255.262  0.227046  4.13878  2.39643  3.51335  
0.761073  -13.6855  -4.32471  -4.49401  32.6257  7.0774  -37.96  -39.6308  -2.22462  0.71971  16.3406  129.343  -1.89134  3.24398  6.61151  10.3655  -25.6294  2.28384  -6.09611  125.707  23.7633  12.4048  7.02573  -4.50939  -1.2353  -0.551173  36.3807  180.174  -4.88867  13.2246  219.384  -6.27462  5.60141  2.87468  -9.42303  9.99276  3.46243  274.616  2.18521  -1.1444  0.340708  3.59371  
0.205561  -10.5642  -2.80839  -15.813  32.1044  -0.689775  -37.0997  -25.2864  -5.90197  0.0759066  2.10667  142.54  -4.19116  0.39701  -3.41182  25.1669  -29.8749  9.09466  -4.88744  199.565  34.409  27.5581  9.39691  4.21328  0.151846  -1.30083  13.6279  148.658  -4.25362  33.7119  239.184  -15.2014  4.61542  5.43917  -7.70006  4.84412  3.87154  -66.6315  0.831274  -6.98749  -4.12099  2.65945  
-0.688772  -1.36021  -1.15858  -20.2892  21.7761  -10.6435  -29.1509  10.8349  -9.96732  -0.744812  9.23968  69.9904  -4.9452  -5.78672  -11.4811  18.5204  -37.4554  14.4407  -3.85757  260.329  31.6691  33.6071  9.94965  13.6706  1.56455  -3.32167  -36.9332  81.2994  -6.35346  37.1288  168.79  -28.5378  1.76778  7.03384  0.323611  -2.0965  -0.625184  -431.665  -2.62148  -7.5838  -7.62867  0.236287  
-0.918836  4.36744  0.621118  -14.8106  6.41962  -10.0111  -11.5653  25.5471  -8.1792  -0.896153  15.1896  12.2762  -3.39232  -6.62773  -9.82393  5.35187  -26.6568  10.184  -2.74228  183.934  15.7594  21.4868  6.2694  12.2187  1.13954  -3.3957  -45.221  26.5808  -4.09486  19.9861  64.7202  -23.4465  -0.170143  5.14358  4.44709  -3.28081  -3.61555  -427.461  -3.01851  -3.4059  -6.2805  -1.31671  
-0.22938  3.18039  2.55176  -1.7854  -8.82186  2.99429  12.9944  3.5627  0.645012  -0.218756  5.37191  16.1248  -0.259544  0.385211  -0.196899  -5.27254  8.79452  -3.75639  -0.632323  -9.57412  -7.91991  -4.72416  -1.447  -1.4533  -1.1073  -0.618306  9.88352  11.7457  4.38542  -9.90066  -28.7947  6.34309  -0.271645  -0.34988  0.992306  2.40834  -2.36067  -31.3401  1.46539  2.27569  -0.443677  -0.788974  
