-0.0386473  0.0825788  9.9928  8.74372  -4.9589  -0.0435125  -0.0493135  2.16612  1.84796  4.38673  2.41794  -0.179332  -3.3721  2.67328  -1.46852  -44.6692  2.36848  3.83994  -1.15257  -1.31512  25.8741  3.40955  -0.352546  -1.73024  -3.27367  6.50715  0.0242149  -1.56916  -0.12481  4.43025  15.7123  -0.776551  2.05327  -0.00460461  -0.564135  0.18764  -0.714421  0.742041  -1.10067  -2.66  -4.27615  11.4914  
-0.68728  -0.666945  -64.1685  -12.5786  18.7367  -3.38302  -0.734218  8.38963  -5.53312  -24.3419  -8.52094  5.49754  -22.0659  -13.8502  2.09819  86.0135  -1.14357  -8.30141  -5.32459  2.15778  -92.9848  -15.8248  -3.05741  10.3019  4.79212  10.3543  -3.02966  -1.29505  -1.58272  -12.7915  -93.7819  21.2245  -2.75067  -3.25942  1.26772  3.47457  27.7603  0.720504  4.56255  2.24387  9.05675  79.779  
-1.55092  -1.55289  -108.736  -27.9171  19.8727  -9.00635  -1.61734  10.1502  -5.50139  -29.1961  -7.80302  8.80877  -37.3238  -29.7669  2.86866  288.047  -2.36665  -15.6451  -5.91996  3.44422  -103.249  -22.2918  -4.27357  14.0912  12.7073  12.4578  -5.02977  -2.28369  -1.14569  -20.7019  -114.242  16.1671  -4.26142  -5.61013  -9.97672  3.37179  27.9797  0.816561  4.3565  -2.1166  14.9324  37.5101  
-2.32534  -1.9109  -112.638  -33.0441  -1.02479  -11.2423  -2.38013  7.03655  -0.0926845  -13.7624  2.12586  8.29317  -41.8385  -40.4523  1.4345  458.384  -0.826679  -16.7758  -2.2329  2.50424  -9.80466  -16.2743  -3.83673  8.83795  19.7465  7.27859  -5.56847  -3.91621  1.05736  -18.4378  -51.9422  -1.60821  1.01969  -6.43311  -25.9428  -0.399459  4.96764  1.04442  -1.15297  -15.2536  15.827  -43.0118  
-2.43796  -1.54864  -103.043  -29.2509  -22.8208  -5.59228  -2.45099  3.47471  2.31226  0.318375  6.523  4.63725  -30.0015  -40.713  0.2469  411.495  1.86663  -12.9305  1.9182  0.871756  61.5485  -2.57753  -3.46653  0.825451  22.6697  -6.7955  -3.92863  -4.3613  3.67251  -11.8167  17.4669  -0.691456  9.1536  -5.2738  -28.6684  -4.75184  -12.6091  1.01787  -5.5139  -26.3604  21.7129  -37.6986  
-1.83358  -1.24317  -105.738  -19.4749  -27.7991  -2.51506  -1.8002  3.18098  -1.16052  3.57033  -0.0955289  0.938864  -6.90087  -29.4207  0.375978  115.482  3.39938  -7.51806  2.0537  -0.0303729  30.2141  7.79197  -4.5235  -4.05307  16.8487  -21.2497  -0.532895  -2.78157  4.59931  -6.2898  38.038  18.247  6.1891  -3.24626  -18.6181  -5.92696  -8.5006  0.311738  -3.34979  -25.0693  30.0256  53.2609  
-1.11451  -2.39424  -123.059  -8.25465  -16.9362  -10.8264  -1.05429  4.85395  -5.17481  2.58856  -8.23954  -0.183792  11.1359  -11.8756  -0.280558  -218.423  2.90516  -4.76571  -2.00331  0.585492  -71.3821  9.49752  -6.42204  -5.79295  4.91834  -25.9129  2.86954  -0.388902  3.07271  -3.4053  28.6761  26.2383  -10.8078  -2.50114  -12.8346  -3.25288  7.12419  -0.938527  2.25782  -13.3293  25.2129  123.138  
-0.853249  -4.41187  -122.038  3.79365  -2.58019  -19.0184  -0.789416  4.55628  -4.54734  6.37499  -6.32338  0.600191  12.4395  1.39077  -4.15876  -328.662  1.88011  -6.39021  -5.2438  2.69134  -159.796  4.51115  -7.05626  -8.31042  -4.6206  -21.4567  4.87847  1.19262  -0.188297  -2.2269  30.8027  7.4559  -21.7893  -3.86109  -15.8473  0.203208  13.9676  -1.573  3.24316  -3.16424  -3.1291  93.5207  
-0.926582  -4.85191  -73.8521  15.4296  3.17414  -9.81252  -0.871107  0.229068  -0.677725  12.2389  3.50646  0.836724  1.70827  3.57184  -9.91592  -188.243  2.92968  -7.67623  -3.58403  4.98779  -141.307  -1.99223  -5.76439  -12.9702  -5.35807  -16.4352  4.24112  1.58464  -3.09734  -2.41902  43.1309  -19.1615  -4.76591  -5.67282  -11.3771  0.6303  6.86598  -0.59445  -2.47219  -2.61374  -39.8974  26.6703  
-0.740432  -2.75243  -1.92479  21.9133  -1.1403  10.7072  -0.699808  -4.44121  1.62289  14.4931  8.68831  -0.41566  -6.10059  -3.00216  -12.5675  17.2948  6.24838  -1.40888  1.50067  5.0459  -20.9571  -2.24953  -4.23376  -15.4173  -1.11832  -13.7319  1.71168  1.56878  -3.88607  -2.30157  25.3249  -28.9703  26.7465  -4.81784  7.88664  -1.83772  -3.62219  1.2597  -7.78277  -7.62277  -56.9206  -8.45419  
-0.0131193  -0.256733  39.4545  18.4731  -7.684  14.8597  0.0071263  -5.74886  0.886815  11.4378  2.72243  -0.900896  -5.63514  -8.5704  -8.37502  76.904  8.75494  12.0359  5.39073  2.29622  134.112  6.96768  -3.40549  -10.5054  0.0431168  -8.56535  -1.05077  1.86709  -2.52995  0.721576  -31.7651  -22.4449  33.2288  -0.303427  24.1711  -3.98455  -8.02225  1.79851  -5.73911  -9.25271  -36.7197  -1.97998  
0.922488  0.0305987  23.1332  5.8436  -6.1415  -6.41776  0.926655  -4.66191  -0.339192  5.87658  -5.4086  1.4144  -5.89728  -7.43093  1.2395  25.4881  7.12167  20.4238  5.38799  -0.481353  216.098  20.8765  -2.22239  0.41232  -3.56162  0.368108  -2.48831  2.4738  -0.539354  6.34859  -80.8463  -12.0563  1.03871  5.29513  18.0151  -3.1169  -5.9257  0.193698  0.0191871  -5.42151  8.16524  19.5012  
1.58484  -1.37185  -32.7575  -5.12411  4.3354  -25.2303  1.58695  -3.99769  -0.266132  2.28999  -5.21576  5.22599  -14.9072  -2.46087  9.08159  33.7813  2.59144  12.5101  3.28499  -0.371566  196.294  26.1374  0.170818  9.19744  -4.28773  6.13736  -2.41089  3.22961  0.574803  10.8696  -66.5941  -3.36997  -32.7828  7.85958  -1.21263  -0.174867  -1.38533  -1.30213  0.619651  -1.22162  41.0604  57.8306  
1.82637  -1.49944  -89.0128  -3.47673  12.892  -12.1577  1.83785  -2.96687  0.336301  4.42022  1.87737  6.79667  -20.5476  -0.275921  8.95237  146.11  -0.258141  -5.50766  1.35323  1.93261  155.983  14.0226  2.68499  8.71692  3.5154  3.36307  -1.80426  3.46478  0.775496  8.88119  -1.98893  7.1694  -27.2997  5.58808  -9.86364  1.97729  1.9606  0.0680671  -5.09011  -0.85533  34.2183  118.266  
1.81057  0.846843  -131.147  8.94632  6.04688  25.1529  1.82563  0.298796  0.366251  11.6076  3.89272  4.24845  -10.1126  -0.588691  2.38112  180.315  0.0110518  -14.1806  0.0483371  3.30011  160.246  -8.75921  4.01001  1.38107  11.8322  -2.46774  -0.585894  2.28648  0.935201  -0.372368  49.3734  20.5993  6.52609  1.2596  -3.2915  2.01527  2.75003  3.67222  -7.50294  -2.86604  -2.85039  167.821  
1.69636  3.48826  -159.33  17.9382  -12.1061  50.2655  1.704  3.18001  0.268483  14.2244  -5.26573  -0.371925  9.84741  2.41052  -3.20814  -15.6867  -0.35331  -1.93435  -0.53721  3.03002  160.602  -24.5756  5.46163  -3.56724  6.7862  -3.58508  1.59888  -0.35289  1.51145  -10.6223  44.2203  28.6069  22.3933  -1.51364  -0.528698  0.618293  1.04785  5.68704  -0.313565  -3.74994  -33.1264  169.787  
1.50592  2.78124  -153.774  11.0678  -24.5477  42.0385  1.5079  0.261338  0.871229  4.08271  -17.1055  -3.16145  15.619  10.4543  -2.86855  -305.149  -4.72687  20.2681  -0.648741  3.59819  60.0452  -23.9265  8.11466  -0.612431  -15.0722  -0.230612  3.88049  -2.51523  1.83038  -12.6588  16.5565  27.2152  4.43923  -1.72103  -10.4295  0.0913655  -0.265192  3.64994  10.2108  -2.67834  -25.3951  141.616  
1.22854  -0.549173  -102.505  -4.60131  -20.8247  14.6134  1.23701  -6.80965  1.80575  -12.1616  -18.5283  -2.32555  -3.69113  19.4258  0.24203  -385.278  -10.2797  29.8678  -0.230668  5.73329  -115.298  -12.3873  9.46528  6.0882  -39.4157  0.582581  3.96024  -2.1391  1.21103  -3.31191  15.6112  21.5638  -16.2601  -1.44376  -18.0275  1.09515  3.17003  -0.423215  14.1998  -1.8785  10.1223  125.557  
0.927775  -2.93747  -29.5315  -10.3474  -12.7979  -4.14701  0.951006  -9.36368  2.02219  -16.4089  -5.066  0.57522  -31.9108  22.6733  0.599084  -130.567  -11.1862  16.6076  -0.522719  5.34981  -218.981  -4.04796  7.48818  8.308  -44.4043  -3.50905  1.44127  -0.0492807  -0.095193  9.56118  37.714  21.0127  -11.1793  -1.17935  -9.20441  2.68745  9.50798  -2.70421  11.2333  -3.53629  38.1997  117.93  
0.644449  -1.54259  20.4566  2.17467  -13.2925  -3.15996  0.679714  -2.33744  1.06795  -3.17571  11.4661  2.46886  -43.4706  17.8851  -1.92647  197.333  -6.41116  -5.37907  -1.44465  -0.907821  -178.14  -3.94831  3.65916  3.88257  -21.9779  -6.80738  -0.595855  0.3071  -1.35839  15.2996  38.6556  28.8962  5.83047  0.829654  6.0846  3.08701  12.1539  -2.25729  8.16805  -6.9016  28.6293  96.5599  
0.248258  1.25204  31.2669  19.2614  -14.4036  6.3008  0.287197  7.44864  -0.190154  11.8614  17.1016  1.38324  -32.1339  9.69936  -2.5072  248.659  -0.448632  -13.4926  -2.19716  -9.12935  -54.4344  -2.65484  1.92203  -1.63227  10.3496  -4.1055  0.495071  -2.89317  -1.70885  11.4151  4.97764  30.352  5.43113  4.27703  11.6257  1.76581  5.49214  -1.58327  6.67868  -8.47861  -11.08  63.0172  
-0.488354  1.41361  31.6228  21.7109  1.10229  7.78005  -0.455354  9.39594  -0.790303  11.2694  8.70093  -1.50012  -15.4516  6.80007  0.925188  14.1935  3.1851  -0.457509  -2.49363  -11.9524  48.2198  9.35154  2.14164  -2.24037  27.8032  1.7843  3.52481  -6.52922  -1.04002  4.33988  -24.0947  10.5477  -10.979  5.14257  7.11351  -0.4437  -6.62831  -2.86063  0.544812  -6.09055  -43.3346  26.8583  
-1.47923  -1.87057  43.0732  7.37754  29.7451  -5.05584  -1.45793  3.06713  -0.332992  1.51649  -3.18137  -3.23752  -10.0282  15.078  3.84629  -203.139  5.35295  17.0515  -3.38438  -7.55835  126.986  23.6556  1.09132  1.489  22.9953  4.60364  4.09446  -6.65811  0.352709  -0.610658  -14.7371  -22.4935  -17.7301  0.947773  5.56708  -2.67164  -13.9824  -5.22223  -11.9743  -2.55357  -38.8081  -14.795  
-2.08652  -4.90488  49.6221  -7.18872  45.6498  -24.1493  -2.07236  -2.94237  0.68983  5.14134  -5.72877  -1.85039  -11.9751  25.8491  1.4181  -212.486  7.43804  18.7099  -4.19418  -2.08182  176.595  19.8313  -1.55554  4.70537  11.3198  2.17818  0.962539  -4.02519  1.417  -3.75787  19.655  -36.4802  -5.06857  -5.16668  10.8206  -4.0099  -9.83902  -6.0752  -22.389  -3.00386  -5.23603  -117.689  
-1.59504  -3.89435  37.1886  -9.4759  33.2103  -32.9776  -1.57397  -1.629  1.63013  29.0099  3.37508  1.78772  -1.88715  18.2168  -4.09961  -145.192  8.37948  4.10719  -3.10098  -1.16745  146.528  -6.49891  -1.74199  4.22903  8.16544  -2.11007  -2.43426  -3.08917  1.27952  -7.00132  45.253  -16.3058  12.3627  -6.77712  12.8517  -4.76432  2.25077  -4.15078  -21.4011  -7.88737  20.9454  -244.051  
-0.109578  0.175082  15.4323  -2.23351  8.07563  -24.4111  -0.073352  2.01677  2.00081  50.4456  14.0422  4.72762  25.3116  -17.0568  -5.7127  -175.833  7.53611  -8.76257  0.447829  -3.23696  25.6295  -29.2658  2.32838  1.82549  9.74519  -3.99838  -2.60053  -5.4948  0.0926945  -7.36688  49.6001  10.2069  19.0866  -2.67091  5.05936  -4.97683  10.8615  -0.774755  -10.7949  -12.2295  16.7153  -289.047  
1.31359  2.94604  1.58155  2.44856  -6.98136  -7.5557  1.35041  1.58829  1.87536  38.4575  13.3026  4.78206  45.9873  -56.1012  0.407883  -214.883  7.46028  -6.8365  3.49551  -3.04794  -77.62  -21.6528  6.83019  0.203832  2.86171  -2.83726  -0.146454  -6.39905  -0.978897  -1.23905  34.7237  0.806691  17.4575  1.87264  -8.32909  -4.4978  9.80004  1.96775  0.181894  -12.8232  -6.53325  -179.761  
1.67508  1.6178  -13.9455  1.10555  -11.8428  1.82083  1.68696  -1.09618  1.12365  -6.55965  0.754064  2.26472  35.9761  -60.5239  8.66035  -77.878  9.74609  4.651  3.23068  0.358337  -55.4652  10.4942  6.36659  -0.413662  -8.25192  -0.73801  0.936349  -1.28813  -1.14596  6.5329  3.25317  -37.9839  15.1373  1.81041  -18.49  -2.73835  2.38955  3.24774  6.15947  -12.0339  -18.2253  5.14295  
1.03681  -2.41627  -49.6884  -1.16916  -19.3226  1.09348  1.00637  0.337108  -0.0444066  -48.206  -12.4352  -0.708956  -2.95813  -24.6072  10.0866  145.709  10.5617  11.1766  0.989306  2.55757  27.3659  30.2408  1.69618  -1.59334  -5.15915  0.893248  -0.202964  7.54774  -0.25042  6.37351  -35.2316  -48.4896  11.5254  -2.08203  -16.0723  -0.0487872  -2.73112  4.29472  8.78559  -11.8528  -6.87411  107.45  
0.246859  -4.68446  -103.397  0.30015  -26.8128  1.80976  0.177466  6.95907  -1.17771  -48.4286  -15.8533  -1.81109  -41.5436  13.1396  2.73157  184.085  4.09724  9.03572  0.216842  1.20144  -3.02895  15.7412  -1.9794  -4.05856  14.5782  2.07194  -0.00046318  11.944  0.710098  -3.66954  -50.4638  1.95579  4.45788  -4.99571  2.34824  2.33325  -2.6549  6.49392  10.2948  -9.55908  9.09997  63.9559  
-0.156084  -3.13564  -137.718  0.252932  -17.9556  9.35181  -0.243981  10.8469  -1.36053  -9.57686  -11.8078  -0.042417  -55.2983  15.8899  -6.22277  -1.35304  -8.55071  6.39129  1.93372  -0.243623  -144.905  -12.2739  -1.96937  -6.55592  24.8819  2.05281  3.02192  8.38579  0.60814  -12.6814  -23.2346  66.8681  -1.78857  -5.17191  28.1172  3.1085  -1.00106  9.00005  9.33205  -2.75706  8.76558  -39.6955  
-0.34003  0.305618  -115.525  -6.06717  8.7727  12.5364  -0.411546  6.89619  -0.190587  30.8019  -10.5571  2.97223  -47.2097  -8.28659  -8.79746  -122.375  -18.2373  7.99213  3.1631  1.96309  -186.218  -19.818  -0.629389  -7.90473  4.86818  -0.383212  4.9988  1.80564  -0.791703  -9.18712  20.8196  70.6873  -3.93901  -4.5363  39.8293  2.25716  -1.29475  8.66843  5.96674  3.51757  -5.56927  -89.0607  
-0.624037  2.31374  -50.5606  -14.1927  29.0526  1.11553  -0.647662  -0.454178  1.579  40.4342  -14.4112  4.2662  -33.9135  -22.1157  -4.14331  11.732  -17.2219  9.25366  1.67812  6.18929  -15.3256  1.65282  -0.647029  -7.85862  -30.3133  -3.71579  0.894738  -0.870029  -2.62145  3.85155  40.8376  8.93657  -7.0283  -4.38235  24.2223  0.938393  -1.12885  3.76034  4.25068  2.20662  -17.6356  -37.4507  
-0.986506  1.35137  7.11008  -16.3382  21.5394  -13.5736  -0.954818  -3.99888  1.81818  20.3379  -15.8486  1.80105  -21.8168  -10.7144  1.33609  156.536  -8.00975  5.39131  -1.84224  6.95531  194.136  21.2773  -1.3969  -6.5417  -44.5624  -5.3168  -6.91054  0.84562  -2.97284  13.2205  34.1253  -45.3076  -13.9724  -4.52015  -3.80824  0.177994  2.66102  -3.08134  5.64173  -4.87475  -17.2306  57.8565  
-1.2033  -1.17893  25.3633  -8.79278  -4.21676  -10.9536  -1.14373  -2.51608  -0.569216  -4.64405  -8.3681  -2.52896  -9.53733  3.23259  2.47254  -21.1038  -0.342158  -1.29816  -4.69865  2.9322  172.183  15.1585  -0.764368  -4.13452  -27.214  -3.63769  -9.9035  1.67062  -1.4623  10.2315  25.5712  -36.5161  -17.5926  -4.3284  -17.234  -0.0250783  7.60517  -6.70625  5.15038  -7.49996  -12.0498  131.493  
-1.16686  -2.80659  19.9091  0.527502  -18.9701  5.69101  -1.11954  -2.74338  -3.99052  -17.0812  3.5905  -4.18127  1.50145  -3.83242  -0.419742  -344.584  0.0349519  -4.91847  -5.39274  -2.18716  -61.8108  -8.55625  1.3044  -0.835109  -0.191522  -1.36428  -4.29355  -0.852038  0.598826  -0.709245  26.5918  4.58481  -8.92968  -3.95894  -9.93572  0.0153146  8.49998  -4.84611  -2.09839  -0.134131  -8.0449  134.909  
-0.901454  -2.19542  10.8628  2.61009  -6.01457  12.1167  -0.885726  -6.0461  -5.20635  -16.9061  10.9113  -1.18328  5.96708  -21.6541  -3.36239  -266.219  -2.44799  -6.40329  -4.68868  -4.6726  -251.344  -17.1363  2.85894  2.95647  12.2193  -1.66173  4.30408  -3.77059  1.5661  -7.7166  18.1173  20.3146  6.06498  -3.04763  -2.00029  0.15733  5.55226  -0.71597  -11.5771  10.0273  -4.66219  65.851  
-0.584258  0.0401865  -2.71948  -3.15746  19.5177  -3.02911  -0.594883  -7.25544  -3.27449  -10.089  12.6187  2.93966  8.79003  -25.5674  -3.54111  332.315  0.526998  -9.98141  -3.54608  -4.73601  -264.245  3.74644  2.40243  6.81421  9.66468  -4.37227  7.12632  -3.12499  0.954311  -4.12478  -9.29931  7.26782  10.3048  -0.84834  -9.54283  0.508214  3.21136  0.952784  -13.4791  11.5006  1.83517  -29.4021  
-0.495343  2.69041  -42.9393  -6.173  31.098  -18.8671  -0.527527  -1.86871  -0.659495  -1.31956  15.8315  3.35062  20.4581  -11.0074  -1.72291  818.649  9.52437  -14.7007  -2.00165  -4.62014  -193.735  33.7086  0.817201  9.80751  3.27536  -5.2658  3.34579  0.194931  0.354726  5.89323  -30.0285  4.86781  -1.75597  2.34419  -21.8077  0.189668  2.09807  -0.611252  -5.03476  2.72202  10.0631  -58.9426  
-0.719918  4.11604  -82.344  -0.0274135  16.7258  -12.2923  -0.776797  4.6192  0.0595898  3.93272  23.7262  -0.0135201  40.0194  3.50258  -0.215895  583.092  14.8726  -13.244  -0.0658741  -4.04287  -164.791  40.1048  -0.118469  10.5719  -2.00182  -1.67162  -0.414597  2.70613  0.929509  12.1324  -18.9446  25.6368  -16.2183  4.08293  -20.4036  -1.14444  -0.957942  -2.18407  4.98546  -6.70383  14.7055  22.0496  
-0.82271  3.02549  -70.0345  10.0849  -8.23885  8.85667  -0.895796  3.70315  -0.492121  -1.36077  28.6387  -2.06442  48.078  4.31456  -0.487487  -151.795  7.21749  -1.85482  1.60223  -2.01856  -107.789  17.4666  0.111869  8.71449  -6.36248  4.02017  0.325591  3.27323  1.63737  7.58922  7.57884  38.7666  -15.0768  2.89764  -5.86908  -2.61055  -6.75984  -0.975331  7.81089  -7.71344  12.2495  162.32  
-0.293205  0.578787  -11.9832  9.96116  -20.4302  18.3374  -0.359224  -4.29705  0.630704  -15.3394  20.706  0.299177  30.176  -0.849593  -1.72691  -519.727  -10.0421  12.0759  2.06405  -1.01133  88.2845  -7.4941  1.14835  6.02069  -5.31302  6.9251  3.56591  3.11622  0.886495  -3.52031  19.3835  25.094  2.37175  0.418429  5.98237  -2.21216  -8.07269  2.35916  4.97386  -1.39179  1.25716  228.195  
0.645874  -0.296632  9.15576  -0.0922843  -14.2942  9.02069  0.600738  -8.7093  3.20862  -23.8307  4.01621  3.86146  -1.53467  0.706925  -1.10403  -142.45  -22.3542  17.7175  1.21787  -4.07499  337.644  -12.0339  2.25039  4.61451  5.0345  4.61537  4.52508  2.79006  -1.64971  -8.75251  10.7436  5.75006  19.8248  -0.0877937  9.95207  0.601359  -2.48302  5.15497  3.82703  4.40316  -11.8805  149.448  
1.09058  1.80461  -66.932  -7.13513  -2.15091  1.01079  1.05666  -3.56463  3.96878  -17.5291  -9.76487  3.75886  -20.6001  9.16437  2.68629  394.001  -19.1516  12.1926  0.00449369  -9.30649  413.111  -6.95836  3.20827  3.86313  17.6852  -0.0752082  2.12071  1.01895  -4.29015  -0.773765  4.67215  3.32572  21.7387  0.869764  16.4067  3.56998  2.96488  5.69302  5.98837  5.64421  -18.0735  -9.07949  
0.614786  3.70535  -167.989  -0.120029  1.29359  8.45371  0.580719  4.52246  1.54473  -2.67176  -12.939  0.611367  -16.6024  12.8293  7.55215  340.231  -4.94359  4.14588  -1.08549  -9.00761  222.372  -16.5348  3.69811  1.12313  17.5324  -2.64839  -1.78197  -1.66947  -4.96882  14.1821  15.4137  10.1959  9.37861  0.359576  29.8785  4.1775  0.344577  3.96732  5.98846  5.20988  -10.2574  -138.264  
-0.0813146  0.707304  -175.029  11.0879  -0.807021  18.7136  -0.0987995  5.49597  -0.806087  6.39091  -11.9233  -0.445783  -5.58593  7.39602  8.95576  -239.38  6.86464  1.34235  -2.26998  -0.320646  -69.3836  -40.9353  3.07051  -4.02931  0.0871896  -2.27391  -4.20502  -2.2516  -3.33251  20.4666  32.1232  8.35213  -3.88012  -2.08502  38.3682  1.995  -7.47634  0.748673  0.581527  6.81183  10.0324  -175.036  
-0.0299321  -5.91923  -63.7571  8.67065  2.414  14.5318  -0.00129753  -1.26751  0.29928  9.49555  -15.1383  2.42878  -6.30052  -0.68949  5.22591  -584.97  8.66747  1.86727  -3.66479  9.3554  -212.682  -46.6781  1.50101  -8.02138  -20.2965  -2.18057  -4.00027  0.766211  -0.776399  11.0634  32.2857  -0.806698  -3.91937  -2.73696  28.105  -0.532594  -10.4887  -2.7585  -5.3023  8.9139  30.9007  -175.496  
0.796999  -9.30285  51.6733  -7.78144  12.3149  -1.96543  0.872675  -6.95695  3.23835  14.6826  -21.4143  4.94088  -17.1953  -3.83732  -0.602703  -282.824  4.7022  -0.359084  -3.31535  10.014  -147.577  -11.937  0.0911302  -7.36415  -23.1318  -5.03292  -1.72581  4.42257  0.739511  -5.91581  9.09013  -5.99204  8.08646  1.01257  5.05454  -1.52651  -5.01783  -4.77793  -5.07312  7.87691  39.9602  -183.842  
1.54109  -5.34897  82.7206  -21.1835  16.702  -13.2172  1.62125  -3.87049  4.0556  21.8957  -21.9549  2.78543  -26.0038  -2.62587  -3.05069  207.372  3.41385  -4.13688  0.289954  2.31916  -25.0196  40.2098  -0.0793669  -3.07958  -2.91509  -8.53834  0.327524  4.05431  1.00829  -15.2859  -23.8513  -13.8238  15.8348  5.79763  -13.1063  -0.760901  0.85122  -3.9475  1.28918  4.0935  32.0673  -199.077  
1.57874  0.993718  61.1351  -18.1909  6.6031  -10.6981  1.61525  5.82095  1.81076  18.6334  -11.3646  -1.80522  -26.905  0.965819  -1.68401  219.882  7.17822  -1.46208  5.08143  -3.99894  9.31158  66.3733  0.758317  0.557776  23.6114  -7.80376  0.924645  -0.605519  1.16631  -10.8462  -48.4055  -33.8416  8.31013  5.73521  -17.5019  0.148006  -0.301171  -0.834988  8.04174  1.73421  13.6334  -155.161  
1.07537  1.90646  85.2885  -7.41857  -11.9514  -1.56576  1.06147  13.6459  -0.199319  -0.0392246  3.93196  -3.48299  -28.6139  7.02254  -1.37438  -230.968  10.2254  9.05774  6.85123  -3.12989  -45.7701  50.3298  2.10356  0.914709  28.7119  -1.53322  0.688002  -4.92598  1.82696  0.823804  -52.6309  -53.2914  -4.44839  -0.0228928  -15.1745  0.0914882  -6.19699  2.1535  9.86341  2.24427  -2.25439  -36.7962  
0.526258  -3.12669  163.046  -0.28123  -25.7065  4.37821  0.497883  12.5131  0.22247  -16.613  13.9662  -1.13368  -30.0824  14.8321  -5.70237  -518.212  6.08107  17.2195  4.10032  -0.0926839  -105.657  19.4096  3.53053  -0.900844  1.21714  4.90583  1.38603  -4.27725  2.57567  8.23329  -37.4349  -50.8893  0.939314  -5.37809  -14.2188  -0.507302  -9.19158  2.88347  6.64984  2.80547  -4.65614  98.769  
0.087001  -6.73318  205.974  3.36624  -26.8679  2.06763  0.0816419  4.53455  1.33219  -13.5165  14.2241  1.10093  -19.2668  17.6297  -11.972  -288.565  -4.60797  12.1172  0.233588  -1.8102  -107.218  3.76652  4.28183  -1.94365  -38.8892  6.04716  3.17682  0.0565266  2.08863  6.135  -15.7204  -26.3249  27.1597  -4.36163  -12.8178  -1.08606  -5.93683  1.33896  2.14847  0.944149  2.40673  172.553  
-0.368824  -4.28692  147.743  8.1995  -19.255  -5.93393  -0.352245  -2.76824  0.597238  2.92357  8.39555  -0.137122  8.13258  8.31545  -13.3881  118.344  -13.654  -3.59096  -1.24294  -5.66615  -46.0641  7.08101  4.21356  -0.840965  -57.5209  1.98257  3.52583  2.75535  0.802634  -0.305725  2.98041  -1.06173  44.5706  1.65775  -4.48342  -0.845686  1.55231  -0.536933  -0.0553938  -1.48028  2.51694  171.64  
-0.840105  0.977658  50.0688  10.1993  -11.5067  -13.5205  -0.838048  -3.47193  -1.54627  7.56297  3.11228  -2.65172  36.2629  -11.0568  -7.45  167.312  -13.6373  -16.8826  -0.570123  -4.88821  39.0081  13.259  4.27443  2.09002  -39.973  -1.7635  0.900653  0.803438  0.106314  -3.55642  13.0805  14.0661  23.9542  6.47126  8.85179  0.348742  6.93641  -0.683389  0.407607  -1.3539  -9.47291  128.811  
-1.06144  4.09148  10.7787  5.87327  -8.39912  -11.7302  -1.0992  -0.221713  -2.57051  -8.07103  2.79891  -2.28423  41.2957  -28.5042  -0.294175  -168.282  -4.9973  -18.2044  -0.382643  0.152202  81.2355  8.12857  5.86835  5.11615  -4.95656  -1.1105  -2.53158  -3.13121  -0.0170496  -1.91133  18.1815  29.3856  -24.6127  5.64247  18.1234  1.57412  6.08834  0.969213  -0.0655575  0.901423  -17.6702  82.6419  
-0.789174  4.78827  46.9429  4.46487  -8.214  -1.80288  -0.845428  0.812017  -1.74546  -23.5329  6.21272  1.32053  22.1999  -34.202  2.26618  -419.308  5.50957  -10.1172  -0.952719  1.49558  60.0484  -1.86486  8.41817  6.07036  17.6283  2.15478  -3.79813  -4.30557  -1.13341  0.415606  24.3915  46.7287  -61.2404  1.56351  16.3741  1.59264  0.980184  2.2796  -4.32072  2.36044  -8.52873  57.4931  
-0.15948  6.20219  76.9694  16.5571  -5.07469  4.2761  -0.184691  -3.12819  -0.786622  -16.2219  10.4505  3.9718  -1.26622  -27.3885  0.91561  -277.146  12.0783  -1.16579  -0.0961364  -4.09322  -26.0097  -8.30153  8.15711  4.28509  18.5444  3.01362  -2.57672  -1.40281  -3.92801  0.0178915  31.0342  44.7846  -61.9508  -0.739211  5.25042  0.469629  -2.33365  1.01692  -10.3008  1.78549  7.01053  38.6366  
0.368651  7.80884  41.8581  29.2283  3.0733  -4.17565  0.39674  -8.19873  -0.954917  6.93659  12.4561  3.24615  -9.9059  -14.1271  0.771843  77.9292  12.978  2.01869  2.31583  -9.69799  -115.618  -9.14273  2.39776  1.92962  11.7732  -0.58644  -0.455145  2.89136  -5.92574  -1.8271  32.1964  6.14111  -40.9505  -0.141397  -8.81689  -0.884499  1.27627  -2.31943  -11.7439  0.812024  6.39699  -4.41756  
0.399852  6.73429  -20.8291  20.1206  12.5708  -15.6938  0.443554  -10.1849  -1.35007  19.7261  11.4594  1.7846  -3.78381  -1.88428  3.44563  285.893  8.92325  -0.979983  3.4985  -7.79519  -141.987  -15.1504  -5.13786  2.37728  8.92141  -5.85843  1.26986  5.72994  -4.37837  -0.976344  26.3159  -44.9581  -20.1235  -0.500775  -18.4851  -1.17872  9.23354  -4.42229  -6.01461  1.38149  -9.37951  -82.1894  
0.110737  3.24541  -42.0526  -10.1073  17.2506  -8.52514  0.111564  -8.11459  -0.549349  11.2834  7.44704  3.48807  6.38229  6.17335  5.44788  291.844  1.97615  -4.94329  1.40561  0.136564  -67.6054  -30.4005  -8.04866  5.93334  3.82411  -7.67045  2.52715  6.55031  -0.0432244  1.1598  24.2324  -61.7563  -0.373505  -4.08787  -17.5279  -0.412467  13.3393  -2.91683  2.26216  3.36188  -13.9829  -161.667  
0.0283347  0.518751  -19.2442  -29.3983  14.6365  20.5026  -0.0276488  -2.81172  1.10892  -0.667581  0.527325  7.56035  12.1783  10.491  4.93426  252.514  -3.38154  -3.33974  -2.14902  5.96026  83.2422  -42.9445  -4.35259  8.36368  -10.6166  -3.86873  2.6849  5.80204  3.09472  2.18634  38.1646  -28.9559  26.2538  -7.208  -5.83973  -0.140067  9.2244  0.595272  6.72185  4.79555  0.69187  -190.708  
0.357722  0.0446594  9.328  -13.3562  2.39481  45.3625  0.296513  4.59891  1.87303  2.35436  -8.21873  9.25074  11.6452  12.3129  3.75023  223.548  -3.45864  4.43457  -3.91085  5.47899  229.884  -38.7538  0.405836  5.11452  -27.1374  2.87044  1.07485  3.60836  2.83146  2.60882  59.9622  17.0096  47.6095  -5.18701  8.69794  -1.00066  2.11786  1.90947  6.56995  3.75622  11.206  -169.73  
0.669013  -1.58824  17.6831  21.5519  -14.7418  42.0652  0.665781  10.1348  1.61098  14.7505  -14.5238  5.85375  6.03318  10.7698  3.87803  71.0095  -0.96314  11.8158  -3.20102  1.73071  282.399  -16.2232  0.349194  -2.85142  -27.678  7.06318  -1.22381  0.412778  0.66724  4.84224  59.1646  34.6364  41.5415  -0.0335107  13.7481  -1.8696  -1.33844  -0.528137  5.8697  0.314824  -0.658863  -153.305  
0.517105  -6.23525  29.1867  39.616  -25.2324  17.9231  0.580772  10.6841  1.01208  16.0437  -14.6194  0.524088  -4.67667  0.790632  1.94655  -239.851  -3.40859  11.1316  -1.81629  0.0661229  191.482  7.98823  -3.05408  -9.99361  -7.5822  5.31136  -1.27609  -2.0113  -0.325976  7.45072  11.6184  26.4621  10.6906  1.9682  6.18967  -1.30341  -1.77753  -3.32405  7.23643  -2.59153  -14.6849  -170.694  
0.117803  -10.615  55.9713  29.5029  -19.0048  0.94332  0.199649  7.71227  0.62512  1.1413  -8.33756  -1.88103  -16.0791  -17.689  -4.88488  -475.814  -12.0663  2.26171  -1.37155  1.85343  22.6008  17.7696  -3.54506  -11.6872  16.872  -0.176009  1.49625  -2.32703  0.472441  6.83383  -62.8963  25.6346  -15.1795  -0.70321  -3.17567  -0.152982  -5.21322  -2.54062  8.58425  -1.7659  -0.746425  -155.37  
-0.0338125  -10.7096  80.9229  10.9505  1.87684  4.84283  0.015803  6.83945  0.157867  -12.5758  -1.53314  -1.27646  -20.7936  -32.5703  -11.9769  -372.63  -17.6716  -6.99215  -1.8707  5.15566  -104.685  15.9073  1.51378  -8.66654  24.2926  -3.75157  4.27293  -1.19349  1.14885  3.08004  -114.314  41.4509  -15.127  -2.81332  -2.38828  0.152097  -12.2129  0.787368  7.07961  2.01674  28.3779  -58.1795  
0.0262883  -7.5879  82.8487  4.30039  17.5797  14.4615  0.0345988  8.82932  -0.198055  -9.20121  0.709658  -1.49813  -14.6758  -27.7174  -10.4405  -5.82416  -11.5862  -9.49148  -2.17013  7.18835  -131.614  15.0259  7.6895  -4.52805  12.4001  -2.23096  3.96195  -0.863724  0.0802309  0.278197  -108.376  42.2165  -1.85728  -0.303246  6.82663  -0.474597  -16.429  2.21751  2.7061  4.3558  33.7398  74.5589  
-0.234846  -5.65823  73.0247  6.76871  14.9583  9.78868  -0.24656  5.98225  0.164795  4.45677  -1.23556  -5.00561  -1.97645  -1.53724  0.752312  284.788  1.60372  -3.72954  -1.08278  6.1014  -113.664  16.7956  8.04963  -1.50861  -0.985206  1.48613  0.773475  -2.73473  -1.96742  -0.115457  -60.0663  10.6004  -0.513744  3.21412  12.8913  -0.77994  -11.2413  0.211583  -1.64462  2.61209  8.52304  138.804  
-0.901077  -4.71511  59.0243  2.89617  -1.39813  -8.69962  -0.921819  -5.97621  1.17239  10.2108  -3.4628  -8.71048  6.03492  25.9677  11.8049  232.29  9.16487  6.23731  1.26698  2.72089  -96.9688  11.0662  1.646  0.769829  -0.310645  2.4669  -1.87283  -6.11824  -2.63031  -1.80877  -4.07298  -25.4142  -11.6131  3.14702  9.23611  0.146658  -0.660426  -1.67309  -3.52619  -0.194594  -9.40904  108.91  
-1.27395  -0.636091  32.475  -8.1798  -13.3981  -22.8199  -1.31236  -20.0553  1.05562  1.54279  -3.86102  -8.872  5.96883  33.39  11.3657  -68.4531  6.24744  14.1424  3.27454  0.230961  -87.469  -4.09612  -5.68673  3.08931  10.9369  -0.533508  -1.74779  -8.36117  -1.00744  -6.16869  39.1185  -29.0632  -13.5492  1.62329  0.958039  0.943403  5.10416  0.172248  -2.56256  0.480007  2.14454  73.9529  
-0.811139  7.81437  -11.9456  -13.273  -14.39  -20.8893  -0.871993  -23.7367  -0.672961  -9.83309  -4.70933  -5.74696  4.49111  22.8333  1.2984  -331.468  0.898468  14.2864  3.43807  1.10343  -70.1789  -11.3156  -7.42936  4.71467  12.9667  -3.549  0.407719  -7.27114  1.54901  -8.31518  63.9273  -7.76045  1.86785  2.48891  -4.04689  0.277714  0.870118  4.0418  -0.69388  4.93582  17.1079  112.358  
0.0263804  15.0769  -38.2544  -3.85016  -8.9712  -10.6349  -0.0407889  -15.8139  -2.1358  -10.4107  -7.2467  -3.51267  10.7318  14.8164  -6.27896  -337.626  1.82181  7.06803  1.86196  4.30257  -76.6769  1.40349  -3.03034  4.50404  -5.48412  -2.26419  1.87075  -2.7559  2.94805  -4.37202  63.034  -1.77337  15.8496  3.66085  -4.81734  -0.615046  -6.42433  5.09234  -0.968087  8.64816  1.99728  161.081  
0.363055  15.0529  -6.26983  8.60895  -2.77818  -5.65071  0.317999  -6.9801  -1.53607  0.360774  -9.02388  -4.22135  21.5731  22.2241  -3.78157  -107.995  7.18733  -1.49931  0.339128  4.95241  -87.1606  20.6106  1.51627  2.7072  -31.9048  2.48391  1.34691  2.10179  2.83428  1.37498  25.141  -23.8737  8.36008  0.075481  -1.26592  0.735411  -7.04825  1.61573  -4.5782  8.57121  -29.5604  111.038  
0.0797007  7.98737  64.4759  6.75243  8.24018  -8.19056  0.0739592  -4.58131  0.75082  11.6862  -7.83401  -5.38178  23.0098  34.4635  2.64071  180.157  8.3093  -4.70332  0.59723  -0.164518  -45.6316  23.8493  0.568164  0.967336  -40.4669  5.83838  -0.763664  3.65985  2.07239  3.13238  -40.6852  -42.5044  -11.6933  -5.65458  8.92137  3.95184  0.929309  -2.85943  -9.10363  5.71103  -36.6563  -22.3135  
-0.175385  0.800948  110.752  -9.84665  22.5871  -6.68129  -0.147185  -4.53202  2.68078  15.2918  -2.51516  -3.05287  9.97598  33.0323  1.32852  283.108  1.69132  -1.47277  2.12747  -8.50415  86.604  4.77416  -4.4161  0.596636  -20.9746  4.6752  -2.82995  1.36692  1.48199  2.67583  -89.6815  -35.062  -16.5741  -5.63914  21.4836  5.79675  7.99029  -4.30283  -10.5538  2.42826  -9.33515  -112.681  
-0.0534815  -1.28139  97.9445  -18.9933  29.5454  3.93665  -0.0125499  -0.779208  3.2129  11.1094  4.63565  2.52677  -2.05561  14.872  -8.76452  113.119  -6.96518  2.67042  3.07828  -14.0621  201.967  -19.587  -6.51297  1.18714  9.08188  1.81858  -3.87006  -1.24739  0.817747  4.24442  -78.4394  -17.5539  3.32172  2.03809  21.5854  3.51299  6.60565  -2.8314  -8.11976  -0.576556  14.7725  -97.1505  
0.091456  1.03264  64.5329  -5.03196  21.7796  14.3697  0.117714  5.54886  2.91933  4.31253  10.3145  6.73936  3.41219  -6.16992  -15.7944  -180.829  -9.77929  3.23128  2.67815  -13.1044  169.586  -32.3465  -1.74161  1.60458  24.8284  1.67109  -3.7901  -0.442013  -0.165688  6.30163  -5.81054  -17.2738  25.6328  8.90271  2.22969  -1.53365  -0.546544  -1.30409  -4.06229  -2.71028  8.38176  -57.8035  
-0.0221084  4.1061  60.4771  19.6425  3.36679  13.06  -0.025442  7.65604  1.91002  -1.45145  11.4892  6.09983  20.5853  -17.7821  -10.9135  -307.34  -5.37721  0.823851  0.380337  -7.11952  -3.50208  -33.0061  5.13187  1.03043  18.4673  5.36888  -2.62891  3.50828  -1.16489  2.95495  72.1735  -24.9118  22.9157  8.05572  -18.2452  -4.79848  -5.37017  -1.21789  -0.256169  -2.14159  -10.2943  -90.4944  
-0.165698  5.01895  91.0044  26.694  -14.5354  3.3828  -0.191398  4.16477  -0.345458  -5.83438  6.58616  1.72346  24.571  -20.1029  1.36242  -119.125  0.6845  -1.3953  -2.78055  -1.45797  -145.214  -28.9799  6.46171  0.161739  3.98865  9.00721  -0.78471  6.12661  -1.93447  -4.31628  94.0993  -11.3476  -1.24689  3.19907  -14.9799  -3.9499  -3.56002  -1.4083  3.90982  1.3621  -9.44111  -164.415  
-0.225256  3.15012  121.363  11.0343  -22.9011  -4.18242  -0.253701  -0.0809731  -3.26571  -8.46361  -2.2114  -2.29498  4.94483  -18.2635  8.68167  198.479  2.78253  -1.86893  -4.97323  -0.248153  -145.616  -19.8547  1.46502  -0.0749583  -6.44855  7.56957  1.5902  4.32432  -2.70612  -6.68102  53.0148  25.6596  -19.1922  2.28727  9.46379  -0.764595  1.55808  -0.814538  9.14645  4.19897  9.10348  -163.503  
-0.560041  -0.649625  132.287  -4.34675  -19.6013  -5.46829  -0.577985  -1.32136  -4.81276  -8.79802  -9.3505  -3.95312  -16.8419  -14.3755  6.5675  336.217  0.611868  -1.21578  -4.18076  -2.98545  -73.8597  -4.71853  -3.44339  0.122603  -15.2162  1.06417  3.80812  -0.412451  -3.76448  -1.59049  0.118004  49.4025  -12.8753  5.47349  23.6429  0.5373  3.76045  -0.0731561  13.025  2.33184  14.0897  -61.1218  
-1.20294  -3.5497  118.718  3.17164  -7.65677  -8.10124  -1.21283  -0.140831  -4.48099  -5.52601  -10.9436  -4.52239  -13.4097  -9.57682  1.67984  208.434  -2.13857  -1.3499  -0.852634  -4.81967  -48.8048  9.72291  -2.75033  -0.44327  -29.035  -5.83306  5.10173  -3.20447  -4.30109  2.07615  -7.08644  38.2891  4.61175  6.26764  10.8263  -1.26205  1.5629  0.101287  12.3077  -2.28849  -5.01965  52.9126  
-1.32813  -3.08611  54.3204  25.0688  2.3543  -13.671  -1.33281  1.35546  -3.29173  0.426259  -7.96423  -5.18573  7.29829  -7.44596  1.66106  12.8103  -2.65074  -2.73475  1.49519  -1.79579  -76.1276  18.4244  1.22875  -2.27129  -41.8899  -7.40756  4.53415  -1.27117  -3.36108  -1.65467  27.2235  14.8529  7.34722  1.10668  -7.96678  -3.18827  -2.42607  -0.0586586  7.14532  -3.70337  -19.3081  71.2685  
-0.320511  0.218529  -70.6977  30.386  -2.93625  -11.9978  -0.315187  2.43407  -2.80405  5.25575  -4.4075  -5.33664  9.75909  -8.92354  5.37073  -63.4291  -1.19147  -3.89505  0.301099  3.79157  -64.1758  21.8844  2.57435  -4.10825  -36.4188  -1.77438  2.4202  3.35944  -0.914168  -6.32867  57.552  14.2729  -7.70065  -5.03055  -8.36307  -2.65959  -4.87323  0.0438828  2.09633  0.139513  -3.60986  -2.04422  
0.980495  1.99875  -194.799  7.63684  -22.9537  1.56545  0.997726  2.68096  -2.59629  5.21167  -1.59782  -4.64158  -16.135  -8.2845  6.94956  -38.181  0.547957  -1.15416  -1.87284  5.64707  33.7942  21.8711  -0.524163  -4.2095  -9.32453  6.68712  -0.181362  5.77041  1.27488  -2.804  47.2956  27.5963  -19.432  -5.9635  -2.19141  -0.633628  -4.20944  -0.0050911  1.44278  4.59868  22.5761  -77.0926  
1.15565  -0.738715  -207.258  -16.8932  -34.1207  15.9767  1.1725  2.48215  -1.28711  0.874098  -0.351559  -4.60189  -38.8515  1.05918  4.59738  -7.47752  1.21524  4.41727  -0.684092  1.15947  126.456  11.8141  -3.99035  -2.46065  22.5611  10.3727  -1.76127  3.52699  1.78773  4.8149  13.7195  18.6127  -10.6128  -2.04039  -15.8747  -0.0635822  -1.29987  -0.527156  3.80138  5.2309  20.4378  -93.3144  
0.244674  -5.48168  -93.0614  -15.2918  -10.9217  15.6658  0.245772  2.02384  0.882562  -2.29912  0.986276  -6.41656  -24.437  14.2501  0.843812  -12.5182  0.510632  8.32532  4.0704  -3.60129  123.55  -14.0409  -3.68049  -0.236059  37.0571  5.73079  -2.74304  -0.563763  1.0254  5.95091  -0.493535  -15.3857  10.2578  0.959242  -41.035  -1.27622  1.3547  -0.733039  4.33541  3.8419  -15.8169  -32.6083  
-0.212648  -6.71586  35.4107  6.90936  38.2782  2.66488  -0.227054  1.85134  2.89007  -0.420523  3.84157  -7.70051  10.99  17.1103  -2.37706  4.98836  -0.281796  7.65674  7.08717  -1.3921  32.9835  -45.7032  -0.428058  1.31918  28.3672  -2.42328  -3.70592  -1.85066  0.287973  -0.0347123  15.5462  -32.2767  20.4383  -0.248516  -36.6208  -1.92584  2.05456  0.215457  0.527915  4.34839  -44.449  53.9819  
0.490109  -3.19548  62.4342  17.7474  74.9513  -6.94537  0.468783  1.90695  3.76257  5.74509  7.11247  -5.01524  22.4694  4.05616  -4.99185  25.5925  0.771868  4.18153  4.61415  6.03232  -69.1436  -57.1162  2.15529  2.53538  11.9189  -3.95284  -3.89282  0.54451  0.699885  -1.95365  34.2051  -6.16968  9.72995  -2.40808  7.97948  -0.102801  -0.226436  1.31222  -4.15882  5.6716  -29.6216  77.7355  
1.05415  0.854848  1.69276  3.49355  66.9858  -1.47542  1.02683  2.12406  3.47624  8.81951  7.31747  0.811295  -1.13269  -10.3652  -6.0642  21.1547  3.96682  1.37596  -0.241094  9.01855  -144.008  -33.8914  1.44507  3.8613  5.33321  5.05397  -1.93446  2.54275  1.03277  4.3022  17.7599  25.3561  -8.63274  -0.740391  47.9538  2.50293  -4.07454  0.484434  -4.77872  3.77927  14.4605  -31.7236  
0.169173  1.26857  -30.7344  -11.843  25.2105  11.6488  0.130866  1.96023  1.9723  3.95643  2.29467  4.48428  -18.8965  -8.61387  -3.85069  -15.3768  6.51023  -2.76763  -2.53201  3.0575  -177.294  9.98177  -1.12396  4.47543  10.5948  17.2562  1.54267  0.487092  0.637443  9.76046  -36.2763  11.623  -15.1467  4.23783  40.0215  3.16997  -6.75977  -2.23186  -1.13185  -0.0941164  38.814  -217.021  
-1.28377  -0.0382275  9.97473  -2.70128  -10.8706  17.574  -1.32332  1.0884  -0.0602202  -4.1332  -4.08769  2.59829  10.554  6.27089  1.01805  -18.0222  5.87548  -9.01978  -1.51921  -4.36929  -157.769  40.0141  -2.82523  3.74851  13.2028  20.2706  4.20035  -4.25822  -0.530386  6.72235  -85.8376  -31.6512  -3.88377  5.23814  0.368984  1.71515  -5.5962  -4.26447  1.87593  0.104315  22.4977  -328.957  
-1.34834  1.00559  66.8059  21.8513  -18.4019  8.31927  -1.364  -0.76966  -1.04436  -6.82907  -4.93441  -2.11764  69.8611  12.9979  4.84494  13.4278  3.56808  -11.6904  -1.19184  -3.36712  -82.6701  34.9462  -3.11146  2.38851  1.63301  10.0224  5.31629  -7.77552  -1.02775  0.916406  -75.8012  -43.3725  12.235  -1.56547  -18.284  0.451344  -0.579064  -3.36823  0.503223  5.44772  -7.19471  -258.872  
0.0871678  4.22094  57.7242  30.5305  -11.3121  -10.3525  0.111471  -3.28705  0.0954712  -1.85612  1.78501  -4.59375  99.1495  1.02885  4.73865  -21.5384  2.82729  -4.06077  -3.48475  4.10871  22.5316  7.01858  -2.99217  1.32931  -19.0835  -4.93843  5.97344  -8.79748  -0.311624  0.676964  -5.20345  -8.85626  16.9379  -9.90679  -0.50913  0.734454  3.97125  -0.597025  -3.81599  8.92722  -14.5302  -82.7189  
1.02033  5.05168  -23.0207  10.6308  -12.0077  -22.9576  1.07618  -5.28589  2.10691  2.47667  8.53391  -3.83621  67.1763  -12.3343  1.64273  -127.544  2.61354  9.38185  -5.48211  6.9854  112.087  -12.9021  -3.0775  -0.551541  -28.9804  -13.5213  5.23848  -8.83729  0.314978  3.11147  53.4876  13.7429  5.07415  -10.254  16.2824  0.619307  1.92371  1.31249  -6.91121  5.18348  2.56287  46.1825  
0.117474  1.7721  -116.205  -15.1699  -23.1427  -19.5237  0.180991  -5.41917  2.05262  -0.735052  7.36155  -2.17059  6.88917  -5.0456  -1.33489  -168.694  -1.54079  14.8824  -4.62036  0.373738  170.958  -12.4526  -2.08016  -4.31472  -16.9437  -12.7545  -0.253792  -7.95123  -0.17707  0.0533437  24.8099  -20.0756  -10.7553  -1.48134  -0.488564  -1.31606  -6.59241  1.14479  -6.66934  -1.13442  14.9963  65.2781  
-1.44535  -1.68796  -155.491  -19.7983  -29.1958  -5.80449  -1.39597  -4.726  -0.742314  -7.10022  -1.44057  -1.44585  -27.5325  17.8318  -2.83626  -11.2299  -9.19221  8.26324  -2.40355  -7.59116  218.045  -7.41339  0.803519  -8.15164  6.66052  -8.06957  -10.0156  -3.91876  -0.851131  -6.80712  -71.5741  -67.5467  -14.4475  6.67777  -31.5254  -3.89166  -13.356  0.209877  -4.62882  -1.61673  8.84519  53.1679  
-1.64733  -1.05487  -117.677  -2.41014  -17.7164  0.378205  -1.62847  -5.7343  -3.2486  -5.79198  -7.88148  -0.666995  -23.8265  29.2792  -2.97961  229.714  -12.7609  -0.373694  -1.08067  -7.14803  243.206  -14.9958  4.1461  -8.09898  22.4274  -5.02055  -16.034  3.56456  -0.261712  -6.96283  -121.336  -57.6026  -2.5074  5.66097  -35.1921  -3.92029  -8.33219  -0.0314916  -2.50372  3.94086  -0.325707  126.082  
-0.196027  2.54093  -26.5662  15.2486  2.57347  -7.98922  -0.209756  -7.26279  -1.80119  4.41997  -4.42965  0.644442  -13.0137  17.1674  -2.86867  281.93  -7.49889  -1.24962  -0.971946  0.910044  184.42  -20.6563  5.76716  -3.72244  22.59  -3.32849  -10.9179  10.2034  1.25739  0.935209  -49.3925  8.98266  11.8329  -1.49488  -4.94291  -0.428448  6.35938  -0.0202095  -0.237332  7.51962  2.64415  251.119  
1.37648  3.33812  44.7358  15.251  16.3591  -17.9969  1.35414  -6.80753  3.12469  11.8405  6.27213  0.824839  -20.1357  -0.0735668  -2.88377  15.5341  -0.0900643  1.39437  -0.74983  7.33501  34.9261  0.240132  4.61023  0.168121  14.9857  -0.399819  1.56622  11.6473  1.9358  6.55327  74.7461  59.9586  12.1604  -4.32647  23.6568  3.70462  15.3358  -0.824027  2.09646  4.46104  7.07642  318.324  
1.79799  -0.638451  55.8337  -2.4177  19.4251  -12.4199  1.80607  -3.68441  6.20696  5.61409  16.8071  -1.375  -34.2966  -2.57297  -2.21476  -345.552  -0.851089  -2.79185  -0.20853  6.88182  -133.528  37.0102  1.81232  -0.982906  7.95553  3.05346  9.44571  8.51758  1.36301  2.58084  120.588  46.0392  -2.48898  1.77942  22.108  5.321  8.12784  -2.13316  3.68129  -0.784388  -2.82195  263.993  
1.25847  -5.29064  36.0736  -22.0483  15.639  4.13502  1.30906  -0.0682803  3.64368  -8.67014  20.1068  -4.0954  -31.5665  1.44058  0.436767  -480.85  -9.27077  -12.8169  -0.0995267  3.3204  -190.661  45.3758  -1.49391  -5.06552  -0.069243  4.3289  7.11762  4.99111  0.7487  -4.75499  59.9362  1.92752  -17.2131  10.0129  3.17459  3.84643  -6.58714  -2.40988  3.8509  -1.62428  -15.2125  134.288  
0.623964  -4.80219  26.8844  -27.9393  10.4246  10.6713  0.680892  0.31689  -2.59171  -15.5814  14.2663  -4.6792  -9.76035  -8.80895  4.0065  -293.339  -13.5704  -16.5109  0.499689  2.51397  -103.753  9.49731  -4.44552  -6.17036  -8.82668  2.59489  0.841571  3.36357  0.649316  -5.94251  7.68194  -15.671  -20.037  11.6163  -2.2437  1.6058  -10.7258  -1.11455  3.4148  1.98758  -2.77033  11.2975  
0.271832  0.978733  -5.63327  -15.2219  5.23932  2.03463  0.291387  -1.77259  -6.60791  -9.41663  3.21376  -3.07832  8.10783  -29.6675  5.79056  -6.48819  -6.18753  -7.27016  2.86877  4.21298  50.2819  -30.1477  -5.38042  -2.69063  -11.5266  0.679458  -0.241638  2.1105  -0.103822  -1.0514  48.3941  3.47722  -11.3177  5.5522  11.7854  0.560223  0.882548  -0.21668  4.08292  4.70771  30.0326  -67.6737  
-0.0254254  6.14235  -113.981  2.81991  0.238878  -2.20703  -0.0360414  -1.49178  -5.68704  0.888882  -7.23148  -1.79391  8.73134  -33.0296  3.32183  116.886  6.36699  5.92657  5.17271  3.75088  144.274  -25.0011  -3.47445  0.179847  -3.33294  0.933808  3.54511  0.0197559  -2.3106  2.27134  117.891  21.5101  -0.0441241  -2.31002  20.7263  0.240967  11.6555  -1.70726  5.65934  3.01639  48.313  -120.02  
-0.488099  5.50768  -230.998  7.57091  -4.18554  11.9809  -0.484067  1.75703  -1.91742  3.46952  -11.5376  -2.0152  1.89005  -6.64734  -1.88425  80.612  12.3673  9.52743  4.24482  -0.0212411  100.691  18.8045  0.136134  -1.92473  7.43869  1.50169  6.02967  -1.75883  -4.37646  0.846265  88.7942  13.8294  5.60599  -6.33192  8.07498  -0.567782  6.31999  -4.55345  5.69255  -0.801726  27.2418  -170.606  
-0.952411  0.817244  -205.619  -5.17365  -10.7384  29.5781  -0.918906  3.75472  0.76792  -1.62182  -10.4233  -2.01618  3.5102  26.1678  -5.43396  98.8402  9.36845  0.226252  0.0289745  -4.11232  -35.1624  51.1745  2.33109  -6.86646  8.05664  0.00523602  4.77085  -1.6366  -4.28302  -1.69008  -38.919  -7.51961  6.1112  -6.0742  -10.5625  -1.77569  -8.78579  -4.93369  2.41285  -2.24572  -9.00607  -234.9  
-1.04626  -2.48813  -7.20514  -19.8828  -19.0146  24.4936  -1.02125  0.544589  0.878043  -4.97612  -9.29968  -0.24297  12.739  34.318  -4.1664  222.026  4.55337  -11.3176  -2.80236  -5.35902  -152.675  42.8761  1.50107  -8.913  -3.38984  -2.33719  2.54673  -1.0278  -2.05984  -3.33489  -126.232  -18.6089  4.95219  -4.08673  -9.57775  -1.77449  -13.2113  -0.996395  -2.28354  0.37834  -23.9395  -293.613  
-0.60516  -2.61339  178.392  -18.5603  -22.6468  -0.363339  -0.623986  -4.06019  -0.135409  -2.9796  -11.7802  2.10131  17.7628  17.0434  -0.447394  298.744  3.10206  -11.0987  -0.86131  -4.6963  -156.731  15.5046  -0.855466  -6.13605  -16.3908  -1.13207  0.344622  -2.18633  -0.145305  -4.22513  -83.8712  -13.1986  4.00145  -1.2916  9.73566  -0.294175  -1.31016  4.25554  -4.11062  4.39896  -13.3337  -326.504  
-0.0471664  -3.66124  197.046  -0.330867  -12.3782  -15.5425  -0.0879486  -3.35376  -0.694977  -0.680799  -14.4957  1.85626  14.2761  1.23358  1.65714  185.514  1.7673  2.27922  3.57896  -4.30843  -25.9435  -2.13554  -2.24129  -1.70897  -21.992  4.06978  -3.19702  -4.86199  -0.168704  -5.16497  9.9249  -4.15131  2.80499  2.07412  18.0092  1.29979  10.6263  5.69531  -1.95097  6.05227  -1.75009  -284.946  
-0.0453434  -9.30239  122.613  17.9403  8.10434  -3.91876  -0.0557143  2.17201  -0.321865  -3.78061  -13.6683  -1.88428  8.42627  4.08093  1.20151  -33.7587  -4.6839  13.4618  5.28274  -3.26104  156.075  -10.2006  -1.90054  0.798275  -20.9868  8.6193  -8.01956  -6.25801  -1.3382  -5.01023  16.1456  -1.55307  0.270367  4.60695  -0.289463  1.57728  7.05213  2.04171  0.250049  4.38643  -8.28343  -154.035  
-0.710005  -15.3584  110.188  21.292  22.2343  18.5116  -0.678225  5.5444  0.901521  -7.25543  -8.60159  -6.30303  4.92469  15.2661  1.20708  -181.704  -14.2174  8.19885  1.88536  0.721779  272.515  -22.3131  -0.810497  1.15974  -15.8697  7.26511  -9.68864  -4.48457  -1.49039  -2.96093  -72.6762  -4.64329  -3.5739  3.37601  -25.4249  1.00705  -6.19997  -2.55509  -1.03131  1.72563  -24.6568  33.5948  
-1.19273  -15.0397  112.819  10.59  18.1767  24.7034  -1.16001  1.7  2.21  -4.44776  -2.20033  -7.19075  2.93089  17.0257  3.55631  -238.404  -18.3373  -8.45155  -3.12383  6.90696  239.068  -31.1055  -0.511915  0.901316  -7.24363  0.662149  -6.05902  -1.10983  0.348074  0.927507  -128.162  -8.27666  -5.77463  -0.266082  -27.2955  0.60425  -11.1449  -3.13226  -3.79763  0.322599  -33.8182  207.571  
-0.61265  -6.85386  -46.4382  -1.73158  4.00549  8.8676  -0.616516  -3.6885  2.87156  2.50768  3.82356  -3.98462  2.32865  9.45091  5.62835  -249.968  -11.6429  -16.0692  -5.67675  9.99932  93.5428  -23.7027  -1.47712  0.401355  2.55944  -5.67896  -1.26079  1.59367  2.69437  5.75608  -52.6471  -10.1379  -0.904752  -1.31394  -6.01571  0.322315  -2.04153  0.43315  -2.92759  0.101152  -23.8946  315.969  
0.699016  2.52735  -361.121  -4.62249  1.04367  -13.1786  0.668693  -2.69827  2.16895  4.56469  9.46447  -0.148453  4.62344  6.4025  3.32959  -223.238  1.91167  -4.04505  -4.70026  6.52906  -18.8602  -4.94173  -3.03631  -0.396735  9.18109  -7.43744  0.162711  3.22775  2.96348  9.31523  93.0289  -11.3035  12.6655  3.29664  12.6738  -0.652336  7.88825  3.54408  1.10224  0.294447  6.66671  328.885  
1.42672  6.49811  -553.227  3.08182  13.2882  -25.3489  1.40765  3.89799  0.657157  -0.7092  12.6576  0.217555  7.60657  10.7547  -2.55598  -108.43  12.1365  12.152  -1.95862  -1.03478  -13.4079  0.857725  -3.98197  -0.790697  8.79742  -4.20532  -0.636241  4.42287  0.134327  8.07453  164.702  -8.8083  26.6216  9.0909  13.2178  -2.59357  6.49113  2.52012  1.82377  1.14811  44.6626  265.568  
0.908912  5.03537  -405.964  11.7019  20.0732  -22.3908  0.922352  7.4182  -0.263528  -4.45518  10.5156  -2.35609  2.69223  12.072  -6.14495  31.0844  12.6171  11.0793  0.191699  -6.78926  45.1566  -11.0168  -3.36989  -0.020807  5.21057  1.52007  0.23248  4.53287  -3.6485  0.715911  96.5546  3.41511  26.2765  9.19074  6.98849  -4.35443  -2.62438  -1.62735  -3.5114  2.83935  64.7092  150.484  
0.000260789  4.11899  -38.5833  10.2986  2.7793  -7.86723  0.0366135  2.63333  -0.408281  0.37326  3.89378  -4.06027  -10.9054  3.72748  -3.27751  72.7069  7.1411  -6.37885  1.34276  -8.06166  5.62494  -17.8194  -1.49302  0.940748  8.12613  6.64567  3.03839  1.97137  -4.75225  -7.56609  -32.3843  24.5421  5.21021  3.34819  7.50817  -4.52694  -7.34371  -4.68694  -8.4916  3.81241  43.0553  15.6925  
-0.0949034  7.41002  265.6  -0.00277501  -28.7301  8.34208  -0.0602537  -6.01273  -0.476625  7.25215  -1.20177  -2.61604  -22.3848  -7.01633  3.58629  36.7062  5.08258  -17.4322  1.93185  -6.71306  -152.348  -5.52673  -0.473783  0.657463  21.2353  9.30265  3.85242  -2.36341  -1.97654  -9.59064  -95.4268  34.5965  -22.4023  -1.79033  8.58118  -2.66358  -3.86001  -4.14581  -5.15106  2.35779  -8.65765  -117.08  
0.508355  12.2805  349.48  -5.44225  -44.3576  11.9768  0.517163  -9.40016  -0.827595  5.11375  -1.26273  -0.0454265  -20.5891  -10.8742  7.88008  110.257  9.64611  -9.24477  2.36049  -4.99851  -245.331  14.87  -1.5817  -0.684349  35.8968  9.5248  1.65015  -4.56  2.00841  -3.82252  -47.5392  17.5682  -32.8752  -2.06141  0.23692  0.373019  0.707029  -1.52221  4.5511  0.000477943  -39.5925  -223.19  
0.604728  12.4462  280.36  1.50148  -30.0777  -1.49449  0.576272  -7.09989  -1.19657  -4.38312  0.960704  0.424814  -7.15006  -9.05166  6.43783  294.216  12.7166  7.14073  2.5281  -3.22552  -110.3  19.2162  -3.29969  -1.79199  36.5938  9.22969  0.320893  -2.58152  3.4176  3.83834  46.1969  -14.8446  -17.9385  -0.350611  -9.36875  2.69634  0.511349  0.189478  11.196  0.0561484  -17.5077  -245.778  
-0.328362  6.12947  182.17  8.52577  -1.67941  -19.0426  -0.383593  -4.43767  -1.18515  -8.48593  0.575803  -1.14841  4.06707  -8.25387  1.64758  357.731  4.14977  13.1102  2.16095  -0.859783  156.468  8.34453  -2.77745  -2.31349  15.946  10.3909  2.42256  0.643553  1.21852  5.59586  90.616  -35.3764  4.61805  -1.09227  -2.53041  2.76495  -2.94887  0.42018  9.28565  2.87134  31.9179  -145.885  
-1.34171  -1.71799  108.114  -0.919983  16.4998  -20.4479  -1.39275  -5.46635  -0.918886  -0.971634  -1.52574  -2.47979  5.52645  -8.40597  -1.59393  139.433  -13.7758  7.64896  1.35942  0.676746  253.389  4.64465  0.528439  -3.2934  -13.2044  12.4566  4.37072  0.785344  -2.10302  -0.375437  59.8831  -34.152  11.1142  -3.25791  21.2067  1.03964  -3.81167  0.686185  3.47311  4.78879  49.3132  33.5485  
-1.23812  -4.11102  64.6129  -23.0422  21.2531  -3.60404  -1.25265  -6.61643  -0.957827  8.03584  -1.72572  -3.27889  1.69109  -4.00951  -1.28513  -142.217  -26.2683  2.8836  0.542713  0.0904407  76.9327  17.204  3.43373  -4.73045  -26.1408  12.0652  1.56757  -2.39453  -2.97448  -9.68762  7.42428  -23.7352  -1.20557  -2.74649  39.8212  0.0898912  -1.35835  1.38561  1.19416  3.38774  13.4417  180.121  
-0.0859253  -0.065397  53.8683  -32.6862  26.5058  11.956  -0.0525748  -3.19578  -1.69323  6.17202  0.362246  -5.1671  -0.345496  4.89477  1.25509  -213.259  -21.9134  3.53363  -0.0715391  -2.0934  -143.811  29.2998  2.61745  -4.67284  -14.3694  6.55063  -4.78384  -4.88116  -0.85778  -14.4769  -19.8882  -13.162  -11.3115  0.152886  37.04  1.75178  2.73987  0.849227  3.39226  0.886593  -30.1001  197.651  
0.955644  4.6655  45.7175  -17.5073  37.4791  10.4388  1.02322  2.59916  -2.27474  -3.93794  2.82623  -7.42933  3.27491  9.93391  1.89767  -77.6401  -5.91052  3.80536  -1.2855  -3.08947  -95.6035  25.7928  -1.41754  -2.33975  3.94002  -2.55748  -8.73083  -4.88152  2.29361  -8.55763  -33.7184  7.85728  -1.89712  0.529294  19.6215  4.08629  5.68861  -1.45137  4.67546  1.0384  -31.0245  140.099  
0.97916  4.78031  3.93132  6.25369  41.147  -2.69977  1.05319  3.88204  -1.98124  -10.2953  4.83305  -5.55317  7.33381  5.79383  -1.54459  -18.1298  6.59328  -0.0907133  -3.14978  -1.14526  195.516  18.6283  -4.95656  -0.330452  3.29101  -10.0655  -7.15939  -4.52516  3.67934  5.63933  -59.4837  36.8022  19.8757  -2.88102  5.33504  3.22455  5.52152  -2.99397  0.800223  3.86801  2.07082  125.519  
0.109434  1.05183  -64.3061  13.1392  24.4213  -6.47098  0.164121  -0.68215  -0.884963  -10.3977  6.66423  2.69014  5.86526  -2.72173  -7.9058  -132.092  7.96837  -4.37931  -4.40416  2.93266  389.248  24.9597  -5.09856  -1.86823  -16.985  -12.0347  -3.5091  -4.93107  1.7585  16.6976  -77.1018  51.0518  31.2775  -5.86498  -1.53062  -1.37881  1.70046  -1.62434  -6.15521  6.28921  15.0364  181.287  
-0.859797  -1.14328  -100.932  0.325729  -4.21584  5.94873  -0.834402  -5.43882  -0.514225  -10.184  5.82502  10.9947  -3.40373  -6.47399  -11.6499  -223.267  3.86402  -4.1489  -3.39481  5.96315  224.519  34.9122  -3.50502  -5.6501  -30.9304  -9.10019  -2.2614  -3.03497  -2.27957  15.1723  -40.2869  37.8781  20.8547  -4.1274  -7.54478  -5.60949  -3.31251  0.506614  -10.6373  6.37512  -15.4654  211.129  
-1.21136  -0.590637  -77.5117  -14.7774  -24.6019  20.4589  -1.20452  -5.19767  -1.30332  -12.6134  0.872567  8.85646  -8.85607  0.477298  -8.18344  -127.19  2.59428  -1.87925  -0.0148613  5.1168  -163.768  13.742  -3.09756  -6.13887  -15.0898  -5.73045  -3.81764  3.82023  -5.26689  4.85523  55.4113  19.0244  -0.281507  0.564741  -14.9808  -5.30942  -5.9684  -0.697639  -8.55411  4.6457  -49.1207  149.871  
-0.705328  -0.239936  -23.9717  -20.7568  -26.9355  18.8301  -0.695294  -1.16102  -2.1316  -10.4134  -4.74535  -5.27585  0.302666  15.2598  0.940714  59.0615  4.14945  -2.733  3.35577  0.680871  -411.602  -47.7358  -4.25263  -0.198218  22.8642  -5.55493  -4.87168  11.8839  -4.96646  -1.24568  140.636  19.455  -11.9492  3.5911  -17.7998  -1.08581  -5.3416  -4.97478  -2.01265  1.8973  -37.4873  62.2234  
0.28152  -1.60699  23.7451  -17.6825  -18.5704  3.83828  0.300748  1.75176  -1.49391  -2.05498  -5.35211  -18.3364  20.7194  27.3666  8.98765  142.227  3.50968  -6.77253  4.25738  -3.34094  -320.577  -101.199  -4.49451  7.74669  49.4674  -7.53376  -4.69492  14.7478  -2.21637  3.30681  134.076  20.8099  -8.47197  3.7509  -15.9773  2.55074  -3.45235  -6.85624  2.23288  -1.2016  9.21317  27.8136  
1.05843  -1.61148  73.4332  -12.3482  -8.56546  -7.91194  1.06436  3.67264  -0.0291911  3.16358  -1.21248  -14.3196  30.8455  25.2182  10.5321  91.0682  0.0967026  -9.90196  2.33884  -2.94689  -27.1839  -92.0413  -2.50375  10.6292  43.3924  -6.87778  -4.22111  10.7448  0.26641  10.7021  26.5614  -9.57381  -1.16982  3.4569  -19.8125  2.60996  -2.93925  -2.22449  -1.26093  -2.98191  32.1869  -8.68264  
1.35149  2.22715  139.401  -6.85002  0.689188  -6.84337  1.31446  7.75194  1.25036  -2.67731  3.14717  6.40558  22.1513  10.5294  6.87466  92.0503  -1.20626  -11.2899  0.334595  2.10674  166.534  -20.1859  0.329896  7.58956  15.6956  -1.02923  -3.55923  4.21408  1.88231  9.51367  -110.395  -66.1743  -1.92092  4.28632  -32.0046  1.13629  -1.98367  6.06209  -10.3945  -2.0637  4.46195  -125.737  
1.61181  6.02143  191.058  -3.66556  7.31199  -2.29297  1.52927  13.4946  2.40314  -11.5708  5.59215  25.1342  12.6146  -0.307904  4.09907  226.176  2.36122  -13.6805  1.54149  7.64962  117.8  47.4516  2.56414  5.57187  -5.04806  7.77655  -0.0480722  -0.926511  5.013  -1.5291  -190.888  -95.3684  -10.2851  4.48505  -39.0674  1.65908  0.824578  11.379  -16.772  0.0650461  -37.908  -251.475  
2.24104  4.6415  185.562  -8.23249  8.39221  -6.38899  2.14406  15.2089  4.50207  -10.1178  8.40503  25.197  23.6051  5.50068  5.05175  416.476  7.42065  -16.8808  6.06666  9.42838  -62.5621  57.3487  4.0839  9.32269  -3.77966  14.0616  7.21467  -4.55499  10.374  -12.4695  -179.18  -61.5545  -15.7969  2.58387  -27.2765  4.80354  4.38247  10.4028  -14.1528  0.327396  -46.7822  -239.365  
2.65262  -0.78185  130.034  -14.9712  4.8156  -15.6344  2.57863  10.9982  6.06376  1.30088  10.7472  11.1057  42.6972  19.9121  7.39041  458.65  8.72176  -16.2864  9.24529  6.85283  -179.884  20.6863  4.52003  13.8382  8.19113  14.481  13.0242  -6.48009  13.8411  -14.369  -109.796  0.386648  -13.1996  -0.185071  -3.77272  7.13488  5.72531  5.56359  -5.48909  -1.20377  -19.8113  -92.9732  
1.73063  -3.31011  71.0211  -12.8705  1.79118  -15.8073  1.69635  4.59236  4.24946  8.55441  6.97719  1.26963  34.9045  19.09  6.1455  275.549  4.61938  -7.86478  6.49579  2.77177  -126.968  -13.2113  3.13901  9.30807  9.87673  9.15827  10.1182  -4.42025  9.36638  -7.2324  -35.7021  25.6262  -5.12019  -0.652848  10.0941  5.36748  3.02149  1.10098  1.34072  -0.988628  5.11755  27.4504  
-0.611543  -0.130939  34.9178  2.2462  2.53211  -1.94341  -0.606781  -0.489693  -1.58479  5.2423  -4.04703  3.0239  -7.83676  -1.46623  0.469997  -77.4097  -2.80695  7.5218  -2.0068  -1.04801  48.0639  -20.0852  -0.0117754  -5.59501  -4.24131  0.810032  -1.37798  1.79057  -2.53059  4.22702  18.0397  -0.529503  3.65088  1.79342  6.61116  -0.12353  -3.21317  -1.56214  3.46294  2.44491  7.14913  36.2078  
