0.0413818  -4.02516  -1.23996  -0.223093  -0.496208  -7.18993  0.107549  -4.28138  -6.20172  0.263989  -1.86991  0.617963  20.209  0.0776228  -5.79291  1.1171  -0.462669  -4.73724  4.37533  -0.534332  -1.49121  -1.82613  0.404249  -0.248551  -0.922335  -1.72478  3.69034  1.75465  2.98649  2.54972  2.40682  -3.17405  -0.35224  -4.33943  5.01261  0.671067  4.4913  -2.34586  1.86066  -1.60343  -1.56678  -2.71217  
0.255555  -32.5401  -17.9731  1.12574  3.41335  -41.9797  0.150839  5.81987  28.3079  -1.80095  -16.0579  -3.80575  -111.167  1.00095  -53.4349  -6.53893  -0.501648  19.3856  -23.6222  -0.202138  -1.13662  1.95591  -2.00878  -0.175306  0.958701  -9.53883  -14.1023  2.47342  7.30864  -5.6516  -9.03176  19.174  3.82343  -0.0531508  2.01321  9.2701  22.3611  3.58272  35.4122  10.239  -13.149  25.8857  
0.658853  -25.8037  -19.9082  -2.79147  3.53184  -27.4272  0.58399  34.6127  28.0818  -0.740747  -16.3958  -10.5337  -104.551  3.54107  -72.2169  -10.6165  -0.785336  27.8013  -32.2399  2.28208  3.05645  3.86867  -3.48014  0.246274  2.08747  2.91748  -25.7997  5.1438  3.96762  -8.51681  -14.674  22.698  4.69157  8.78709  -4.52998  19.4533  28.0165  4.19025  45.6243  11.7809  -13.6875  42.3601  
1.06551  21.3694  -10.2462  -9.53182  0.691558  17.7364  1.14595  60.7718  -0.108332  2.60244  -5.55763  -15.7904  -8.525  5.34464  -51.9895  -10.0772  -1.28244  20.8676  -21.4951  4.79439  9.51988  3.79907  -3.38309  0.638604  3.50989  29.4503  -26.3217  8.70143  -3.98518  -5.21385  -15.972  10.6076  0.799291  16.1511  -12.4232  18.1877  20.7982  4.9213  36.2089  6.02574  -5.84119  43.9766  
1.16207  71.1059  -3.7088  -12.0467  -1.29513  39.3847  1.30376  48.4771  -20.4355  4.44482  2.93377  -14.0293  23.0288  3.21675  -6.8097  -7.31208  -1.62713  4.63679  -8.04227  3.23196  13.1259  3.49178  -1.42699  0.342977  5.98088  46.8209  -15.6578  9.84372  -7.88413  -0.55965  -17.1465  0.7541  -5.02709  13.8275  -16.7949  -8.15287  9.66446  12.2501  22.5883  3.21682  -1.69309  35.9915  
0.999054  75.0233  -7.2001  -7.93004  -0.480238  29.1861  1.06497  5.2262  -13.7364  2.49051  2.21496  -6.49672  -36.7921  -1.86322  34.13  -4.45535  -1.33253  -18.7655  -3.77996  -2.24634  10.8003  3.5907  1.7462  -0.435932  6.78083  43.0925  0.182714  6.59308  -6.53371  -0.605731  -16.8352  1.17556  -5.03827  5.60214  -18.1941  -42.1241  2.28543  21.1298  10.9926  5.74366  -6.14653  22.6145  
0.929247  24.0823  -11.7665  -0.733543  1.35378  24.0052  0.942404  -23.4346  4.76008  -1.438  -1.2674  -0.306435  -81.7664  -5.51405  43.2949  -1.69333  -0.507876  -36.8719  -6.95868  -7.11543  4.93143  3.11527  4.79826  -0.486144  3.70792  29.1712  9.87014  0.785293  -6.20881  -6.50399  -10.655  4.04818  3.52762  2.82189  -19.7674  -50.7248  1.55261  20.8668  4.53349  6.68351  -9.88685  4.91426  
1.0366  -38.3222  -7.6559  5.9092  2.22179  35.2051  1.11999  -11.0102  12.2853  -3.55286  -0.227928  0.448958  -34.9694  -5.38217  14.1461  2.46061  -0.0201608  -24.8885  -8.19991  -7.68668  0.762036  1.57144  5.83673  0.738698  -1.31605  19.3497  8.5567  -3.94223  -8.95793  -12.2586  -1.47515  1.6591  11.5303  8.07585  -19.3054  -22.9306  4.25305  9.0527  15.0883  1.92545  -3.15201  -15.3093  
0.917109  -58.5392  2.02373  10.591  2.08818  31.115  1.10209  12.6977  5.98036  -2.4359  2.84132  -1.28531  47.3572  -2.62058  -29.5696  7.36528  -0.694054  23.7974  -2.62755  -5.57591  1.24775  -0.285548  4.67606  1.7789  -2.98963  13.3234  -0.475509  -5.82946  -7.56744  -10.089  2.63339  -2.44893  5.14247  9.88909  -11.3145  14.6286  8.43369  -3.03597  36.3789  -3.5215  10.1714  -30.0553  
0.274354  -22.4174  6.86084  12.3491  2.05819  -0.176559  0.460106  14.0723  -2.34353  -0.273401  1.8973  -1.23736  70.1355  0.700001  -49.6857  9.44038  -2.05383  61.7209  7.24287  -3.93466  4.41743  -0.886226  3.07807  0.613908  -0.815499  2.97911  -8.49838  -5.58877  3.41842  0.398542  0.111459  -1.77144  -15.0857  0.332222  1.88278  34.1508  10.3132  -5.72627  36.78  -3.47365  15.5258  -30.3711  
-0.541193  31.3462  2.72551  11.1184  1.74991  -17.978  -0.452922  -0.538276  -7.16719  0.292654  -2.28912  0.421769  1.82491  3.11579  -26.1894  6.31713  -2.62952  39.2171  16.0188  -3.38185  5.73869  -0.302702  3.24071  -2.24661  1.27895  -10.5381  -11.5469  -4.61698  17.0843  11.2736  0.558055  2.29768  -29.7071  -11.1901  9.64456  39.7929  8.00522  -1.13972  2.43592  0.648161  8.24835  -16.0872  
-0.888829  57.0276  -6.05136  8.6007  0.263124  10.765  -0.891134  -4.49004  -10.7319  -0.409352  -2.34298  0.769864  -90.0717  3.45307  20.8082  0.647195  -1.72689  -24.1733  19.5272  -2.39796  3.35023  -0.136123  4.08901  -3.7  1.29329  -17.8394  -11.3892  -2.92567  20.1839  12.9229  10.8352  2.85802  -22.107  -10.1268  6.7005  52.3808  3.73947  3.58136  -25.9084  2.55842  -2.03753  2.0562  
-0.698123  38.049  -10.8744  6.99093  -2.14735  50.1688  -0.71263  3.55751  -11.7413  -0.376956  3.33281  -0.834406  -132.118  0.830974  49.6637  -2.78609  -0.539513  -46.4923  15.2704  -0.23577  -0.490442  -1.41078  2.07999  -1.90126  1.92794  -14.8397  -9.52582  -0.293623  8.78047  4.41875  22.0765  -1.18092  -0.667231  2.56054  1.53887  68.146  2.23531  2.64804  -0.715921  -0.0772407  -4.02359  11.5436  
-0.569685  -3.55943  -9.55973  5.43722  -3.72627  36.9021  -0.540899  1.21639  -5.33546  1.00044  6.53911  -2.10922  -92.9421  -3.21499  44.7747  -2.52584  -0.636398  12.9089  5.0541  1.47673  -3.24012  -3.26007  -4.14012  1.06022  4.64985  -7.72202  -4.84078  2.24869  -8.21069  -5.99872  18.9685  -4.82641  11.3892  11.279  2.846  55.2116  6.26161  -3.60886  54.2579  -3.49025  -0.0802603  9.69735  
-0.968262  -24.2232  -6.63644  0.613776  -3.19838  -31.0987  -0.916113  -14.5827  4.80204  2.14216  0.568714  -1.51009  -18.3348  -5.84615  28.5848  -1.22333  -1.66657  91.006  -5.62048  0.811861  -5.48318  -3.80969  -10.2793  1.80777  4.26448  -3.36993  4.18373  3.75786  -19.4105  -8.89536  2.0005  -4.33546  5.20132  6.55139  8.76421  -1.82693  9.50254  -9.83431  61.6117  -4.03348  0.100118  4.12682  
-1.58613  -0.908451  -8.98413  -6.2255  -1.38136  -84.5906  -1.5874  -19.1534  6.26686  1.92138  -8.65379  -0.0463028  17.6527  -5.9456  29.0142  -1.19158  -1.54858  92.674  -11.9306  -2.278  -8.70719  -2.6762  -10.313  0.123051  -3.28651  -0.0828356  13.1206  4.203  -21.1802  -2.07133  -12.9204  -1.74956  -4.20517  -2.6978  9.42493  -72.1484  4.48863  -8.1733  -4.48934  -2.80253  -5.51512  2.85467  
-1.72762  37.7944  -17.6446  -9.41961  0.0750529  -73.1921  -1.84586  -5.30244  -5.09867  1.03362  -9.65727  0.458569  -29.5761  -4.38391  38.2527  -0.954989  0.736177  10.9636  -13.1734  -5.14371  -10.9863  -1.30411  -3.72312  -1.14608  -12.1771  5.64922  16.2161  3.71502  -15.9473  8.17644  -13.9903  0.582735  -1.34776  -4.28717  2.42524  -109.499  -4.6734  2.71739  -68.1  -2.80153  -8.79536  4.48084  
-1.15966  38.312  -23.0183  -6.3215  0.208885  -27.5135  -1.37595  6.4616  -17.5483  0.398492  -0.782938  -0.221002  -99.3271  -2.40285  27.4291  0.883111  3.55013  -62.1395  -12.2716  -4.06699  -8.25002  -0.792113  2.84033  -0.43897  -11.721  11.0585  12.7969  2.00518  -6.37172  12.1288  -8.63882  2.41599  8.40034  0.585121  -5.5942  -100.258  -8.85959  12.3447  -45.695  -3.75504  -5.02736  2.93543  
-0.328944  -11.9961  -14.153  -1.54828  -0.821102  -8.22832  -0.549841  4.1288  -16.493  -0.999125  7.1915  -1.19853  -71.3838  -0.041485  -11.8158  2.90639  4.52529  -54.7362  -9.82563  2.23215  -0.87523  -0.695857  3.15997  0.590552  -0.840037  9.06451  9.11992  -0.0331671  4.58175  6.78183  -8.68247  4.26907  10.3799  0.36732  -9.26571  -72.5294  -3.67936  6.02063  42.7653  -2.58261  0.302747  -3.27918  
0.13667  -54.9408  6.7756  -1.1223  -1.59382  -29.8757  -0.006836  7.78281  -1.65785  -3.99161  4.22627  -1.64636  78.9901  2.40652  -52.7312  3.68748  3.2516  6.06489  -4.75971  10.2312  5.1322  -0.191957  -1.86938  -0.024312  8.89103  -1.4113  9.09695  -0.304611  12.1095  -3.27435  -12.3257  4.75498  2.24853  -8.5363  -7.71703  -53.2654  6.97889  -12.3995  98.4129  1.16637  0.478148  -6.84516  
0.093884  -28.5244  22.5746  -3.52464  -0.680154  -52.3589  0.0464324  30.5216  13.3513  -7.02349  -5.41578  -1.41044  241.378  3.69296  -62.3407  4.36814  1.16841  40.9376  1.82874  12.9367  5.95246  0.814577  -6.46177  -1.52127  8.03918  -11.9469  9.99105  1.87886  11.9918  -9.64122  -10.6589  3.35992  -5.23321  -16.6021  -1.92193  -41.8609  14.2093  -20.132  57.6878  3.64544  -2.71979  -3.25954  
-0.0396738  40.1467  19.5459  -3.12729  1.93152  -40.4214  -0.00716316  42.6516  16.6323  -7.00035  -9.47777  -0.958092  266.261  4.06846  -38.8856  6.44293  -0.617082  21.2404  6.22965  7.9791  4.3431  1.33096  -6.84883  -1.73968  1.76744  -13.7496  8.45057  4.49216  5.5897  -8.9899  -2.091  1.95414  -5.29882  -14.178  6.81292  -18.4231  13.1744  -3.12086  -43.7579  2.18515  -2.18714  1.69292  
0.196802  59.1383  4.35683  -0.0251968  4.31377  0.445631  0.290708  13.7421  8.25908  -3.53726  -3.90731  -0.635321  131.008  5.40875  -12.9908  7.91637  -1.9918  -10.5906  6.45542  1.60968  3.9235  0.819341  -4.44099  -0.459073  1.29389  -6.10156  5.26251  5.3372  -1.70986  -3.69369  4.09502  1.56419  -1.45977  -3.23487  14.9262  20.7439  5.20066  19.6467  -121.667  -0.0473973  3.78537  -1.54565  
0.702666  -3.29507  -3.45727  1.14189  4.70357  42.6151  0.816428  -31.6424  -2.82656  -0.0940962  2.53857  -0.608596  -25.8756  7.68191  -10.0051  4.97776  -2.7744  -13.6361  3.94796  2.54754  3.25591  -0.117308  -2.37059  0.200079  7.41009  4.14536  4.85332  6.62835  -5.42144  1.42296  4.01095  0.57021  1.62519  6.75375  18.227  57.6099  -3.66799  14.5229  -125.835  1.70347  10.3785  -12.9474  
0.853997  -64.9184  3.28955  -1.07948  3.57658  60.7939  0.92672  -34.5036  -8.11747  0.32898  0.981924  -0.85651  -71.6883  6.72993  -22.323  -1.86019  -2.52434  0.71857  1.39108  10.1376  -1.01853  -0.451626  -2.20896  -0.932933  9.32568  9.1595  5.0691  10.8134  -5.73443  3.24732  4.01105  -2.44607  4.42928  10.4358  15.2961  72.3492  -4.74799  -19.208  -67.3664  6.05751  11.6072  -20.3188  
0.241368  -35.4023  10.1569  -2.44293  2.68351  55.4962  0.269631  11.3669  -4.32619  -1.27572  -4.67598  -1.23122  -1.87097  -0.245049  -22.8642  -7.29261  -1.87225  -4.39371  -0.404053  14.4608  -6.76475  0.182664  -2.89571  -2.34714  0.350493  6.18425  0.409366  14.8782  -5.37213  0.850147  8.59008  -4.81553  7.13188  9.76771  8.64732  57.6456  2.66029  -38.8754  4.0461  6.3565  6.23467  -12.151  
-0.740583  55.1327  1.77923  -0.0085416  1.9067  39.4839  -0.671613  44.674  4.4461  -1.65961  -5.72004  -1.47749  83.9972  -8.86406  3.16182  -8.023  -2.25167  -31.2328  -2.40816  9.00337  -7.65481  0.883132  -2.51471  -2.02056  -11.6753  -1.17219  -9.60546  11.5451  -5.69706  -4.01271  11.8264  -2.87104  6.19604  6.65084  -1.51886  27.9948  9.63674  -7.09958  43.7378  0.391293  -0.693098  8.04816  
-1.21037  84.8146  -17.8334  2.22096  -0.369024  29.0587  -1.03581  24.4115  10.3699  -0.17849  -1.11587  -1.28016  66.0436  -10.8007  35.9603  -6.37693  -3.39757  -44.3839  -3.948  -0.579155  -1.85451  0.541638  -0.372251  -0.233718  -14.3609  -6.01473  -17.0467  -0.57701  -6.17322  -7.59243  6.76621  1.9679  0.668438  1.08537  -14.4063  5.56027  4.7971  53.0686  45.1949  -6.0609  -3.88072  25.8042  
-0.752565  6.73585  -29.4671  -0.772012  -3.95046  19.4527  -0.535545  -16.322  7.27051  0.885563  1.04574  -0.567184  -61.9502  -4.6983  39.598  -6.47961  -2.77375  -23.3226  -1.99051  -2.91398  4.72591  -0.905918  2.19682  0.718732  -6.18211  -5.00772  -12.8586  -12.8353  -5.74989  -5.86615  -3.18929  4.48235  -4.11654  -5.1394  -19.9032  4.27448  -8.75606  76.6445  39.6927  -7.40467  -1.77543  28.9733  
0.170795  -83.6187  -22.6247  -5.51642  -5.64098  -6.44973  0.293725  -18.672  -2.07015  0.140463  -3.65162  0.17281  -208.008  1.37418  2.02783  -7.56728  1.05311  8.52341  4.25064  3.13003  5.74059  -2.15195  2.92215  -0.115643  2.55058  -0.655496  1.29395  -16.2697  -3.16814  0.672806  -7.90197  2.42008  -2.15637  -7.50904  -7.88789  14.8426  -17.5324  34.506  53.3982  -5.25425  2.10915  17.7901  
0.825005  -75.7669  -6.09646  -4.55241  -3.19073  -45.7872  0.806361  12.6089  -9.2405  -0.948631  -8.48465  0.118362  -278.678  0.433721  -44.933  -6.58305  5.43731  17.4147  9.30281  7.80796  1.62342  -1.84634  1.44701  -1.17014  4.25511  1.73383  13.5556  -11.4601  3.09442  6.15881  -5.24186  -0.16065  3.35407  -4.08203  15.0529  17.5542  -13.5522  -28.5323  71.0237  -3.96368  3.06629  4.14501  
0.913516  18.5925  4.65385  1.88338  1.5996  -67.0471  0.834826  23.1587  -9.37821  -0.708601  -6.00796  -0.960936  -253.529  -2.97981  -58.5518  -3.34444  5.9728  9.28084  5.0277  3.81778  -2.10808  -0.0945464  -0.344411  -0.457633  2.6642  0.451077  13.7242  -6.28195  10.0081  5.24336  -2.36277  1.09092  3.88167  0.157737  25.3265  3.66683  -2.81505  -44.1845  55.4102  -3.03119  0.97688  -1.06666  
0.664658  86.5971  5.22332  6.1852  4.47138  -47.5111  0.617418  -2.5521  -5.54855  0.699981  1.03875  -2.11805  -164.638  0.760503  -35.7588  -0.525194  1.98693  12.1768  -7.57368  -3.65102  -2.71662  1.40053  -1.23833  1.68682  3.55547  -2.13022  1.23987  -4.98696  12.0974  -0.828058  -5.73897  3.85445  -1.88413  -1.03877  9.96612  -13.6026  5.2831  -0.609013  -0.710127  0.738751  -0.857281  2.6126  
0.419478  58.1791  3.48105  2.70205  3.62539  -14.8419  0.409724  -23.6747  -2.73546  2.05531  4.0109  -2.25225  -63.7158  11.2487  -9.74786  0.970396  -2.33687  27.1634  -16.5949  -4.21938  -1.81193  1.33003  -2.39528  3.10019  4.26033  -2.86718  -12.5191  -4.60292  6.54533  -6.66514  -12.0186  3.16847  -6.40392  -6.63999  -13.5708  -19.5286  11.3451  46.6872  -56.7022  5.90653  -1.43641  4.63905  
0.3528  -21.5076  6.89259  -4.61187  0.980075  -9.46863  0.333777  -8.81123  -1.38  3.13171  -0.102497  -1.15494  16.8314  16.6573  -6.52781  3.27299  -2.77498  23.2179  -11.7578  3.78609  -2.16971  0.138347  -4.73193  2.55656  -1.10358  -1.64126  -14.1157  -1.86663  -2.18855  -8.89299  -13.81  -0.86836  -4.11554  -9.36154  -18.1235  -14.2535  17.4035  44.0784  -73.9551  7.26625  -3.07706  -4.23984  
0.471523  -67.4991  13.4281  -7.74624  -0.862363  -21.9644  0.418472  9.0597  0.123064  4.05333  -4.77565  -0.0785757  40.2489  9.17571  -11.1639  7.05314  0.263618  -16.0734  1.16966  11.5472  -4.43726  -1.05916  -6.05941  1.01194  -8.94941  0.867508  -1.26453  1.62676  -6.13212  -7.20726  -7.48966  -3.14735  0.210769  -4.48797  -2.98999  -4.60363  18.4901  -0.811315  -60.6868  4.1198  -6.35014  -18.3962  
0.699875  -53.551  16.1711  -4.45539  -1.0677  -1.5321  0.620918  -7.28505  0.93934  4.39829  -3.49419  -0.110662  18.165  -3.74173  8.81522  9.15219  2.7123  -56.7295  7.56023  11.3099  -6.01316  -1.57752  -3.65966  0.00822259  -8.60534  3.81096  12.465  2.93208  -4.17341  -2.27616  2.23753  -0.597496  -0.674706  4.44924  6.14406  9.94302  12.6243  -35.2655  -49.7571  2.32036  -7.22877  -20.4055  
0.993506  -12.3969  11.6501  1.17657  -0.24905  63.5373  0.923529  -39.0678  -0.379006  5.02545  2.56063  -0.830594  19.7954  -8.33658  53.4647  7.58175  1.61395  -51.2631  3.16135  5.69943  -4.3515  -1.31494  1.13059  -0.244725  2.51104  6.71841  12.7867  2.41715  -2.3843  5.12615  7.95785  3.79478  -4.03521  9.68883  -6.2618  30.7464  6.01059  -26.0133  -55.5272  5.71978  -2.98793  -2.7966  
1.32102  18.4576  1.80754  5.23218  0.763055  111.511  1.32754  -31.9385  -2.07726  7.58621  8.73742  -0.992386  118.975  -2.0845  83.716  4.3647  -1.85884  1.50558  -0.564214  2.98757  -0.119377  -0.139586  3.81029  -0.572583  12.9098  6.95673  1.62873  2.03272  -6.15668  11.1002  6.62072  4.73226  -0.887446  7.8599  -22.6482  44.7549  7.66844  6.07554  -64.3309  9.90812  1.07713  20.2839  
1.52014  34.2695  -9.40222  7.32798  1.01182  87.7089  1.65402  14.1072  -1.11883  10.364  13.02  -0.271326  266.021  4.64159  65.7897  2.42666  -3.83891  52.4568  5.36664  5.25052  3.51672  0.791508  2.72608  -1.40217  11.8542  3.33057  -3.68757  2.01833  -11.4277  9.32496  1.78401  0.967985  8.11932  2.63154  -16.098  32.794  12.6007  20.4498  -60.0964  8.12963  -0.483356  27.1656  
1.23531  33.1566  -16.6113  7.70748  0.304303  17.7237  1.42978  41.624  0.699704  7.15777  15.0545  0.169052  322.493  3.64554  13.5083  0.661306  -1.6215  51.1498  12.3945  6.28821  4.39535  -0.118469  1.09139  -2.31533  2.3847  -2.2711  6.30202  1.07044  -9.88194  -1.84635  -0.320013  -3.97286  10.0342  -1.39066  12.5864  -6.16741  7.61042  4.49591  -37.9686  0.635407  -5.23417  14.0813  
0.326622  12.1293  -14.1456  4.75787  -0.739188  -32.6231  0.414198  12.8259  -1.74141  -4.98933  13.6223  -0.551529  202.074  -1.99012  -20.7417  -2.91044  3.38967  4.27055  8.15399  2.42888  3.82799  -2.66197  1.71378  -2.83334  -3.92109  -5.38536  18.7826  -0.254983  -0.239834  -14.0296  2.34119  -6.4752  -3.14997  -2.82597  33.7387  -45.7061  -7.00121  -20.1736  1.17651  -5.5578  -3.49548  -2.94994  
-0.752835  -12.7666  -3.99891  -1.85992  -0.943628  -45.6095  -0.85192  -34.2296  -5.80292  -18.4774  7.82757  -1.57992  -1.6143  -4.61112  -4.94189  -6.12128  6.59938  -35.6571  -4.96362  -1.73387  4.72243  -3.94108  3.0957  -2.93331  -3.27329  -3.89293  14.0881  -0.719883  9.37137  -14.4533  4.86511  -5.473  -18.5453  -3.88345  26.7034  -58.6199  -15.0569  -29.4161  49.8434  -5.81861  6.46638  -9.31295  
-1.25048  -2.65318  -0.930674  -7.96463  0.00629118  -61.097  -1.39848  -38.1804  -2.90755  -21.6082  -0.0601588  -1.64925  -101.276  -2.86147  39.5988  -4.01077  4.71814  -29.8771  -11.2873  1.46125  6.99302  -1.51687  2.1177  -2.80707  -0.666127  -0.870389  -6.74366  -0.551856  12.1961  -0.140823  1.96079  -2.83546  -15.5132  -4.2643  4.67007  -40.9847  -9.67722  -21.9183  89.2448  -2.81679  14.766  -8.30254  
-0.999783  50.2752  -19.323  -7.60028  1.18847  -95.0998  -0.994041  6.2396  8.77337  -12.1284  -5.27978  -0.785419  -54.5929  -0.70051  61.7378  2.39939  -0.517523  4.99292  -6.18035  9.44143  7.08071  2.58525  -0.721851  -2.54488  0.520787  0.147848  -22.5498  -1.37329  9.73751  18.0501  -4.81501  -0.779895  6.76251  -1.35297  -3.53445  -13.0257  -1.46438  -6.78377  100.528  -1.70195  11.6257  -9.42794  
-0.689012  92.2747  -49.2698  0.610933  1.79045  -104.647  -0.514016  47.3513  16.854  -0.689224  -5.83388  -0.183501  16.2239  -0.535081  37.2176  5.7568  -4.10064  18.6632  -0.615066  12.0376  2.37109  3.479  -2.6149  -2.30731  2.26144  -0.788693  -18.6738  -3.69763  7.35902  23.965  -7.22497  -0.467085  24.9266  4.90977  10.8175  2.55184  -4.83943  12.0733  80.1366  -3.33686  0.756031  -13.4238  
-0.984492  63.3423  -56.2191  8.68629  1.47648  -51.0009  -0.831033  39.6455  10.6807  3.29089  -3.98882  -0.57356  -10.1226  -0.342276  -9.45247  2.00188  -3.44255  -11.191  -3.20235  4.44784  -4.32218  0.0830035  -2.1205  -2.21329  5.13896  -0.0193603  -4.85399  -5.21351  6.45042  12.694  -0.967564  -1.20586  17.814  8.03482  27.2912  2.07343  -15.4245  32.087  43.9767  -4.47755  -5.27316  -13.6563  
-1.67365  -19.8522  -17.6571  7.87497  0.558858  30.097  -1.68543  -3.61408  -3.17368  1.9285  -3.15663  -1.15244  -139.683  1.45769  -39.5876  -3.78822  -1.17953  -50.2256  -6.75849  -6.4245  -7.62693  -3.10744  -0.605567  -2.12323  4.43953  3.88306  0.203116  -3.90261  3.93172  -4.52969  8.02166  -1.17958  -5.90983  1.85679  25.502  -4.84126  -18.3488  38.5199  9.64711  -2.93092  -1.60472  -9.16827  
-1.93095  -70.931  43.6844  -1.76081  -0.355023  62.6164  -2.02024  -35.683  -9.6211  2.14057  -4.52109  -0.989073  -250.702  3.11651  -43.515  -3.98686  -1.37547  -50.7784  -1.07548  -10.7267  -5.4808  -1.65925  0.240934  -1.75665  -1.95418  7.34279  -4.31278  -0.639171  -1.76514  -12.2257  10.6258  0.370768  -18.9197  -10.0131  6.30219  -2.76956  -11.9692  18.3405  -14.7306  -0.195787  4.7517  -4.89192  
-1.37124  -40.5547  79.4511  -10.1361  -0.829462  23.0292  -1.36128  -27.2776  -5.70596  3.80028  -7.12445  -0.345696  -246.954  2.37563  -40.4242  0.72525  -3.70977  -16.9861  9.09692  -7.67307  -1.52467  2.79133  0.394716  -1.17122  -7.61389  5.34724  -3.84281  1.78037  -7.66073  -6.48523  5.86547  1.99605  -8.97808  -15.2402  -12.4281  17.5692  -4.90751  -16.3349  -28.8799  0.997568  4.21521  -2.71868  
-0.491591  18.1049  63.9446  -9.26094  -1.35158  -30.1488  -0.388794  8.52005  -3.76294  1.60971  -9.64443  -0.0495088  -148.179  -0.245068  -45.2149  3.02152  -3.65842  6.12906  10.0913  -2.48717  -0.395492  4.85764  0.085036  -0.784472  -6.10982  -2.11778  8.4463  1.28171  -10.1154  1.81869  0.633574  2.07268  7.88442  -6.17325  -17.986  48.439  -2.24118  -32.8985  -32.7677  0.252287  -2.83486  0.750907  
0.0327363  28.7812  19.7318  -1.82676  -2.63838  -24.8891  0.0313755  34.604  -10.8596  -4.35068  -9.9859  -0.313118  -45.0171  -2.02744  -47.0679  -0.260922  1.13858  -6.99386  -0.0469502  1.54784  -2.31145  2.53397  -0.887758  -0.928206  -0.339325  -8.76336  20.5195  -1.28733  -8.79696  1.0359  -1.21927  1.56812  8.34016  9.61652  -12.137  67.5573  2.35686  -15.5238  -28.3852  -0.58683  -8.46236  6.54943  
0.219597  -6.90998  -11.182  3.58218  -4.21301  40.6875  0.00334899  29.4633  -17.5799  -6.94694  -7.04568  -0.386127  -5.91991  -1.44024  -28.4609  -2.92684  6.88829  -28.5271  -8.13231  4.99347  -3.04095  -1.15913  -1.67178  -1.10927  0.915672  -9.58105  19.2918  -2.39597  -5.20743  -7.46489  -2.55246  2.35625  -7.84635  17.1592  -5.11341  55.9968  12.306  14.3073  -17.323  -0.224782  -7.51532  9.51194  
0.667124  -17.4085  -10.3823  4.64488  -3.58571  98.4841  0.404662  4.53611  -13.3029  -2.4414  -2.04997  0.21319  -17.8641  0.470514  8.35912  1.12595  7.95608  -23.5393  -4.47445  6.43062  -0.354334  -2.67402  -0.570141  -0.840483  -5.39276  -6.45554  9.55367  0.190834  -0.852641  -12.3935  -5.10662  4.02562  -18.9255  9.96848  -2.18969  19.9993  20.7604  23.4598  0.470815  0.605267  -2.27048  6.20442  
1.53658  20.4119  5.95411  5.31891  0.230313  87.5902  1.49682  -12.948  -2.20919  3.93848  2.37515  0.890497  -10.253  1.04471  43.4792  9.03668  3.96189  1.65827  5.50758  3.212  2.47205  -1.9337  1.85248  -0.597465  -12.1575  -6.17409  3.13556  4.52405  2.69333  -6.44963  -5.77961  3.48879  -10.1209  -3.39012  -0.79126  -13.9657  18.3894  5.11712  19.7838  0.635782  1.89261  -1.34124  
2.02222  45.738  13.6371  7.25417  4.19959  16.5123  2.25578  -9.95969  2.69593  5.94708  3.54143  0.73359  44.3125  -1.18737  52.1609  12.0429  -0.351101  12.0969  9.48158  -2.55842  1.24078  -0.869791  2.45199  -1.34101  -11.2156  -10.8682  1.21688  5.74356  3.93018  5.40466  -3.64662  -0.17329  10.0586  -10.395  3.74062  -24.7046  5.57161  -16.9722  28.6812  -0.208062  2.72331  -8.13645  
1.17781  8.03215  6.13496  6.22127  4.10944  -42.7725  1.47473  1.43335  0.140508  4.0731  2.40812  -0.480832  94.9969  -4.75411  31.9937  6.52325  -1.82384  -4.29932  5.6568  -3.814  -3.22082  -0.568986  -0.843037  -2.83728  -2.31604  -15.1959  -5.57566  1.18422  3.18899  13.9119  -3.2953  -3.59256  22.2799  -8.9341  10.9025  -18.8612  -6.67582  -18.3808  17.1494  -0.817366  2.04974  -11.4333  
-0.667708  -49.214  -3.39684  1.07759  0.407454  -33.9539  -0.494456  1.39204  0.369543  2.69827  2.66943  -1.41724  87.7657  -6.41783  4.89729  -2.23239  -2.30046  -21.7309  1.60521  1.82846  -5.67222  -0.912803  -5.28545  -3.56343  7.58448  -12.4829  -19.4058  -6.38308  3.19408  14.6613  -6.20634  -3.0281  21.1747  -6.84836  14.111  -18.3536  -11.7802  2.22426  -5.01844  -0.659647  2.14308  -10.5088  
-1.81741  -49.6207  -1.68704  -3.11957  -1.69676  22.5368  -1.71948  -11.7353  7.65356  2.78673  5.579  -1.10137  46.8697  -4.17312  1.85272  -6.89084  -3.94236  -16.5157  2.49967  9.27104  -3.76406  -1.48846  -5.79886  -2.92679  12.1195  -2.57801  -25.7777  -11.1975  5.00174  9.2589  -4.45544  0.300809  15.9001  -9.82982  6.75568  -29.812  -11.3875  26.6235  -17.0786  -0.34932  2.42073  -6.82101  
-1.10708  -2.30414  9.10772  -1.17003  1.08407  53.1308  -0.927359  -20.5666  13.0036  2.16652  8.34491  -0.242008  44.2129  -0.172361  31.0343  -6.561  -4.80933  5.78535  5.41649  12.5492  -0.380805  -2.01883  -1.76648  -2.73442  10.2259  8.33271  -14.5549  -10.4836  6.19573  1.7244  7.18372  2.50784  12.4017  -13.2782  -7.21798  -35.2734  -8.00094  35.8389  -12.3568  -0.702287  0.986923  -4.59789  
0.458942  9.17915  15.9174  4.60912  5.33379  18.3206  0.721234  -12.2601  9.55695  0.474889  8.09986  -0.69613  115.736  1.34841  68.2784  -4.6622  -2.01766  21.6094  4.41261  11.5205  0.925996  -1.74337  2.15321  -4.84513  4.48653  13.9486  4.35717  -6.70442  4.59437  -4.71353  19.7947  2.10578  4.9306  -8.8767  -15.0237  -15.564  -2.9451  23.4427  -6.04927  -1.5117  -4.72226  -6.21372  
0.748217  -44.0484  10.9736  7.2754  4.84463  -40.4994  0.913994  3.04734  3.02059  -0.319203  5.40751  -3.22906  176.806  -1.76185  79.3535  -3.16729  2.64785  20.4372  -0.425297  9.61579  1.04256  -0.168826  1.97218  -7.70989  -2.25505  12.6613  11.3401  -3.91766  1.2318  -6.43809  18.3992  0.664492  -11.8403  1.77847  -8.57663  23.6618  1.44899  -1.97814  -15.6615  -1.75432  -12.3449  -5.90351  
-0.753689  -86.0557  0.0637414  5.37516  -1.18351  -56.2767  -0.841346  6.70878  1.36105  0.265627  3.22148  -5.96466  158.381  -6.60101  54.3396  -0.58286  4.79266  8.41668  -5.47744  7.29822  2.17109  1.90124  -1.43751  -7.05147  -8.90737  6.43115  2.30988  -3.23735  -1.36403  -3.98354  3.69643  -0.42435  -29.0596  7.80203  5.84817  54.8204  3.9559  -23.2136  -33.52  -0.894572  -16.2269  5.21191  
-2.16504  -42.3161  -5.78207  2.67101  -6.72145  -22.5877  -2.49961  -4.92018  2.69252  0.229203  2.01985  -6.43461  67.6641  -8.27794  10.901  3.95292  4.031  -8.2173  -7.25997  2.24029  3.62642  2.98525  -4.26509  -1.1577  -13.653  -0.627861  -6.26048  -1.95263  -2.29314  -2.74517  -7.25099  -1.05203  -31.4407  3.56964  14.123  60.5156  2.81482  -28.1549  -40.3036  0.234214  -10.0845  24.4398  
-1.57033  55.7949  -2.68333  2.98841  -6.56545  0.615275  -2.0432  -14.1917  0.931126  -1.08836  -0.748216  -4.2568  -33.797  -4.30261  -28.0558  7.74007  4.31779  -26.0679  -5.61705  -4.89464  3.52536  2.61037  -4.07548  6.36569  -12.764  -5.15491  0.182449  2.03466  -2.81423  -6.48811  -2.67361  -0.0454845  -16.91  -1.55555  9.00131  48.3281  0.934703  -17.3707  -24.4372  0.376641  4.45918  34.1086  
0.490241  108.146  3.51377  4.16441  -2.30452  -25.5579  0.00631197  -7.91629  -1.84477  -1.59401  -4.48896  -1.84992  -89.2648  2.73662  -46.9275  7.11724  6.73587  -30.8722  -3.2839  -10.3784  1.99773  1.70398  -0.895673  10.0167  -3.5237  -5.15071  14.476  7.05414  -2.18  -10.8812  9.55066  2.88411  0.190812  2.95243  -2.80368  37.3914  -0.869107  -0.241607  5.06232  -0.387986  18.0773  21.1777  
1.86948  76.0312  4.70094  2.18171  0.729346  -68.9519  1.51369  6.11382  1.26861  0.0112434  -5.17968  -1.25011  -93.7417  7.5034  -37.9521  2.31279  6.93014  -3.58084  -2.35708  -11.7443  1.25271  1.26036  4.39542  8.4208  9.9141  -2.92397  18.3291  9.00239  0.51846  -8.05282  13.8193  4.83096  6.87527  13.422  -10.8165  32.5545  -1.69167  12.8728  27.9625  -0.653614  21.1412  -4.03727  
1.59356  19.1967  1.24308  -3.97202  0.317411  -73.1384  1.48985  10.8458  8.1496  1.88074  0.414504  -1.66295  -73.2813  6.96478  -3.19946  -2.10051  1.84987  45.8288  -2.05695  -10.0362  1.47565  1.14066  9.84388  5.01868  17.4166  -3.18223  7.29354  6.36134  4.79042  2.43786  6.96205  1.62437  5.17119  15.273  -11.6163  22.5976  -2.30828  16.185  32.1836  0.422564  13.6965  -18.0879  
0.714937  6.48177  -1.11137  -11.0621  -0.74149  -33.8511  0.860281  5.85784  8.62925  1.42512  8.15729  -0.244909  -54.7876  2.87708  36.4672  -2.31205  -4.6029  72.6169  0.108901  -6.84016  0.431357  0.84672  11.7509  3.32533  12.8965  -7.47728  -3.41972  2.18346  7.58978  12.2091  -2.11367  -5.21601  5.42833  4.84901  -7.29803  -2.44015  -2.52821  7.18367  18.8137  1.62155  4.28161  -11.287  
0.467187  34.792  2.75458  -13.068  0.0427515  8.27075  0.690968  2.84065  0.113278  -0.481837  11.356  4.09397  -59.6952  -0.209779  49.5845  0.989491  -6.32666  43.7574  3.45823  -3.09381  -2.41361  0.436613  8.83465  3.27762  2.26816  -10.7471  -0.480295  0.730282  6.37923  15.5179  -6.5336  -9.02071  10.114  -5.51708  0.595847  -40.5349  -3.86276  -10.2099  0.66585  1.13094  -0.0585144  1.90124  
0.703288  54.4497  11.8677  -8.0064  1.38914  28.3755  0.81858  6.96352  -6.02601  -0.659714  6.77645  8.93187  -72.2429  -0.556432  27.0712  3.11745  -3.06453  -20.4409  3.8607  -0.4364  -4.08616  0.783723  4.54322  2.64018  -3.1375  -7.41442  9.53938  2.82997  2.31806  14.4275  -7.6411  -5.75181  11.7679  -6.38063  8.65141  -76.9347  -5.76581  -23.0985  -6.2719  -0.807588  1.28468  0.970958  
0.589244  37.1381  21.3481  -0.234326  0.817574  39.7816  0.569734  10.7537  -1.28725  2.07788  -1.81798  10.7363  -44.8785  -0.474434  -7.5228  1.93037  0.0300487  -64.6694  -0.59599  -0.399963  -2.6592  2.35522  3.35567  0.560769  -0.136749  0.979196  9.42717  5.08999  -1.22098  11.7003  -8.29085  -0.210277  6.15614  -4.10704  10.9544  -94.8517  -7.22734  -18.5931  0.550444  -1.93019  3.80477  -14.012  
-0.0075241  -7.16068  26.7592  2.41683  -0.844941  52.3905  -0.0423757  7.80741  8.04671  4.77636  -8.02156  8.49594  28.0291  -2.24736  -25.4377  -0.811892  -0.334655  -58.6418  -3.95262  -1.93283  0.0298795  4.04699  4.94101  -1.47491  2.72516  6.78997  -4.08452  4.36988  -3.60316  4.89589  -7.56376  0.726032  -1.09374  -7.35667  2.12437  -85.3991  -6.42604  4.19034  8.11711  -1.03419  3.25499  -26.8069  
-0.532272  -56.9512  25.7244  -1.80716  -0.827923  44.0752  -0.506739  2.87343  9.58149  4.27293  -7.99925  4.55481  95.6  -4.54561  -21.5335  -2.60305  -2.10686  -21.4294  0.669477  -0.146783  0.716023  3.92577  4.08661  -1.62931  -2.42247  6.11474  -14.3691  1.21673  -6.26064  -6.07174  -3.40547  -2.52217  -2.18081  -11.1928  -11.407  -49.5054  -3.7601  29.218  3.8035  0.438094  -0.131678  -24.6792  
-0.630066  -98.6785  18.8472  -5.676  1.20631  -5.09763  -0.615147  1.6751  1.92191  0.938162  -2.62278  1.64312  89.8258  -3.85975  -11.2218  -2.94282  -1.88156  12.0563  10.8564  7.12659  -0.538954  1.54794  -1.36912  0.126052  -11.9524  3.69204  -7.20867  -0.680561  -8.20427  -12.7463  2.16553  -2.77946  2.46945  -4.10328  -15.0021  -0.199974  -0.491559  36.7767  -8.31179  0.455209  -3.62748  -11.5007  
-0.399533  -113.956  8.56849  -2.11318  2.08026  -68.7414  -0.505496  1.44227  -5.50021  -2.10405  2.63052  0.272046  30.1136  0.182145  -7.4933  -2.61616  0.590861  27.9343  15.5439  15.6833  -1.08662  -1.41205  -6.6742  2.35278  -14.8903  4.41798  8.8948  0.533326  -7.77421  -7.74581  5.50403  2.52197  5.78048  12.3573  -3.26524  37.6374  3.24291  22.2146  -9.11947  -0.650446  -5.17994  -1.53033  
0.0129416  -84.5969  -1.66131  6.27488  0.297393  -92.5821  -0.197801  -3.38983  -6.51395  -2.6633  2.03055  -0.704056  -1.74659  3.82193  -10.8856  -1.29896  3.02988  24.2289  8.72798  17.4879  -0.133522  -3.04918  -6.89968  3.31968  -7.46085  5.28821  13.3877  3.23981  -3.85051  1.85139  4.25245  8.07994  2.61515  22.2817  11.6769  44.9958  4.22049  -0.951565  6.31414  -0.96459  -3.46668  -1.97792  
0.434405  -20.2375  -7.18425  10.5565  -1.88571  -54.097  0.255793  -9.45654  -4.33491  -1.24444  -5.18095  -1.69945  21.4417  4.02555  -19.9413  1.47297  3.70581  -3.98987  -3.42584  10.2973  0.849592  -3.61534  -3.46617  2.46578  2.63635  0.346826  1.44234  4.01321  0.567754  1.7049  -0.737283  7.68856  -4.91423  15.2169  13.8703  25.586  -0.599249  -14.3597  17.4522  0.0612619  0.191783  -9.08596  
0.490916  44.6108  -3.86393  6.69015  -1.85052  11.4212  0.448544  -9.90697  -4.03457  0.751499  -11.5555  -1.68069  27.9938  2.09975  -33.3836  3.81666  2.52975  -41.0075  -10.7977  -0.0119406  0.026497  -4.35629  -2.31126  0.705998  5.7428  -8.32138  -9.68815  1.38853  2.55363  -8.95432  -5.33699  2.9996  -11.742  -1.12545  3.96588  1.86813  -9.98115  -11.2276  4.91043  0.809641  2.94458  -12.5201  
0.0915763  71.0747  7.60378  -1.23716  -0.160377  45.8577  0.167689  -2.77143  -3.90195  2.46047  -8.98432  0.0286029  -31.3282  1.32413  -40.9065  2.20512  0.455226  -48.2399  -9.676  -5.61832  -1.54255  -5.0191  -5.2547  -0.520108  1.17374  -10.3356  -5.40312  -3.62477  3.12579  -14.7738  -5.56258  0.346787  -14.6726  -10.6096  -3.01424  -4.59565  -15.6855  -0.595254  -24.2023  0.0061933  2.67233  -6.59563  
-0.0786062  48.9807  19.2395  -4.65282  0.571341  35.3982  0.0480093  4.39768  0.132464  3.56045  1.91091  2.63182  -83.6241  2.0724  -25.7896  -3.00858  -1.25165  -4.08775  -3.9711  -4.1968  -2.51414  -3.19971  -7.68475  -0.575289  -3.8502  -2.11515  6.53237  -8.25222  5.38414  -5.42568  -1.48738  2.44566  -13.3666  -7.93099  2.81284  4.92865  -9.96691  4.2716  -38.9444  -1.33804  -1.01801  5.61965  
0.675132  -5.00356  19.7219  -1.36544  -0.0325125  12.9032  0.833175  5.30321  7.95436  3.11521  11.6297  4.77084  -24.7025  2.0762  14.3299  -6.8576  -1.68052  47.7598  1.39424  -0.532132  -2.70284  1.78012  -5.08201  0.112292  -3.80973  8.30384  7.51364  -9.82723  10.0028  9.05186  1.52905  4.84865  -8.994  -1.30177  12.4205  17.1113  1.08619  -2.66767  -19.7316  -1.61829  -4.35366  15.8138  
1.74719  -53.4152  6.54549  5.5454  -0.402165  16.805  1.92423  2.09439  14.8689  0.832469  12.7593  5.92366  128.216  0.568898  59.3551  -4.55895  -0.831726  41.5207  3.18128  -0.691869  -2.95508  6.87081  1.04626  0.724218  -1.48782  11.3302  -4.88356  -7.37474  12.6156  11.8788  -0.670148  2.18729  -2.88962  -1.724  12.6091  24.4319  5.22281  -14.2189  16.9544  -0.986342  -3.31035  17.379  
1.66289  -52.7879  -9.29167  10.393  -0.259128  46.3928  1.77605  -0.446274  15.9047  -1.78699  7.01126  6.21583  225.821  -0.131078  80.1631  2.07182  0.217376  -26.7079  0.657387  -5.7174  -3.34468  8.46461  4.57412  0.934708  -3.24208  7.83779  -13.4903  -2.81303  9.82117  2.86824  -5.33639  -4.25912  3.55391  -9.44989  2.18651  27.0553  -0.980024  -17.0566  39.632  -0.787768  2.33311  10.2149  
0.116921  -1.42067  -12.1476  8.68893  -1.1442  66.6114  0.0621503  -0.9002  10.9907  -2.63502  1.82219  5.79192  148.999  1.59641  64.3487  7.07434  0.476046  -82.8399  -3.16891  -9.44859  -3.26333  7.14458  2.05629  1.04098  -9.17806  4.18575  -4.21579  0.286886  3.04129  -4.2501  -5.93233  -8.38617  9.03684  -15.0039  -8.89561  22.0389  -7.32665  -4.71167  33.3839  -1.22198  6.50268  0.0799094  
-1.24299  50.5798  -3.65132  0.625573  -3.23004  50.064  -1.44847  -0.152088  3.50718  -1.35439  0.922232  4.93202  -44.7857  3.87548  27.5645  6.92381  0.0419222  -62.2692  -2.75507  -4.35024  -2.26174  6.45222  -3.26743  1.4201  -12.1108  2.6131  13.2323  0.00645665  -3.41925  -1.62337  -1.5135  -7.0642  11.3368  -9.48356  -13.2494  3.44158  -4.41344  15.6835  8.36893  -0.971412  4.72869  -5.30747  
-0.879244  48.3915  -0.287805  -5.76871  -4.08361  8.19335  -1.08579  1.19336  -3.33698  -0.0310365  3.52041  4.4444  -198.37  3.49631  -2.14947  3.32781  -0.258338  7.24834  3.51239  9.36292  -0.229242  6.98641  -5.35292  2.10302  -5.01292  1.18742  17.6447  -1.67013  -5.90353  3.67936  1.98737  -3.28505  8.32003  3.3678  -12.5413  -19.6522  3.30429  25.8775  -12.7756  0.454644  -1.60399  -3.66681  
0.511095  5.42385  -13.4875  -3.9398  -1.81544  -21.2534  0.426333  2.72726  -7.27491  -0.246886  5.53076  4.70958  -224.402  0.282527  -9.46424  0.409033  -0.111523  43.4407  9.78571  20.3671  2.22899  4.20526  -2.18407  2.67931  9.08954  1.12704  2.30747  -1.49922  -5.17263  3.47234  1.63397  -2.46891  2.69891  11.3439  -9.00827  -24.6512  5.31086  13.6428  -18.4536  1.529  -5.98719  1.46451  
0.970714  -9.58518  -31.4374  3.71441  1.60599  -16.6344  0.990979  4.59355  -7.48322  -1.15758  5.36677  4.91211  -165.897  -2.39399  -1.301  -0.487605  -0.149814  7.13517  9.70304  16.9703  3.8716  -4.80331  2.31814  2.72203  18.8363  4.26818  -16.4971  1.37962  -1.78986  -0.25414  0.221845  -5.02764  0.13771  7.72688  -1.73498  -2.4694  -0.406702  -13.6544  -8.00083  0.67004  -4.63996  4.03459  
0.0937752  32.5399  -32.698  6.26975  3.16967  9.65205  0.145272  4.55405  -2.9995  -0.802206  2.63149  3.93211  -120.152  -2.37459  2.68024  0.00818363  -0.966046  -54.7224  5.29331  0.880251  2.70117  -15.0526  3.07705  2.48711  16.5045  5.19316  -19.498  4.51173  2.36347  -1.55712  3.95237  -6.38502  2.4182  -0.351653  7.40686  20.0928  -9.03259  -30.4395  6.14063  -1.35181  0.0843791  1.71862  
-0.497739  70.7036  -14.119  -0.770904  2.30719  23.0549  -0.436204  2.97323  5.36167  1.11605  0.258535  2.02726  -77.1991  -0.977758  -7.84566  0.460854  -1.98683  -74.6007  2.9926  -12.8023  -0.956482  -17.3371  0.183376  2.96843  5.91232  -2.31574  -4.68798  5.54766  5.08737  -0.711152  14.179  -2.62161  3.66585  -2.65575  12.387  15.3725  -13.9531  -19.1602  9.44  -2.23157  4.14822  -1.14013  
0.239551  40.9465  4.95988  -7.69524  1.13499  9.01929  0.313791  -0.191758  14.3383  2.89625  0.678201  0.979013  55.9071  -0.755592  -20.6306  0.409423  -2.16518  -35.8628  3.36769  -12.4271  -4.38395  -9.00066  -1.65137  4.44483  -2.25129  -13.408  11.9036  4.91464  3.04878  -0.511257  24.0588  4.22494  -1.95392  0.669858  10.1439  -8.66214  -13.7225  8.36574  -4.80603  -1.17505  4.5488  1.45675  
1.02746  -35.3999  7.69068  -3.22378  1.24048  -16.2007  1.07162  -3.41904  18.3197  2.8723  3.72561  1.62412  302.702  -1.80848  -20.2897  0.234794  -1.73226  20.5827  0.813451  -2.83115  -5.35465  2.54106  0.112422  5.19445  -3.34423  -14.9135  17.065  4.52485  -2.58288  -0.985656  24.2529  8.59062  -10.1455  2.5158  4.79617  -13.4134  -11.5359  21.2991  -25.0197  0.10212  0.132172  9.26469  
0.119864  -71.8757  -0.816932  9.6382  1.69436  -23.3612  0.0913659  -3.0275  13.8368  1.16227  5.43775  2.77353  533.257  -1.88497  -6.42126  0.707184  -2.04775  49.5178  -6.92078  1.43397  -5.12543  7.54145  3.0571  2.89239  -2.72654  -4.06405  12.5389  5.35487  -7.16329  -0.941415  11.2793  6.7029  -11.4894  0.480087  2.3486  19.518  -9.05592  5.50307  -26.3745  -0.171046  -7.68661  14.2206  
-1.92762  -42.1258  -6.63921  15.6555  0.816495  -5.09785  -1.99136  3.38803  3.56212  -0.518518  2.64627  3.03046  575.548  0.262207  6.81678  2.28332  -3.19025  37.2435  -13.0506  -5.27281  -6.70414  4.32064  3.40613  -2.07  -7.30824  4.93206  9.56643  6.97701  -6.66737  -2.38513  -6.01724  0.533083  -4.35137  -1.00201  2.38779  54.0111  -7.9403  -19.2838  -1.55864  -1.51704  -12.8392  9.44036  
-2.73797  0.162209  -5.67496  6.64794  -1.39057  17.7971  -2.77938  9.79396  -4.95273  -0.888205  -2.74595  2.51213  382.302  3.19031  8.91726  3.75989  -2.818  -0.705949  -11.1871  -13.2668  -9.51161  -0.819658  1.83408  -5.89638  -14.6774  -0.815715  9.93005  7.93714  -2.46835  -6.00452  -12.9227  -4.3405  0.645787  0.40521  -0.773555  42.7441  -7.36334  -23.3107  28.7048  -1.95192  -9.58097  -0.237867  
-1.27175  3.37866  -2.39991  -7.07171  -3.35843  17.6219  -1.3278  4.27412  -7.14023  -0.206377  -6.11335  2.45211  100.879  4.10034  6.97824  3.02247  0.896257  -34.9952  -4.69051  -11.4635  -8.95548  -2.11569  1.67643  -5.36086  -15.5654  -15.3029  5.11639  6.57146  1.02636  -7.14336  -4.08991  -4.07815  -3.06599  0.231364  -8.0986  -16.2118  -3.22613  -2.68159  32.6273  -0.779804  -0.155354  -2.72154  
0.785565  -18.4462  -0.44278  -11.3672  -3.76983  -5.28419  0.63744  -14.115  -5.28881  0.299186  -5.09912  3.0735  -88.7115  1.44849  6.73856  0.213239  5.70203  -39.2911  -2.22229  -1.48935  -2.34375  -0.731168  3.11902  -1.66361  -5.71752  -22.8877  -11.8897  1.6901  1.01562  -1.13084  6.84664  -0.540976  -8.75654  -3.55274  -13.483  -74.0642  2.56411  17.8958  4.39196  0.592744  6.61618  6.06201  
1.26357  -19.78  1.32941  -3.37566  -2.51559  -23.5592  1.07262  -29.0733  -5.51059  -0.31998  -1.0194  3.47432  -147.67  -2.79433  4.41778  -1.93802  6.86341  -6.44114  -4.58063  5.75933  5.67846  -0.784288  2.80603  0.623564  7.85751  -18.3424  -32.9823  -5.69983  -1.44584  6.87447  3.45042  1.17848  -5.9141  -6.65094  -10.0013  -88.1636  7.76565  16.7964  -25.9244  0.850127  4.79367  15.9568  
0.125997  -0.166634  -0.620722  4.16255  -0.532986  -15.2031  0.0503063  -24.258  -11.4867  -1.68325  3.6962  3.24116  -163.53  -4.74044  -1.67283  -1.31504  3.0364  36.0647  -4.63182  3.56065  8.29764  -2.73924  -0.749218  -0.584895  14.5061  -10.2176  -41.6926  -11.8792  -3.00326  7.23325  -12.6979  -1.53524  4.0611  -4.94942  0.685762  -60.877  10.8982  -0.907465  -27.7757  0.359404  0.00720671  12.4714  
-0.893624  8.07126  -9.59556  3.35057  0.906612  12.3913  -0.818451  -5.47066  -19.886  -2.21492  6.31501  3.04485  -222.295  -2.19016  0.117843  0.803877  -1.29892  43.5701  0.927165  -3.86561  4.3897  -3.33624  -4.22301  -2.67547  10.5232  -5.40393  -29.2899  -13.0076  -2.74647  0.717169  -21.3986  -5.33793  10.2445  -0.797502  8.98265  -24.3792  9.21683  -15.4722  -2.56876  0.174802  0.431249  -6.07484  
-0.720726  -10.3793  -18.9803  -2.16641  1.41911  30.0912  -0.684651  6.06755  -23.0861  -0.87429  6.20827  3.50095  -284.435  2.36758  14.4383  1.83068  -1.07232  0.577962  6.13767  -9.06743  -0.115458  -1.03606  -3.89085  -2.00625  1.3682  -2.46378  -3.95622  -8.93401  -0.471983  -1.46351  -11.265  -4.97514  8.51586  1.9107  7.85496  -0.86554  0.836743  -17.121  19.2648  0.193503  6.13155  -26.9102  
0.0525935  -36.8385  -16.5138  -3.40291  1.45135  22.5459  -0.133735  3.61003  -16.4316  1.45445  4.48916  4.14779  -281.643  3.93116  21.0556  1.05621  3.08428  -57.2924  5.78935  -9.67173  -0.54489  1.65796  -0.703564  1.30266  -5.96287  1.80652  17.2995  -3.73579  2.31198  5.0439  5.31665  -0.159362  7.17634  4.03929  1.54936  10.5719  -12.2557  -10.3992  18.03  -0.648205  9.14745  -35.5648  
0.451829  -50.7575  -5.52937  1.4531  1.70278  2.54156  0.13359  -1.97238  -3.87403  2.66943  3.837  3.98646  -185.707  0.934688  -5.12919  0.177167  5.76542  -79.8788  3.36848  -7.49552  1.09446  1.9392  1.19603  3.77079  -7.60671  5.14238  25.0193  -1.27213  5.27913  9.86296  8.1205  3.88564  12.4582  7.0283  -0.716271  11.9579  -21.164  -1.01038  4.09271  -2.2736  5.01987  -30.4936  
0.412128  -52.1872  -4.92853  5.84722  1.71675  -7.63335  0.241189  -1.58406  5.22846  1.86865  4.49829  3.14237  -58.96  -2.7536  -48.6781  -0.353474  3.50043  -56.4808  6.21456  -3.10775  -0.54831  0.448204  0.307538  3.44776  -4.47791  5.78338  23.3135  -1.15145  8.42443  2.60028  -2.07831  2.92067  17.9392  7.87717  5.32762  0.405876  -17.8057  12.3983  -1.62261  -3.13856  -1.72352  -21.5928  
0.414162  -44.3084  -22.0476  4.64906  0.655417  -2.46374  0.519602  3.46736  5.9116  0.378645  1.74238  2.50146  43.3041  -2.69186  -59.7729  -1.30469  -1.49011  -20.8395  13.3398  3.62337  -5.66368  -0.247993  -0.847781  2.27325  0.533837  5.78585  20.1263  -0.390814  12.4433  -9.73938  -5.64443  -1.44576  12.2802  2.46355  11.5954  -21.2367  -8.42917  26.215  2.90289  -2.1025  -6.58991  -17.2802  
0.543993  -30.4268  -32.8709  0.730343  -1.22709  11.4896  0.759399  7.55312  1.76865  0.106618  -6.33661  2.39818  88.0986  0.584263  -17.5256  -2.60197  -4.61753  -1.01869  16.3768  9.15113  -8.13618  0.870624  0.124705  3.08867  3.99108  7.65114  16.321  2.27323  15.0365  -10.4394  6.72082  -3.67649  -2.65713  -5.44497  8.71122  -37.3904  -6.90598  27.2661  3.20898  -0.206197  -9.34519  -16.2854  
0.465311  -13.7656  -10.9573  -0.488765  -2.32872  27.5594  0.550155  10.2389  0.555899  0.983637  -13.5202  2.36713  98.3264  2.52506  35.7773  -2.22428  -4.27012  10.1037  11.0935  8.27669  -4.43963  2.16547  2.1017  5.76023  4.47953  9.24904  7.51382  4.81158  12.707  3.21091  19.3467  -1.19613  -12.5039  -7.61844  -0.993942  -35.6554  -14.0316  5.18363  -9.59582  0.716261  -11.5939  -12.3512  
0.0733867  3.72379  30.9158  0.780942  -2.06799  43.4061  -0.0243388  11.469  4.82978  1.26844  -12.1101  1.99633  72.1958  1.44933  47.4353  0.136992  -2.37955  28.9315  2.90401  0.445751  1.57358  2.2822  2.52302  7.12855  3.31922  7.28889  -3.9877  5.35136  5.02304  14.4745  13.8412  2.79979  -7.33499  -1.48366  -6.4077  -23.3828  -12.2247  -26.8071  -28.1307  0.424522  -10.2883  -2.06109  
-0.324963  23.9595  49.709  0.354716  -1.58379  50.4385  -0.495938  7.76912  11.0936  -0.0934296  -3.02587  1.80509  29.9923  0.362985  21.1544  2.02731  -0.739203  40.5789  -1.87086  -7.51428  3.88076  1.65471  0.960891  4.99364  1.92599  2.31766  -9.2205  4.32182  -2.49099  8.615  -2.58488  3.40304  5.34048  6.6238  -0.389835  -11.8405  6.13425  -39.6924  -43.7648  0.316463  -4.86764  11.3793  
-0.343943  55.8833  26.9146  -2.39551  -1.88438  32.08  -0.514716  -0.495129  14.2411  -1.71283  4.78015  2.32834  -5.54612  2.0635  3.61767  1.29431  1.14621  18.7007  -1.57568  -9.76119  1.01578  1.38212  -0.274295  0.610155  -0.251395  -3.03815  -4.68832  3.2225  -4.66115  -8.03902  -6.02701  0.218273  9.24771  8.65617  10.0253  -1.07407  22.7261  -19.0041  -50.4412  1.22947  0.271173  22.5108  
0.186312  92.3945  -6.05131  -3.33829  -1.62072  -10.2262  -0.00737628  -5.26849  11.4969  -1.56001  4.63064  3.3306  5.36992  5.08377  13.0543  -0.0116289  4.24295  -24.5174  1.03759  -8.14311  -2.38228  1.62511  0.759381  -2.86325  -4.93182  -8.27784  0.799367  1.48408  -1.86604  -15.7944  10.6564  -2.61559  -0.163032  2.65084  14.6253  11.9424  15.6823  16.0255  -41.7567  2.22158  0.75699  26.7844  
1.07109  113.399  -13.3838  0.527405  1.03831  -58.7633  0.850296  -3.44435  3.58251  0.292999  0.673451  3.92492  72.1501  5.90214  16.0108  1.22553  7.2949  -45.378  2.50764  -7.9759  -2.08244  2.08408  3.17512  -3.63142  -10.3722  -13.598  -0.739795  -2.14276  -0.211054  -5.20776  25.5141  -1.15721  -10.9182  -6.03187  11.1712  22.5404  -7.30918  31.9004  -11.1048  2.12678  -0.0783489  22.5533  
1.6357  101.889  -3.3138  5.50722  4.72385  -88.5513  1.47395  -2.80701  -5.57079  1.65302  0.00264331  3.58184  143.258  3.31543  -13.6744  4.60206  7.41107  -22.3816  -0.345447  -9.16653  0.82895  2.48033  3.95442  -2.66303  -11.9838  -15.5177  -4.5123  -6.31009  -2.69876  13.0919  16.2547  3.3065  -9.11785  -9.0273  5.62557  21.0975  -17.2875  15.2439  35.2578  1.06971  4.39062  12.9087  
1.06673  60.8624  -8.9922  4.83824  5.59466  -86.5223  1.04512  -5.83371  -10.3396  0.765473  2.81245  2.76183  150.99  -0.596811  -48.0648  5.54  3.36964  11.8436  -8.28157  -6.31857  2.78457  2.62608  1.58397  -1.88305  -7.86352  -10.7975  -2.05236  -7.33276  -5.18854  21.032  -9.88264  6.3107  4.72226  -1.60033  1.10559  9.05529  -3.09781  -15.176  67.8355  -0.103654  12.9445  1.7809  
-0.610553  15.6205  -32.8852  -2.88223  1.96877  -50.3752  -0.519985  -4.57175  -7.54726  -1.29767  3.58423  2.35238  83.8799  -3.35389  -46.8837  1.24333  -2.36844  13.6124  -14.7571  1.87128  2.75968  1.82936  -2.17159  -2.00916  -1.73403  -1.67063  2.51989  -3.542  -1.69969  12.4821  -26.3213  5.15835  17.4202  9.8736  -3.9898  0.402351  13.3703  -29.5276  58.9926  -1.04406  15.9148  -9.3778  
-2.12068  -5.67473  -40.5745  -10.9877  -3.15444  6.09538  -2.01831  3.81994  -1.0963  -2.13454  1.06633  2.68942  4.32416  -4.19264  -14.3402  -4.88429  -5.54319  -13.9168  -10.174  9.49614  2.57059  -0.0878961  -3.85744  -2.38798  0.0664679  4.10022  -3.08836  2.10607  7.35888  -3.33075  -20.0303  2.21446  20.0222  11.3387  -10.539  2.77367  10.0107  -17.4572  14.2625  -1.88197  9.85596  -19.3214  
-2.13709  1.42473  -14.074  -13.4233  -6.00436  51.5994  -2.08414  8.45839  2.6252  -0.989117  -0.901894  3.08093  -39.4763  -3.51027  9.09688  -7.26994  -4.33057  -32.2775  5.39361  10.5614  4.47856  -1.84765  -2.22195  -2.13625  -3.5656  1.92387  -17.8441  5.03185  13.0193  -12.2918  -3.90569  0.817334  15.4472  -2.30139  -15.1142  6.16103  -6.22412  6.66969  -25.5236  -2.32525  3.36955  -24.6112  
-0.88972  11.9394  18.3726  -10.3146  -5.95248  56.762  -0.869271  -0.332235  1.77297  0.650583  1.32352  2.87846  -61.9038  -1.99073  7.45999  -5.16095  -1.40496  -21.1349  18.5193  6.53541  8.09257  -1.80545  0.83768  -1.23691  -7.33561  -3.79376  -23.597  4.25313  9.02311  -9.27699  4.75556  1.54234  8.9621  -16.7011  -15.2567  -2.2197  -13.1308  22.9488  -25.0496  -1.70047  5.67868  -17.2968  
0.0467695  -5.70261  24.8372  -6.01006  -5.46879  26.1156  0.0758546  -12.1705  -0.304482  1.1019  4.98161  2.51693  -92.3069  -0.278434  3.87042  -2.23851  -0.931286  -1.13082  16.8373  2.22232  10.6013  0.084842  2.65048  -0.145303  -4.8694  -5.78122  -9.70979  2.69266  -1.4  -0.680164  3.5768  1.74056  -0.0658789  -13.9759  -14.7377  -16.9491  -4.55924  22.1359  8.68043  -0.203173  12.0616  2.71792  
-0.177344  -51.6512  11.9816  -1.98702  -5.85494  1.00515  -0.13211  -9.41458  -0.551987  0.726042  5.33965  3.23162  -113.458  0.725021  15.0667  -0.908522  -3.4242  4.64709  5.25831  -0.839505  9.8602  1.76227  2.37671  0.903094  4.21272  -2.65662  11.0132  3.00725  -7.07267  3.93055  1.23377  0.471717  -13.5208  3.01863  -14.134  -18.4874  4.50692  7.92505  34.6532  0.867085  9.55138  21.3141  
-0.624626  -97.5202  7.76667  3.04395  -5.73421  12.1911  -0.598632  2.49579  -0.940515  0.870669  1.3233  5.16018  -91.0116  0.493087  22.1593  0.0575771  -4.67949  -0.745516  -3.13145  -4.23023  6.266  1.12541  1.21232  1.79614  13.2989  1.09015  18.054  4.54319  -2.64019  2.07312  1.81387  -1.26487  -25.7146  13.038  -6.82686  2.81645  2.74286  -11.4527  22.9408  0.579168  -3.5817  22.4699  
-0.0575412  -116.496  15.2809  7.77993  -3.37436  44.0032  -0.113016  6.59525  -2.02088  1.73241  -3.18329  6.25935  -44.6359  -0.626961  2.40488  2.04687  -0.907589  0.518463  -3.1046  -7.10761  2.71418  -1.35024  0.133424  2.40999  14.2986  1.87091  9.84737  4.85057  6.8975  -2.30793  2.27012  -2.50845  -27.51  4.99178  11.3379  30.6685  -5.12909  -28.4063  -8.40595  -0.527484  -14.0472  9.11477  
1.17014  -108.238  15.072  7.75179  0.547746  52.2592  0.981215  -3.2427  -1.66986  1.92849  -3.91085  4.94639  -26.7764  -1.63402  -30.4843  3.64073  5.84485  9.50125  -1.47668  -5.3996  2.17692  -2.58693  -0.165347  2.508  6.95993  0.40515  2.35233  3.33219  9.56987  -5.17124  1.25126  -3.57489  -18.4908  -6.88702  34.004  37.8038  -9.02733  -33.9103  -20.1825  -1.15306  -10.964  -0.879516  
1.58046  -86.5602  2.07652  1.5825  3.71161  19.2505  1.27166  -8.65616  2.2331  0.856726  -1.86903  3.50631  -40.4748  -1.30077  -37.3989  3.30677  9.26369  10.4201  -2.27557  1.94136  4.85223  -0.3172  0.588435  1.83631  -0.503532  -0.094766  3.35189  2.48089  0.962147  -5.71716  2.38322  -4.18658  -7.89823  -3.57991  45.4399  17.508  -6.49927  -19.6732  -1.96336  -0.889719  -0.650195  1.815  
0.673968  -54.2815  -4.03519  -3.83639  4.68924  -30.3104  0.34104  1.6365  7.13639  -0.544895  -1.49153  6.27007  -29.4093  0.3925  -6.54146  2.3622  6.00651  4.84548  -2.49043  10.2721  8.11461  3.97562  2.16307  0.719335  -0.663798  1.71495  5.02545  4.99411  -10.4787  -2.93169  7.08328  -2.78965  -0.985826  10.9191  37.5318  -7.08051  -3.1002  8.57446  14.2589  -0.459799  1.90888  5.21224  
-0.384983  -8.05149  7.7827  -1.96337  4.12493  -57.3279  -0.624807  13.738  8.31486  -1.1142  -3.65006  12.6079  19.7871  2.55462  32.1708  3.78112  -0.296197  8.17996  0.0979478  12.5365  8.60804  6.27321  3.01544  0.00389623  3.62849  4.49319  -0.517292  10.1944  -13.6145  4.7833  11.8849  0.557289  5.7941  17.0427  16.2821  -11.4944  -1.22023  28.9131  -2.03048  -0.691527  -5.96162  -3.95231  
-0.348606  41.1521  22.355  3.78286  3.71555  -49.7452  -0.440084  8.37151  5.91223  -0.554862  -3.83724  14.1184  43.4182  3.79048  39.2725  6.60121  -3.44589  18.7983  1.08217  6.3244  4.8582  5.02926  1.86058  0.552731  2.37351  5.68011  -7.86384  13.9553  -6.46596  13.9898  11.8143  3.15123  15.103  6.95901  -4.47743  5.19994  -2.38496  21.7799  -31.3382  -1.42289  -11.4596  -20.9655  
0.584867  67.6405  19.6608  4.67498  3.95293  -22.7905  0.6221  -7.76211  4.44131  0.68017  1.18007  3.64427  -3.14042  3.62952  10.0628  6.93783  -1.79959  13.6499  -1.0134  -4.27202  -1.47054  2.93266  -0.218729  2.3126  -9.08214  3.36263  -9.37438  12.359  3.25894  15.2301  5.24161  2.62049  19.9193  -7.0368  -15.0761  23.9552  -6.4632  -4.73137  -30.0492  -1.69674  -4.26461  -29.6828  
1.25737  53.0121  3.28383  -1.60675  3.81055  -3.04923  1.37948  -13.4641  6.15546  2.46442  7.58128  -11.6344  -62.9586  2.35929  -22.6909  2.489  0.711871  -18.3485  -1.13575  -11.5192  -6.95871  3.27586  -0.999003  3.67094  -20.8826  -0.932986  -7.94357  5.33443  7.6527  5.01735  -4.42005  0.203636  13.9195  -10.933  -14.9749  29.2862  -10.1898  -19.7243  8.04998  -1.07163  10.3232  -23.3353  
1.04047  6.36208  -8.12976  -8.17254  2.02868  0.4298  1.19579  -6.8482  7.35183  4.33034  7.95129  -13.0878  -65.0092  -0.154807  -23.4743  -3.28787  0.191464  -44.091  3.75143  -9.77442  -8.95442  4.73181  0.376845  2.8445  -19.5161  -3.37644  -9.60888  -2.9124  7.85662  -6.40423  -11.7194  -1.10418  5.54489  -4.7668  -9.76271  24.0829  -9.63977  -6.34837  39.3278  0.0768772  18.0525  -9.76861  
0.264057  -43.8709  -6.72051  -7.82629  -1.08854  -5.49168  0.385821  -3.60156  3.57693  4.9981  1.62927  6.32558  2.73522  -3.64643  8.23089  -5.58927  -2.5704  -24.751  6.92994  -1.79672  -8.01404  2.60425  2.30438  -0.258371  -3.3065  -1.04253  -11.0245  -8.49494  8.1478  -5.17025  -12.1523  -0.732151  7.24649  1.8899  -6.64993  19.8284  -6.38704  17.4104  22.5295  0.931602  13.3475  1.81055  
-0.58985  -59.0018  -0.83857  -2.55734  -3.70538  -4.96222  -0.548292  -10.7381  -3.66561  3.44181  -4.27354  26.8021  60.0082  -6.19332  35.5371  -3.85357  -3.85322  25.0824  1.93952  2.17856  -7.0546  -4.90681  2.90188  -3.5888  13.6186  2.23698  -5.70391  -10.8839  8.4695  6.50847  -6.6313  -0.374713  15.6206  2.80249  -8.81754  19.0097  -4.06663  18.8135  -23.9796  1.01585  2.70231  7.33098  
-1.40131  -25.6012  0.851041  0.673996  -3.87088  6.19359  -1.39129  -12.5486  -8.03212  0.339606  -3.39393  19.1129  58.3928  -5.03113  23.1572  -2.20825  -2.07566  51.1508  -5.97283  -5.72452  -7.65276  -13.6106  2.45737  -4.83772  17.1752  -0.194002  3.20758  -12.37  4.47881  11.4909  -0.250047  -1.6556  12.0915  -1.62135  -14.1275  18.1254  -4.23759  -8.43799  -52.9632  0.524148  -4.42254  5.91211  
-2.03923  33.1533  -0.0192432  -1.65106  -1.54109  16.2894  -1.92142  -2.43615  -7.5776  -2.4186  1.29532  -18.0772  27.4174  -0.625042  -24.672  -4.21337  0.353393  38.8073  -6.68856  -20.9864  -7.93343  -16.4984  2.10942  -3.84079  8.32612  -7.81297  6.08532  -13.9673  -5.28329  0.32982  2.63135  -5.04601  -9.65363  -7.43006  -18.9463  13.4284  -0.440101  -39.2096  -42.4147  -0.215428  -5.91757  -0.533598  
-2.06177  64.0581  1.26581  -4.77543  1.57688  13.5244  -1.72614  1.27063  -7.18258  -4.03852  2.26023  -51.0886  18.0854  2.46836  -66.4991  -8.3301  0.0612479  39.833  0.678204  -29.0882  -5.21681  -11.2143  1.91181  -2.46251  1.09679  -11.0917  3.50031  -14.4702  -16.0785  -14.5881  2.69526  -10.1997  -29.5117  -9.27731  -22.3307  3.09857  11.2383  -47.55  -17.7905  -0.925084  -5.10874  -2.77891  
-1.22874  35.2181  4.41675  -4.86746  3.37663  1.65014  -0.717834  -22.6139  -11.3797  -4.82492  -1.81222  -48.8102  25.1403  0.791246  -67.4013  -10.4977  -3.13594  95.1467  6.68398  -21.6384  0.30151  -1.98044  1.22664  -2.14744  5.16608  -3.46438  4.96655  -12.3662  -21.1447  -15.674  3.35106  -15.568  -24.9059  -4.17906  -23.9399  -10.5016  25.3851  -33.4939  -10.2597  -1.41023  -4.44325  6.23714  
-0.1071  -21.0313  6.72146  -2.3894  3.01863  -8.23948  0.394967  -52.884  -15.7136  -5.03259  -6.08082  -20.0992  25.9377  -3.31585  -36.1117  -8.6646  -5.71644  153.579  6.1856  -6.17965  4.6995  4.35232  -0.030125  -2.30462  13.4891  7.3974  10.6781  -8.03936  -17.8389  -3.21601  4.5721  -17.2568  -2.57657  3.696  -21.9277  -20.4178  29.5762  -14.0809  -16.8077  -1.48624  -3.90076  19.2116  
0.414892  -42.3836  7.10717  0.21002  1.12875  -7.32685  0.704045  -45.2142  -10.4398  -4.23965  -5.25338  -0.442022  -1.32891  -4.06113  -6.74552  -3.71738  -4.03956  117.974  3.94148  2.35785  4.41439  3.77568  -0.683725  -1.22375  12.2171  7.16023  9.63505  -3.43213  -8.74205  6.12744  3.45895  -11.097  10.2889  5.79988  -11.9893  -19.8394  16.6716  -1.48609  -12.6821  -1.12992  -2.6476  16.6108  
0.158317  -11.4795  5.96182  1.4793  -1.4516  0.715086  0.11365  7.68179  5.66658  -2.27154  0.581243  -3.98559  -46.9615  0.0206038  3.92014  2.33245  1.72338  -23.2626  4.5041  -0.159254  -0.0417311  -2.13546  -0.221572  1.43026  -1.50475  -6.87224  -3.04353  0.453695  2.24765  4.54864  -1.78364  2.09747  3.01525  0.179881  4.43056  -9.15981  -9.01353  3.88082  11.9274  -0.458609  -0.578797  -5.46513  
