-0.839683  0.932493  -0.0370928  -5.86454  -1.8587  -33.1082  11.8707  3.64423  -0.120385  -1.12955  -1.49367  2.64026  0.675635  -1.98934  1.01543  4.81258  -2.56618  -6.11189  -21.183  -1.01331  1.44542  1.76784  -4.88298  -2.25205  1.23786  2.55941  -13.112  1.0103  7.06537  -735.486  8.71147  -42.5387  22.7346  -3.09328  -29.2636  -2.82123  -0.603564  1.45878  -0.248856  -0.803787  0.0263526  -20.4101  
1.82111  5.80841  -3.65631  -84.3137  -2.29904  305.34  7.36707  0.515854  0.623293  -0.240038  4.78633  10.0693  -9.4303  6.70747  8.30242  -62.0941  2.5658  21.436  -11.0206  -0.675246  -3.82055  -9.84341  14.0655  0.0469875  22.8916  -15.9211  36.354  10.5509  -9.07653  2301.87  -40.0196  216.748  -30.0198  9.60715  85.6157  1.02815  25.5596  1.18367  18.4142  1.89018  4.79386  245.678  
1.55304  0.799864  -6.27205  -106.777  4.43966  204.573  34.401  -7.18489  -1.66288  2.20908  -12.3867  4.65107  -15.2499  6.32702  14.974  -89.255  3.69571  27.2117  -12.6458  -1.67032  -8.64622  -5.12685  15.6974  0.275857  12.5048  -10.1757  62.2112  13.5563  -19.6003  3116.34  -67.3983  264.091  -53.978  18.3005  126.667  7.92212  33.8681  0.96221  22.0648  1.57104  3.31802  282.904  
-1.12255  -12.7787  -6.77987  -61.5657  14.2448  -135.205  72.3243  -16.6793  -5.00956  5.18661  -39.8976  -9.80556  -14.1512  -2.23834  17.9663  -65.7688  0.916345  18.1495  -10.9934  -3.7927  -12.2182  6.65049  7.47214  -1.09951  -24.3077  10.4855  61.3136  10.0073  -28.4905  1930.4  -61.1359  237.493  -48.3769  17.3117  97.0025  14.6091  22.1535  0.79803  15.1157  -1.21489  -3.29673  141.049  
-3.18726  -24.0628  -5.14191  7.88886  16.3874  -197.961  77.6028  -19.3535  -5.22841  6.28257  -40.1521  -17.6592  -7.67897  -11.4006  14.8234  -17.0974  -2.43781  16.5079  7.99267  -5.42464  -13.6441  4.79591  7.49231  -2.01944  -53.3451  17.3965  47.7313  5.87329  -39.1383  682.823  -27.5314  342.502  -37.652  6.29749  57.4981  15.9345  4.77102  0.782627  10.6581  -3.34752  -8.33  41.7028  
-2.9392  -23.2411  -3.31583  45.2206  6.07938  47.9921  51.6538  -10.2995  -1.48902  4.85319  -6.62876  -11.9512  -0.801998  -13.3548  6.46322  16.2805  -3.63632  26.8462  31.474  -5.4386  -12.5529  -10.2512  13.3804  -1.68372  -53.2949  2.69071  33.0803  5.2358  -43.5466  551.826  8.94031  526.805  -33.6527  -4.85625  43.0338  9.46964  -2.69312  0.854342  11.794  -3.07215  -6.66287  74.405  
-1.60406  -10.6232  -3.12317  40.93  -7.26421  185.461  38.6916  5.06359  1.83857  2.11457  25.3779  -1.11843  1.77181  -4.65443  -2.1777  16.1137  -2.92217  29.5353  34.079  -4.30536  -9.93364  -20.962  7.95706  -1.31064  -19.8086  -15.4621  23.8791  6.22001  -30.3413  938.994  22.9735  534.902  -17.4025  -7.54056  42.5424  1.46089  3.27152  0.407589  12.6242  -1.6549  -0.464888  109.65  
-1.11534  5.0866  -3.81143  16.5257  -10.3616  27.7468  58.8824  14.8329  1.47123  -0.436438  23.7971  3.1444  -0.571312  11.7435  -6.43305  0.831801  -2.13206  9.98214  14.1657  -3.12042  -7.36264  -22.2832  -10.1035  -1.97172  33.7011  -21.7766  13.4222  4.56975  0.2415  798.23  6.56058  269.627  27.3089  -5.06412  29.7748  -3.80921  10.1965  -0.683704  12.0738  -1.10008  3.23186  4.3312  
-1.659  13.702  -3.25004  -4.31859  -0.913803  -131.441  81.0178  11.8412  -1.75521  -2.13767  -1.17447  -0.168378  -3.58215  22.4222  -5.30282  0.42783  -2.26627  -18.7544  -2.45684  -2.44228  -5.18916  -23.0109  -19.5991  -2.8951  79.8865  -17.9314  -4.43758  -1.05634  27.284  83.8861  -21.8756  -68.4302  70.9215  -5.66463  10.3915  -7.40663  5.9939  -1.35946  13.3982  -1.62372  0.727176  -168.54  
-2.04609  10.8818  -0.851627  -21.5682  9.78519  -64.5567  67.9254  2.13007  -4.18703  -2.45055  -13.0064  -3.46971  -2.99778  14.9938  -1.86948  18.2489  -2.75657  -31.2175  2.11164  -1.84111  -2.49497  -29.7109  -8.55767  -2.74976  91.8383  -7.38787  -33.9906  -7.44518  35.9426  -501.273  -37.3141  -217.996  57.9752  -8.58377  -10.7742  -14.0568  -8.39116  -0.409941  13.0689  -2.02526  -5.18043  -208.932  
-1.65506  2.09453  0.939428  -41.7062  9.57737  -27.2456  24.3669  -3.90541  -4.10728  -1.39348  0.882429  -1.89467  -0.364448  -6.30618  -0.275507  29.8022  -2.77917  -20.1093  21.9756  -0.789741  1.71619  -31.2311  4.2587  -1.71601  75.1215  11.4949  -59.0466  -10.4769  34.7823  -640.357  -32.0658  -142.13  -16.4352  -4.45295  -31.6251  -23.2057  -18.6507  1.49577  3.59662  -1.65537  -7.74946  -48.914  
-1.02825  -0.979887  -0.246003  -49.0452  -2.66166  -305.988  -20.0541  -4.44327  -2.80003  0.0279944  11.042  1.69757  -0.19277  -21.6742  -2.25906  18.1566  -2.15568  -2.80524  36.0246  0.531433  6.13489  -19.2883  0.593411  -1.46438  58.3517  33.3385  -54.3031  -9.20998  39.8153  -533.644  -14.7565  38.2302  -88.0397  10.1264  -52.0812  -27.8812  -12.9383  2.03352  -8.81016  -1.02614  -3.56409  153.033  
-0.788444  6.329  -3.06888  -45.9104  -14.7994  -665.467  -53.0812  -4.96092  -2.12979  0.47557  -6.35691  2.78266  -3.63079  -17.3058  -6.00153  -7.37646  -1.81654  1.38341  32.1984  0.834211  8.48853  -1.49903  -7.46066  -2.76193  57.5157  40.1614  -18.754  -6.07766  53.0733  -468.163  0.85984  166.101  -95.23  24.5524  -57.7695  -21.0896  3.44141  0.676594  -9.09741  -0.745969  4.61117  203.726  
-0.86606  14.3429  -3.78544  -60.4041  -15.2646  -561.463  -82.8095  -7.20179  -2.01237  -0.141489  -33.0936  1.31362  -4.89351  -3.25259  -8.08401  -22.9324  -2.45612  -7.61459  11.3417  -0.321656  8.27487  10.1327  4.09762  -4.36129  46.0064  24.7968  15.7807  -3.06618  53.8915  -231.4  14.5552  184.772  -52.0209  25.9364  -45.7077  -3.66943  13.9997  -0.456442  3.34612  -0.772548  10.4134  82.6656  
-0.89448  10.3219  -1.34604  -97.6735  -3.86745  67.5552  -107.043  -6.49507  0.0313098  -0.288252  -29.2802  0.299276  -1.03293  4.01758  -7.39541  -18.3763  -3.75606  -15.8232  -17.0207  -1.37749  7.13198  15.2698  25.8112  -4.55659  -11.3505  6.7421  15.2111  -0.376219  30.4895  213.19  29.2219  144.361  -21.4123  12.8266  -21.7885  14.7992  10.3512  0.869164  6.91262  -0.792276  9.21198  -53.84  
-0.814696  -4.08748  1.19177  -100.384  8.98032  647.484  -112.078  -0.106707  5.5711  0.450801  10.9425  0.427177  3.1222  3.64478  -6.43862  -1.60369  -4.938  -14.6713  -33.1633  -0.215507  6.44211  20.3953  22.0973  -3.17248  -85.7123  5.25187  -10.7424  2.3148  -5.99159  512.176  39.6102  70.3352  -19.6836  -5.61291  -0.281261  23.2445  0.543953  3.52797  -13.0938  -0.75586  2.06727  -60.1803  
-0.794765  -13.483  0.956488  -24.4107  13.2702  707.777  -95.8108  5.99639  12.1198  0.468225  48.2061  0.396992  0.600356  6.99541  -7.27154  15.4242  -5.35381  -8.58743  -35.573  2.67533  5.15081  24.6098  -15.1246  -1.5205  -114.997  12.8919  -22.9536  4.60605  -29.8643  127.915  35.9601  -1.01086  -9.72447  -18.1549  17.0362  22.1462  -2.35704  4.25778  -38.7999  -0.780475  -5.27571  52.0611  
-0.856628  -7.29526  -0.829065  71.9771  7.98282  369.248  -72.0125  5.23978  14.5473  -1.50038  47.8623  -0.584841  -6.81771  17.7859  -8.226  25.0754  -4.89793  -5.84734  -32.4824  4.45059  1.78578  19.5058  -46.27  -0.757256  -91.6002  6.78971  0.420737  5.2441  -28.9677  -838.372  20.6739  -37.6161  24.9315  -20.8469  26.5266  18.7468  4.05065  2.0612  -41.0805  -0.841161  -6.5387  156.589  
-0.85589  5.311  -0.605341  88.2557  -1.62327  129.348  -50.5441  -0.10221  10.3657  -3.83324  15.1417  -1.81471  -10.1892  26.322  -4.60347  26.3077  -3.36435  -5.53644  -35.1758  2.75755  -3.23578  5.66852  -35.4542  -0.825669  -78.7141  -12.4359  36.1935  4.56795  -17.161  -1581.04  7.3007  51.8563  47.8301  -15.0029  14.3364  19.7007  11.5607  -0.348044  -15.8239  -0.816952  -2.1488  149.242  
-0.750671  7.92968  1.81295  13.7692  -9.2574  176.854  -29.7089  -1.42165  2.54745  -3.54714  -9.67062  -2.45791  -4.48421  23.5688  4.26707  25.8842  -0.906083  -1.70467  -33.4236  -0.99847  -7.87196  -8.50824  0.894234  -1.0456  -106.327  -17.516  48.5558  4.87259  -11.1386  -1435.74  -1.18368  237.322  36.8929  -4.28785  -21.4825  22.6413  12.159  -0.309752  13.1723  -0.724237  2.03072  47.4286  
-0.702437  -1.927  2.58553  -48.5515  -10.5215  322.533  -4.81079  3.52486  -2.38423  -0.658016  -5.40923  -2.96566  3.36276  13.5416  12.4479  30.3967  1.62072  6.48417  -13.2186  -3.6198  -10.7882  -16.0473  19.307  -1.13801  -118.401  4.01389  25.9283  7.27265  -15.3649  -685.234  -15.0182  224.952  28.9117  4.89446  -49.0803  23.5447  4.95075  1.12231  26.5312  -0.726356  0.318542  -57.5368  
-0.86906  -9.20304  -0.506232  -19.3761  -6.13784  290.647  27.604  7.61038  -0.76093  1.19689  13.9247  -3.65177  2.85165  5.65382  13.0879  33.8615  3.04429  10.7105  16.9491  -3.54556  -11.0492  -15.9325  9.66003  -1.38386  -44.0142  29.3103  -17.1564  9.62611  -18.8111  -132.761  -33.4994  -193.966  56.8483  8.90762  -40.2302  20.1403  -5.08908  0.938493  27.4555  -0.920936  -6.36394  -90.7405  
-1.13515  -2.60657  -4.05856  44.7612  1.35217  -9.09533  66.5398  5.1478  3.16248  -0.508196  21.4673  -3.49122  -5.99644  6.29051  6.73178  20.1631  2.67386  5.8634  26.5331  -2.04307  -7.5433  -6.17095  -1.80856  -1.98057  93.3056  28.6549  -58.8879  8.88312  -14.9964  -101.09  -36.5304  -663.669  85.0341  6.77844  -1.93103  10.919  -10.7987  -0.948385  25.1041  -1.15589  -9.76207  -72.0434  
-1.20789  10.1999  -3.65176  53.5227  8.23901  -457.08  93.5136  -0.207921  1.77395  -3.34429  6.83793  -1.35526  -12.4756  17.3358  0.502467  -12.3822  0.615929  -0.360603  9.87435  -1.55888  -0.0082543  11.0061  4.852  -2.53098  187.475  3.37155  -79.0544  5.98796  -6.29591  -97.3113  -13.2528  -513.624  52.8509  2.01206  26.3048  -0.802811  -6.29334  -1.2108  17.5751  -1.18157  -3.89024  -72.6461  
-1.08309  12.9687  0.0505497  15.255  12.4546  -765.883  75.9224  -1.00255  -5.78661  -2.98423  -19.3948  1.6098  -8.77268  31.3954  -0.0989095  -38.679  -1.91104  4.23483  -8.82239  -2.79235  7.83668  22.1466  16.761  -2.58356  173.323  -19.5184  -64.5072  5.27748  2.40075  304.583  10.6917  294.353  -29.5564  -1.43787  22.4241  -11.6479  7.91488  1.65559  -0.144356  -1.0616  7.5517  -108.304  
-1.31476  2.39542  2.09843  11.0202  11.8168  -678.833  7.23013  2.58969  -12.6069  0.516549  -37.028  2.88557  0.75615  30.4058  1.33374  -35.0458  -2.71299  18.6662  -3.96371  -4.19611  10.0237  13.2175  14.0866  -2.10512  83.0857  -23.3987  -25.4282  8.12578  8.49452  699.531  2.56016  891.437  -84.4668  -3.82087  3.15193  -16.1428  19.5165  3.22207  -21.1816  -1.35832  13.0459  -132.774  
-2.48055  -8.32586  -0.165355  51.8068  5.08852  -234.893  -63.5948  3.36186  -11.5573  1.28084  -32.5066  1.50801  4.64151  1.528  -2.13347  -16.0567  -0.517818  25.6263  14.6546  -4.31849  4.80003  -11.1344  -1.54845  -1.64734  -13.6909  -17.3802  6.45588  8.65986  11.5217  457.722  -27.9633  492.819  -66.9151  -7.3256  -5.35758  -14.9632  15.9631  -1.86889  -30.1078  -2.57918  7.39742  -85.0273  
-4.14846  -7.66362  -3.67309  48.2784  -6.89222  202.374  -73.7058  -1.1165  -5.27153  -4.40143  -9.47077  -0.563916  -1.0945  -37.2213  -10.3386  -13.1744  2.47216  12.2396  14.8217  -3.30164  -2.40476  -24.0525  -12.9422  -1.69771  -63.4941  -16.4677  12.7923  0.383071  9.85001  -211.918  -34.5727  -518.602  -9.84814  -9.67119  -6.53084  -12.512  -2.43231  -11.3644  -20.6418  -4.22406  -3.23806  22.647  
-4.85058  0.204653  -5.13191  -36.2124  -17.1149  309.04  -23.4037  -5.70347  -0.989871  -11.9088  16.2201  -1.12961  -8.92391  -44.4482  -13.7726  -30.9714  1.9712  -10.4058  -16.344  -2.5928  -5.07144  -11.3525  -11.6144  -2.01439  -48.3358  -17.1936  2.32686  -14.4008  0.869318  -410.39  -0.232624  -882.415  25.6113  -6.12858  -9.80651  -11.4968  -18.8983  -15.146  -4.45083  -4.83808  -7.64577  110.634  
-3.54291  2.87194  -5.4618  -112.873  -17.0883  165.076  22.9237  -3.40829  -0.739285  -12.0975  28.0066  0.0367605  -8.13781  -5.09832  -5.01714  -38.4841  -2.20561  -19.3859  -56.2989  -2.97925  -2.76476  10.9256  -4.92465  -2.18642  22.5351  -9.80199  -4.1374  -23.8358  -14.0599  125.878  35.0293  -110.804  28.2838  4.15128  -15.544  -9.29202  -20.2352  -6.94318  2.89554  -3.46234  -3.3128  117.36  
-0.936206  -2.35431  -6.86803  -62.6058  -5.48827  52.0226  19.4858  3.70098  0.902157  -2.56669  26.9059  1.00058  1.26241  35.3714  10.2761  -19.2929  -4.3337  -9.37602  -69.975  -3.1967  0.153152  14.444  -3.87073  -2.05749  81.4589  3.56117  -1.54504  -19.8595  -21.9928  562.397  25.9358  907.026  18.0267  11.5011  -13.1845  -4.55096  -9.44909  6.61323  0.0856566  -0.875448  2.18948  65.9042  
1.10215  -6.77445  -7.38986  79.0809  9.99814  50.3113  -8.19321  6.48313  5.99772  8.83342  24.122  0.240713  8.64652  14.4173  18.7851  2.69392  -0.724223  0.673461  -44.8686  -1.15785  1.2104  -6.2793  -9.22725  -1.98106  66.0367  9.40167  4.96381  -6.87257  -18.1259  113.895  -18.3359  983.499  7.95075  7.88013  -2.73053  -0.87315  -0.715136  12.5091  -0.589117  1.08778  2.08913  30.5522  
1.49404  -1.65864  -3.8722  151.98  20.8032  -1.91123  -8.7121  1.02861  8.32831  12.911  21.1662  -1.44796  6.74388  -68.7417  14.6558  -1.81526  2.93767  -6.61163  -2.6559  2.47949  1.66269  -28.6358  -13.1689  -2.27133  -24.4007  5.71447  16.4907  4.28833  -5.35183  -749.065  -46.411  126.758  2.22458  -3.13377  9.30862  -3.3915  -0.935614  6.01872  8.93035  1.45578  -1.30837  58.7532  
0.763674  8.81268  2.35596  76.7022  23.9943  -116.512  21.7283  -7.60222  1.88628  8.90216  12.1191  -2.45509  0.113729  -136.004  6.7477  -16.7806  -2.40628  -22.8973  20.8801  4.10665  2.49887  -29.4258  -4.98069  -2.87446  -110.549  3.53044  35.4611  8.08313  2.34579  -977.922  -29.7578  -549.875  15.3775  -12.3247  18.8274  -13.1215  -3.31908  -4.49538  21.6225  0.812387  -2.33377  116.358  
0.0530675  13.9494  5.40073  -43.6992  19.3923  -130.792  43.2779  -10.266  -7.84815  3.49247  -6.91813  -1.79456  -1.7185  -117.175  6.67936  -4.69257  -14.8777  -26.4562  10.8529  1.6279  2.39931  -11.5336  13.8304  -3.5198  -128.524  12.1235  44.4683  7.74761  3.19999  -343.41  6.24013  -307.112  49.3099  -15.8694  18.9787  -23.3744  1.48933  -8.17539  23.9952  0.228738  -0.165306  132.388  
-0.0518949  8.99542  3.43391  -51.3924  8.02298  -41.5562  34.4167  -5.59569  -9.22934  1.64752  -21.9147  -0.558631  3.48791  -33.413  13.3734  32.3177  -20.8213  -12.1645  -18.4984  -2.18933  0.86165  3.56417  30.9991  -3.90727  -89.2146  20.2059  21.4165  7.36007  5.00495  337.713  23.2411  284.614  65.383  -16.1342  -0.0548452  -26.918  13.0031  -3.59524  13.8148  0.167809  1.2345  95.6386  
0.367753  -1.32073  1.60468  51.6448  -6.56988  -65.1097  20.1242  1.1008  0.523866  2.06806  -23.5043  -0.727525  8.0426  31.2691  12.9641  49.686  -11.345  4.63432  -37.7942  -3.12955  0.00137966  1.08817  30.1495  -3.61791  -38.8127  13.8949  -24.3251  6.67186  16.1883  281.392  16.693  287.75  25.7465  -14.856  -35.0034  -22.256  22.2288  1.90236  0.61125  0.516088  1.18295  53.3506  
0.975269  -8.60546  4.06227  112.032  -16.0931  -271.738  37.9648  5.77155  9.3177  1.19213  -20.9357  -1.95666  5.48516  26.1248  -2.03611  22.8321  4.8778  8.80537  -28.5767  -1.18147  0.553676  -17.5542  11.9743  -2.52259  8.46092  -3.58  -51.2412  4.06124  28.6597  -293.033  8.876  -435.507  -40.7132  -11.7714  -61.6886  -11.4215  19.6116  2.17284  -9.12992  1.03672  2.0487  54.6828  
1.35688  -8.59028  6.59633  23.7405  -12.5928  -382.805  87.5865  7.90031  6.27434  -1.47126  -28.309  -1.83006  -3.18381  -13.993  -21.5459  -10.1488  11.6915  5.45997  5.85816  0.356319  0.026999  -39.4217  -7.89182  -1.06005  63.9137  -11.0864  -36.7712  0.517804  24.4024  -676.822  13.7888  -1046.62  -61.7803  -9.74374  -55.392  -1.80983  5.60995  -1.06471  -18.7879  1.41285  3.91338  79.021  
1.18852  -1.58049  3.4383  -110.884  -1.71744  -207.633  124.465  8.18455  -4.9159  -3.70144  -42.1503  0.509768  -11.3209  -29.8209  -28.0458  -1.70086  5.16095  4.04039  43.1423  -0.386341  -3.25286  -45.3468  -16.0985  -0.0967969  118.56  -0.932423  -4.33989  -1.73682  -2.0415  -530.034  19.3043  -825.302  -19.7455  -9.58781  -26.1219  3.90593  -9.77562  -2.2474  -31.2336  1.30227  2.5205  74.5422  
0.604517  7.63594  -3.92217  -126.962  3.76054  26.8644  98.5565  4.73776  -10.6339  -4.00472  -37.314  3.00453  -14.9472  -10.0444  -16.5255  33.5689  -3.45293  2.99384  57.012  -1.3683  -5.69062  -25.6276  -14.7421  0.0751948  134.271  10.347  5.27508  -3.22385  -29.2412  -142.95  11.7026  9.83466  15.3452  -6.21378  -2.26896  7.40655  -15.0096  0.962631  -40.0582  0.742733  -3.76776  29.3977  
0.171581  12.8014  -7.26136  -11.4924  -1.52815  -5.58489  11.7752  -1.30757  -5.76163  -2.92727  -2.63983  2.48647  -14.8954  12.3134  -1.60913  35.5747  -3.52073  -5.40977  36.998  -0.157539  -2.67381  7.59849  -13.8978  0.0501528  90.8271  4.07383  -9.56103  -5.06474  -35.5955  63.7407  -4.87832  644.667  -17.1374  6.034  4.09368  14.7459  -7.71908  5.66963  -36.8944  0.253173  -9.54966  -27.2957  
0.211534  9.70366  -4.6209  71.8041  -9.55838  -239.006  -69.787  -4.01673  1.14705  -1.48299  34.3699  -0.59247  -12.2547  13.2458  -0.0948039  -14.3021  2.61949  -18.9018  2.88815  2.26551  3.7947  24.4303  -17.5323  0.418197  28.5397  -15.071  -17.2493  -5.78317  -16.4023  -123.336  -14.1415  624.053  -70.2826  19.1257  9.45497  24.7829  2.78303  7.39453  -24.7956  0.208683  -7.82718  -71.2954  
0.433238  0.69002  -3.22547  18.7504  -8.87556  -332.991  -74.7048  -0.750226  -0.388452  -0.127419  42.5379  -2.32671  -7.45977  2.47826  -10.8592  -59.1324  5.86508  -23.8853  -14.1122  3.40363  5.9631  3.43085  -20.1148  0.840417  4.10436  -23.2948  -1.6613  -3.50021  7.99016  -615.179  -10.8469  244.43  -53.9499  17.7644  24.3367  28.3191  5.26315  4.46696  -10.9654  0.398349  1.67164  -104.699  
0.427002  -5.77287  -9.00997  -90.1387  -0.0843436  -153.623  -9.69989  2.84309  -7.19162  0.899174  20.3048  -0.24634  -1.27343  -4.66987  -17.9154  -40.7292  3.10427  -16.3262  -3.02454  2.09529  0.282085  -39.291  -14.9532  0.481743  20.8073  -11.461  16.6262  -0.222863  17.5714  -1244.08  -1.35337  63.6529  32.7727  1.70449  35.9768  19.8996  -1.96552  -0.898681  4.37172  0.435441  10.3521  -128.822  
0.271378  -3.84357  -16.2407  -94.6288  5.76746  82.9144  40.002  -0.418556  -7.3542  1.08011  2.40781  2.82668  3.23158  -4.99628  -9.5859  15.8402  -0.89674  -6.66004  9.11286  -0.433103  -6.96074  -59.4157  -4.48764  -0.83699  27.6803  3.93882  8.30085  -0.604919  10.8442  -1562.15  5.01539  227.604  92.5006  -10.6057  30.017  4.40204  -10.8273  -5.01983  23.2123  0.357936  10.4092  -128.005  
0.292253  3.08122  -14.4741  25.1498  1.85175  189.191  9.43956  -7.69745  3.82406  0.117225  10.0881  3.21619  4.80736  -2.14357  7.40299  35.9066  -2.03048  -4.13716  -8.11934  -2.65213  -7.49408  -30.4178  2.75414  -2.25811  -19.8466  2.74847  -26.0833  -4.58779  3.50519  -1239.25  5.8617  366.207  57.8781  -6.18041  12.5396  -9.22896  -13.0545  -5.89668  37.0501  0.439307  2.9628  -127.478  
0.459365  5.16883  -2.38296  137.22  -6.62072  168.115  -71.5839  -9.30656  16.6908  -1.67271  26.9191  0.49442  4.18596  3.93698  17.6768  -2.64908  -1.78566  -5.78953  -41.0913  -3.57172  -1.62823  24.5973  2.57986  -2.8591  -89.0751  -13.29  -51.7726  -6.5381  6.24122  -262.819  5.16525  210.934  -12.886  4.90974  6.43047  -17.6254  -7.7475  -4.28046  32.1837  0.627514  -3.82367  -150.283  
0.454145  -1.29708  10.0002  133.294  -9.42546  100.161  -119.236  0.249845  18.8267  -3.23625  23.9344  -1.81861  3.41882  8.10043  14.0754  -42.3358  -3.39277  -3.85369  -47.3219  -2.86099  2.47849  57.2675  -3.41058  -2.58769  -97.285  -24.0126  -39.9082  -2.95319  11.8133  826.493  5.10332  -122.815  -24.2285  4.96264  8.77108  -23.8409  -0.642246  -2.24567  8.07329  0.616234  -4.79785  -178.115  
0.215062  -9.87589  13.6184  44.7728  -2.71603  37.999  -96.314  14.1055  8.88132  -3.29333  -3.70097  -1.4416  2.971  3.82415  4.57446  -29.4807  -6.20096  -0.321689  -14.9819  -1.16688  0.62692  41.8058  -8.43649  -2.20367  -26.5065  -16.9697  -3.68998  1.61601  5.71153  1380.69  4.17436  -259.061  26.2912  -6.17403  0.253966  -27.4004  2.91528  -0.857248  -17.5428  0.363317  -3.05201  -121.297  
0.0454661  -12.2042  9.85351  -29.2958  5.58093  42.842  -40.4796  20.9133  -2.72388  -1.31869  -28.8797  -0.231271  1.85988  -7.86562  0.290017  14.0566  -6.2557  1.0928  19.4582  0.452125  -2.2568  3.33352  -8.55416  -2.2829  31.9512  1.61493  17.0318  0.898032  -11.6731  1277.3  0.60467  -157.289  60.4713  -12.5485  -27.2127  -24.8962  0.970164  0.335454  -25.4487  0.169246  -3.75889  50.4379  
0.119753  -7.30978  6.07382  -53.449  7.16991  127.825  -4.49  15.426  -6.58182  1.60832  -29.9227  -1.1784  -0.086817  -13.4566  3.2058  29.5762  -1.60498  4.13137  19.7832  1.43346  -0.35584  -18.5723  -2.7973  -2.51852  -7.22273  14.8614  3.35709  -4.13111  -26.631  901.832  -4.71723  -114.792  35.5338  -4.69341  -44.0675  -14.9726  -2.25505  1.63006  -13.9703  0.188941  -6.27486  221.691  
0.276168  -1.86938  5.63202  -55.6801  2.60145  131.775  5.46372  2.93917  -2.22665  3.41816  -10.6123  -3.61137  -0.723528  -5.78951  7.73752  7.0854  4.81655  16.8908  -5.37365  2.0714  4.64405  -7.70371  3.64069  -2.17506  -96.9391  15.4407  -23.6702  -5.40446  -25.0021  560.722  -7.02275  -332.874  -2.52156  8.22004  -29.5136  -4.576  -0.93127  2.29963  4.02538  0.260753  -4.87133  263.345  
0.313328  -0.116122  5.83927  -48.7439  0.62526  -104.796  16.8565  -6.65125  3.83354  2.93105  6.70687  -5.10625  1.03089  3.11202  8.57104  -5.29088  7.84391  34.9571  -20.1051  2.56807  6.56693  14.9303  3.61638  -1.14994  -116.87  9.17442  -33.1787  1.02899  -15.2182  106.249  -3.24414  -572.657  -6.24176  11.9933  2.82506  -0.311071  6.93133  1.31805  16.1043  0.230438  1.91885  174.445  
0.256124  0.649064  4.23786  -25.0568  6.13525  -363.181  48.638  -8.09036  5.97563  1.03704  10.6079  -4.05715  2.80063  -1.22065  6.25104  20.8911  5.17753  42.9947  -13.3522  2.37246  3.79494  18.1794  -5.42917  -0.343294  -34.7232  4.60527  -18.665  8.84752  -12.9619  -499.992  6.72824  -485.105  1.19474  3.94954  19.7828  -0.998539  14.6931  -0.712031  17.6534  0.178782  7.62485  71.1395  
0.201174  4.42158  2.16699  0.0972127  12.3359  -234.666  89.2128  -4.32432  3.12475  -0.372914  0.545511  -1.36095  0.735291  -15.5287  4.26719  53.6002  -0.760574  32.4636  -6.27508  1.01924  1.1144  -5.58396  -14.8406  -0.800382  44.6031  5.30643  2.7069  9.54638  -16.7864  -866.107  15.707  -15.168  -30.3256  -6.57541  7.06103  -0.539688  14.0327  -2.20596  14.0259  0.206271  6.4324  37.6792  
0.187426  8.80077  1.77821  -11.1019  9.8922  248.003  106.986  -2.7978  -2.07079  -0.632676  -15.9231  0.892464  -4.97132  -23.9932  4.51752  45.7646  -5.33524  12.1081  -10.6558  -0.619599  2.0162  -34.2394  -12.6807  -2.31274  23.2995  8.33684  14.7543  2.23818  -3.35937  -558.639  15.9992  392.026  -94.1823  -10.2414  -11.6788  0.64622  4.60495  -2.52827  13.6492  0.294929  1.00899  43.8947  
0.209196  7.65992  2.54097  -52.4823  -0.375664  524.103  77.5104  -7.07187  -6.10639  -0.493471  -29.6756  0.634318  -9.5206  -16.9601  4.44511  2.57213  -5.51582  -6.2096  -11.268  -1.31389  3.93394  -42.27  0.901809  -3.66543  -47.027  10.3157  18.8669  -6.05751  37.7102  48.0036  5.64469  319.337  -121.053  -4.94952  -10.6435  -1.61515  -4.89207  -2.68445  19.9703  0.378577  -1.47783  22.7063  
0.246382  -0.190226  2.3401  -50.1482  -7.60272  190.512  12.9115  -11.4075  -5.73448  -1.1148  -35.8797  -1.44493  -8.26361  -0.591343  -0.0348027  -30.9692  -1.38506  -19.7692  5.02489  -0.389997  2.86362  -21.2705  8.75191  -4.42283  -54.3576  8.43225  11.5123  -9.36547  75.6731  247.251  -5.74569  -215.496  -69.7631  4.99911  1.54492  -9.37243  -4.7065  -2.9525  25.9897  0.431981  0.733558  -43.5888  
0.215642  -7.0605  0.36195  37.0252  -4.13775  -354.682  -40.2236  -9.04975  -1.31177  -2.33293  -29.3857  -1.71514  -1.66087  10.2438  -8.97019  -29.9736  3.76712  -30.345  23.588  1.9156  -0.645065  14.0346  -3.89035  -5.31856  18.2322  -0.37544  -4.21293  -7.82477  70.6339  -152.781  -3.90227  -642.465  13.6219  13.9284  0.149141  -16.723  3.71379  -2.12311  19.2618  0.406765  2.5496  -115.495  
0.0338983  -5.04026  -1.67274  139.491  3.32686  -376.525  -49.227  -0.142427  4.19372  -2.9083  -6.25492  2.05507  6.83199  9.871  -17.3302  -17.4908  5.14509  -35.0693  25.8097  3.99734  -3.20672  40.4271  -25.7538  -6.59407  69.9171  -16.3897  -18.2445  -4.64677  19.9051  -325.759  12.7077  -505.514  43.207  18.3642  -15.8888  -16.2892  9.48769  0.21333  -3.0486  0.242036  -0.458799  -153.008  
-0.155535  4.68647  -1.96211  138.311  3.99539  207.685  -32.3416  7.28619  5.93003  -1.93172  27.8457  5.12926  12.9016  8.00315  -19.2606  -21.7204  0.994949  -27.8571  14.0687  3.94282  -3.21968  42.2839  -30.7429  -6.58728  35.1469  -30.7079  -11.3992  -1.6577  -28.9173  81.8667  27.4586  72.5554  -8.51699  15.7387  -24.9024  -10.0718  5.74815  1.99129  -28.2294  0.0532668  -6.16627  -129.462  
-0.0616645  11.8505  -0.290678  15.2288  -3.21221  729.69  -28.8464  9.60324  2.79475  -0.0540553  54.1653  0.700769  14.5294  17.2902  -14.3896  -32.143  -3.63745  -9.16516  5.55886  1.03214  -1.55327  18.6332  -9.58848  -3.58087  -45.3631  -26.5833  7.74659  0.497091  -32.6654  441.794  21.3419  520.002  -71.0814  6.99993  -12.7021  -5.96655  -3.72434  0.164357  -38.8514  0.084639  -9.2137  -48.1589  
0.403144  7.83501  1.61053  -112.028  -8.50022  674.569  -39.0824  9.9315  -1.80055  1.11184  52.3548  -9.55313  11.8117  35.7657  -6.71811  -18.4942  -0.737889  11.0815  3.23742  -2.63188  0.415132  -12.8853  19.7874  1.58526  -93.1407  -0.657182  12.3568  1.21824  2.99884  34.3164  -5.4905  455.069  -61.5443  -1.07741  5.20357  -8.98719  -9.76618  -4.50422  -29.7573  0.409551  -5.80384  44.6824  
0.903608  -5.23513  1.87119  -122.258  -4.2318  284.13  -25.1689  13.0155  -3.49289  0.553687  22.763  -12.4426  5.29082  43.5798  0.430806  19.6587  10.3688  22.1581  -6.02407  -3.85973  1.69758  -27.2549  32.1378  5.54099  -87.1524  24.4235  -9.53328  0.532793  30.5026  -856.967  -28.354  154.203  18.0931  -1.73799  4.42949  -14.6979  -9.07564  -7.02389  -13.7569  0.752749  2.78703  88.4317  
1.02918  -16.5956  0.333884  -38.5187  4.16446  104.195  21.9612  16.148  -1.39585  -0.724917  -9.01842  0.51567  -1.35068  24.1258  6.33928  44.1312  18.7709  19.1487  -25.7413  -2.32008  1.30185  -14.5953  22.265  6.18375  -56.7794  20.8674  -33.3535  -0.598557  21.8817  -1211.03  -23.5695  117.453  78.7506  3.83671  -10.2652  -15.294  -7.44116  -3.99328  -6.38876  0.797208  10.8272  85.0886  
0.724782  -16.8261  -1.78483  13.6494  6.20102  210.814  61.2098  13.2754  0.75842  -0.991811  -19.3973  18.5333  -3.45773  -12.3945  9.51776  24.9324  13.1633  5.10974  -40.6735  -0.650646  -0.267479  6.83912  4.25721  4.68413  -11.6565  -9.00114  -29.5343  -1.04973  -7.2897  -798.631  6.35367  434.155  53.8249  4.83398  -15.2403  -6.59452  -9.95998  1.26332  -8.33421  0.536533  12.2846  84.295  
0.312806  -6.7686  -2.71007  -30.5995  -1.45202  229.25  61.4163  4.02917  -0.211398  0.336564  -8.74275  21.8244  0.128731  -35.2271  7.65265  -17.8958  -3.35154  -11.6294  -32.1506  -0.954288  -0.467351  9.10611  -7.35191  3.64065  48.8489  -31.0452  -8.04719  -0.754928  -23.3024  -321.268  33.284  712.698  -20.5976  -6.41088  -4.19672  8.96802  -13.8328  2.25863  -4.64288  0.236998  5.08586  105.193  
0.121457  3.18958  -1.87321  -92.5322  -10.0822  -39.5733  47.5915  -3.02984  -3.14851  1.75344  1.87568  7.31032  4.7768  -28.0641  1.41676  -37.13  -14.7697  -20.3828  -2.44543  -1.55261  2.1664  -7.3038  -7.29044  3.8846  102.272  -21.5595  3.18271  0.599368  -16.2418  -303.602  33.3718  577.034  -56.4496  -19.5829  4.03844  23.1218  -11.8214  -2.60393  13.7835  0.114182  -4.15675  105.812  
0.208312  4.3021  0.207289  -58.155  -9.97796  -352.247  56.5256  -0.6531  -4.24789  1.55099  4.93786  -7.06528  4.36314  -7.01821  -3.7211  -10.5665  -10.5032  -14.957  25.4647  -0.172196  5.06152  -16.3112  -2.44258  4.17901  99.27  2.06171  0.725127  3.71665  -6.55643  -358.244  11.6251  42.5979  -25.9106  -15.8904  -2.75906  30.8092  -3.84317  -7.17832  33.1766  0.171159  -6.83498  44.6191  
0.429371  -1.54234  2.68687  50.9901  -0.419569  -384.789  74.4479  6.81126  -3.06733  -0.270213  7.53629  -6.10621  -0.404719  4.94899  -3.5094  31.8297  2.26566  1.67102  29.7038  2.58906  4.33147  -0.355742  -5.42439  3.69606  45.5326  7.56958  3.86361  7.60793  -9.40377  13.8921  -8.32157  -565.408  14.7912  6.64718  -17.5052  28.5843  2.36061  -5.22414  31.3945  0.317601  -0.95111  -47.0469  
0.603214  -4.25884  4.90642  106.099  9.26597  -156.482  57.5827  7.83737  -1.2426  -1.7953  15.9887  2.22402  -3.60412  7.18342  0.462043  47.305  8.01546  17.6849  12.5705  3.90783  0.0847078  19.651  -21.1431  2.95917  -12.0744  -6.76127  14.9419  9.38774  -14.9558  615.01  -13.0201  -875.326  17.6145  25.8071  -20.5107  18.9678  3.10475  1.88606  9.59862  0.464659  4.92079  -94.5505  
0.629557  2.08425  6.29538  44.3423  11.7162  48.6855  2.65038  -1.98849  1.04958  -1.48721  18.6838  0.259225  -1.50269  12.5417  3.46219  25.2799  1.67264  21.8154  -3.01416  2.61078  -2.93673  15.4794  -37.9517  2.64876  -33.4173  -13.2741  9.09696  7.44289  -7.0794  958.443  -7.79191  -704.287  4.99856  19.3068  -11.5221  8.30727  2.87224  6.76624  -5.40491  0.538182  2.34719  -95.1361  
0.520116  11.0269  6.22808  -35.1257  6.54013  87.808  -46.5543  -14.9517  3.54363  0.246428  7.88072  -13.9178  1.47433  21.3187  3.32273  -8.04711  -7.04413  12.8501  2.93472  0.265168  -1.41024  -6.6216  -35.2397  2.45095  -41.5331  -1.91549  -20.9831  3.7239  6.44637  915.157  -5.44127  -119.984  25.5157  -5.84005  -2.5502  4.54987  6.84715  5.32252  2.13683  0.494965  -6.03004  -102.392  
0.369278  10.8689  4.90309  -5.78695  -1.31873  103.713  -59.5829  -19.8304  4.37197  1.51526  -6.52556  -24.361  -0.21112  20.188  1.25526  -20.0568  -6.96149  -2.05258  23.9785  -1.50781  2.19728  -16.2895  -10.6095  1.81724  -64.2455  4.45156  -44.9396  0.943138  7.59499  708.053  -5.82637  445.765  68.4043  -19.9804  6.0539  5.49068  10.2786  1.38986  10.3727  0.368698  -9.54744  -142.709  
0.233345  0.420982  3.24029  102.125  -8.00529  243.584  -52.1034  -14.7893  0.341521  1.24858  -13.3744  -20.036  -3.84767  4.02389  -0.823141  -3.46309  1.30895  -13.9918  32.9835  -2.44849  3.30404  0.0453644  10.9568  1.10564  -88.8662  -10.356  -31.6714  -1.11474  -6.07011  322.046  -2.13334  521.139  74.3523  -9.52755  15.1383  4.67943  6.54386  0.0213726  -10.0743  0.211897  -3.91965  -166.253  
0.122787  -9.48353  2.30528  128.065  -12.1322  460.412  -43.1897  -7.37385  -6.26882  0.0860358  -12.1931  -8.78053  -1.47407  -10.6287  -2.36243  23.1449  7.75737  -20.644  13.926  -2.15253  0.423008  21.0257  6.80418  1.05954  -73.7403  -24.4225  13.1999  -4.4838  -16.9026  -158.19  5.09831  26.2753  23.5938  5.17762  11.3683  -2.06938  -1.81002  0.803953  -47.4991  0.0780883  3.85964  -127.769  
0.071972  -8.97505  1.96398  4.90102  -10.4065  536.77  -29.7587  -3.58299  -7.81053  -0.572154  -11.3323  -4.94079  7.34097  -9.79162  -1.76169  35.2224  5.70579  -23.6306  -20.5661  -0.0815365  -2.77723  23.0889  -15.8045  1.64579  -1.34343  -7.3196  45.4161  -7.86279  -11.4045  -324.071  5.92967  -545.025  -32.3565  0.465829  -17.559  -10.495  -5.21101  -0.0951655  -57.2338  0.0321781  5.00282  -53.2855  
0.170135  0.661688  1.37251  -145.139  -3.06768  298.528  -11.4208  -2.73752  0.196707  -0.113491  -10.6119  -10.3792  12.1716  0.366424  2.28319  21.7675  -1.59223  -22.8678  -47.0421  2.84798  -2.60761  13.4842  -26.1053  1.8076  80.7118  30.8931  41.4998  -7.8484  0.631825  148.883  -2.48403  -606.865  -31.1751  -15.7174  -51.6438  -11.946  -0.779306  -2.87193  -21.7867  0.160991  0.567907  -8.81233  
0.427016  10.2508  0.41445  -156.389  3.15697  -162.881  -2.08877  -1.47461  12.0133  0.763765  0.419744  -15.3167  4.73461  3.78442  7.12063  -6.71394  -5.92689  -17.7053  -52.2403  4.25807  0.229223  11.9908  -7.818  1.13232  118.041  47.7979  19.2439  -2.92232  6.48056  664.39  -10.1701  -76.6826  16.5445  -14.029  -49.7151  -7.11358  3.06621  -3.71424  22.2952  0.442011  -0.695038  -7.25995  
0.655246  13.952  0.112568  -36.7675  1.46707  -638.635  4.74969  0.637499  17.4084  1.13376  21.8266  -11.9429  -7.91867  -1.43803  7.82122  -26.4997  -3.67109  -10.5373  -39.0991  3.31998  1.77266  17.1685  19.3306  0.421825  79.9009  21.9647  7.06993  2.37475  7.75686  350.536  -4.05334  583.418  44.9437  12.685  -4.02412  -4.89717  0.651002  -1.29039  30.5559  0.661044  4.32407  4.55044  
0.648786  12.2013  1.18173  61.2305  -5.87869  -902.712  43.7994  2.23542  12.5555  0.575113  38.9863  -2.31925  -11.6837  -4.49784  1.63595  -23.8437  1.59032  -6.52741  -17.3698  1.82594  -0.0144867  9.84746  28.5432  0.662035  -1.96386  -20.5121  7.6819  3.26447  11.6745  -684.868  12.05  800.545  7.97468  35.8474  34.9572  -12.4864  -3.23551  0.567032  5.99251  0.619629  8.62099  53.2702  
0.437643  8.2421  2.47933  35.5016  -8.90837  -877.298  111.159  3.25963  2.48821  -0.491295  38.1031  6.49727  -2.80804  -0.215206  -8.21891  -2.91274  4.48389  -1.92984  0.562497  1.21721  -2.24183  -16.2067  11.5207  1.50212  -68.8704  -41.2637  3.68343  0.0303188  17.5858  -1207.77  19.4147  542.489  -63.383  28.2011  20.9884  -22.062  -1.34089  -1.07662  -11.9422  0.386557  4.97996  105.44  
0.257534  3.06758  1.78191  -60.0178  -3.75374  -607.115  133.25  3.41355  -5.89234  -1.21904  18.6863  11.1196  7.88664  2.77964  -15.9831  19.6665  3.54759  12.2543  3.18102  1.21497  -0.540072  -41.8147  -12.1769  1.87488  -83.8508  -31.6464  -14.0994  -2.82197  13.8792  -580.65  6.03377  189.942  -94.4229  -1.95308  -26.0509  -17.7173  3.8652  -3.9894  -3.34471  0.221993  -3.15667  93.8593  
0.253507  -1.84567  -1.50403  -88.3396  1.97225  -235.814  56.2138  0.980225  -10.9535  -1.08078  -3.88473  12.6362  9.837  -3.49236  -17.0503  36.8217  1.44064  34.4501  -3.6188  0.623465  5.0676  -43.0823  -19.3622  1.68362  -57.5649  -9.93871  -39.2126  -2.14804  -0.684431  336.296  -16.6485  97.877  -46.4037  -22.04  -51.2156  1.54684  3.01376  -3.76627  10.9757  0.242396  -5.90542  24.6218  
0.334221  -3.98359  -4.90992  -2.60033  0.568034  44.7678  -54.7277  -4.07975  -13.751  -0.0205504  -22.2687  12.9855  5.66345  -15.5427  -11.274  45.9831  1.1409  43.4429  4.1225  -0.221808  9.2771  -17.5057  -6.29802  2.13863  -43.6008  6.32124  -53.6366  0.167516  -15.4092  279.064  -25.8914  163.724  35.3295  -18.2548  -36.7996  18.1688  -5.13073  -0.3993  7.28811  0.296354  0.184075  -23.9473  
0.339524  -3.3844  -4.95713  109.265  -4.54746  112.061  -81.6253  -7.42515  -14.5722  1.17393  -31.5975  12.4627  2.61116  -21.2963  -3.1369  42.0342  2.68285  24.2226  38.1306  -0.152782  7.19707  8.98311  11.8243  3.82561  -51.7033  11.0975  -51.215  0.456682  -16.1808  -522.86  -12.1011  84.3345  67.6188  -6.09051  -12.7817  14.29  -11.0667  2.3274  -7.41798  0.218354  6.8182  -4.48077  
0.290228  -3.1474  -1.64262  136.207  -2.83587  -16.9066  -15.2724  -5.73786  -12.0653  1.53963  -34.8611  10.6634  2.87042  -13.9095  2.11832  24.5896  3.7453  -7.74627  73.5986  0.191214  0.470935  12.3144  18.9679  5.53941  -37.5216  4.3148  -35.6155  -2.9518  -0.566256  -751.867  12.7163  -257.426  24.6115  -2.908  0.582137  -4.53039  -6.73733  2.40541  -10.7206  0.104033  4.60243  50.0882  
0.334182  -4.39352  1.70342  51.303  7.52042  -147.342  29.4495  -0.724592  -5.2938  0.735729  -29.2539  7.54994  3.16053  1.25134  2.39681  0.989296  2.35316  -17.9934  68.9316  -0.507077  -4.49343  -4.61938  14.5435  5.91031  37.1603  -7.48139  -15.7827  -7.90101  19.5174  -51.9638  30.5225  -486.831  -30.3062  -5.21462  18.6545  -17.0738  2.66894  1.03292  1.52926  0.167808  -4.76554  69.5506  
0.526923  -4.10628  2.18227  -64.7856  18.7748  -103.426  -14.1737  3.34459  4.58725  -0.406878  -10.5181  3.79497  2.79691  12.604  0.651045  -12.8842  -0.385884  5.36961  23.7168  -2.1911  -3.58642  -15.6906  10.0515  5.53204  135.653  -9.77549  1.58106  -10.1612  25.6569  420.987  34.7879  -329.417  -22.439  0.909398  44.1081  -9.75755  6.14531  -0.632151  10.6803  0.423209  -11.2397  39.0072  
0.742496  0.00493347  0.836597  -116.5  22.6375  106.953  -65.4656  4.56449  12.9327  -0.683632  19.7674  -0.110019  3.85766  13.2986  1.83206  -15.3229  -1.55976  32.8689  -13.3533  -2.65116  0.815343  -3.86906  13.8634  5.98041  168.906  5.90514  13.9439  -7.37176  15.1345  -177.738  34.7514  74.6041  45.7275  13.6655  41.0925  4.99773  0.634388  -3.00319  3.61201  0.644235  -7.84567  -3.71406  
0.819246  4.23127  0.788536  -91.3083  17.9209  367.915  -28.869  3.75794  13.8598  0.346997  49.2613  -3.89913  5.16393  8.53489  6.05405  -16.1406  -0.561641  30.7694  -9.23633  -0.721618  3.14005  19.008  18.4844  6.77045  104.614  25.6523  28.7809  -0.593446  -0.538694  -1109.33  33.4346  273.095  91.6777  18.3156  -6.9758  7.18092  -6.77329  -5.2354  -8.06671  0.664584  1.62604  -40.1341  
0.733439  4.53732  2.33185  -48.4962  9.17364  545.704  44.7997  2.36163  7.19527  1.78135  59.3869  -6.50406  3.3768  8.96614  8.099  -15.2945  -0.040892  1.20256  16.4906  1.58632  1.27537  29.3626  14.2362  5.29914  2.1453  26.2818  42.7357  6.88923  -2.00639  -1166.61  23.8395  128.851  57.0204  8.92208  -58.7629  -4.29035  -7.7091  -5.04047  -7.70115  0.581232  7.28739  -83.6004  
0.576356  3.09324  2.56236  -47.7619  -1.15326  529.969  32.7227  1.31434  -0.576382  2.22756  42.2944  -6.12106  -0.561013  14.5225  3.86423  -3.05908  -1.43643  -23.3552  16.3112  1.59019  -1.29448  28.4685  2.82029  0.376856  -61.9425  1.44565  32.4246  12.6072  9.03143  -444.404  0.672325  -81.0434  -25.2829  -2.65428  -57.8833  -12.968  -2.03986  -1.83023  5.60707  0.565585  5.20869  -117.25  
0.436277  3.94284  -0.752885  -79.4273  -11.8805  275.284  -57.7778  1.20432  -3.47438  1.1279  7.38788  -2.64316  -0.795238  13.2569  -3.88864  24.2969  -1.45951  -22.5583  -21.5851  -0.541802  0.0774046  31.4291  -4.69224  -5.15214  -78.5683  -25.8223  -16.4998  15.8377  14.8845  -55.77  -23.594  -52.3063  -79.3417  -4.85517  -14.213  -4.91827  2.40413  1.24347  18.9531  0.606824  -0.341877  -104.643  
0.346306  5.69371  -5.8339  -85.0889  -19.903  -126.365  -80.8672  0.157713  -2.41113  -0.762784  -23.5835  1.38603  4.4471  -1.01025  -8.58566  44.0173  3.38913  -8.56549  -56.7536  -2.00225  5.33968  42.3873  -3.45496  -7.0862  -86.5942  -32.1013  -66.6858  15.8469  4.30737  -191.911  -29.8235  104.401  -75.7787  0.0508414  12.8056  11.6423  -0.169047  1.86248  21.3474  0.563112  -2.22997  -27.7202  
0.322265  3.51926  -8.67803  -40.3989  -21.3131  -413.98  32.3686  -3.43099  -1.47415  -1.85728  -39.4925  2.81668  8.87968  -16.2504  -7.15536  31.8115  9.34215  -2.9427  -57.35  -1.29199  9.78563  43.5779  -0.482362  -4.52971  -100.825  -17.5161  -55.7811  11.1004  -12.6896  -71.2455  -15.1917  72.1221  -50.2454  1.71138  -0.547958  21.9341  -5.98792  1.55007  13.7971  0.422067  1.66904  56.1721  
0.37865  -1.95118  -7.46765  17.7151  -15.1889  -379.253  157.955  -8.86352  -0.111899  -1.25011  -39.348  1.15892  6.63102  -13.9597  -1.78946  -4.85699  7.92482  -10.6306  -30.9225  0.18507  9.57471  25.1407  -0.505356  -0.640814  -89.3502  2.26232  25.6616  1.04517  -18.7266  537.286  1.38291  -158.996  -42.9573  -2.77636  -23.0376  19.0189  -5.60334  3.03904  2.88396  0.352042  6.74128  83.764  
0.458011  -3.67493  -3.62504  34.302  -3.49786  -157.734  142.429  -12.0286  3.91577  0.317268  -36.0066  -0.551487  -0.503895  6.5012  3.2329  -27.4285  -2.4449  -19.717  -3.27016  0.466228  5.53229  -1.37754  1.87778  1.38431  -19.7118  13.4205  96.0729  -10.3428  -10.093  754.659  -0.498058  -342.388  -50.4242  -6.48676  -21.5133  10.4886  5.00877  5.26693  -7.25505  0.426281  8.03759  90.0098  
0.443331  1.62477  -0.0440153  9.28126  7.97032  -88.773  3.25804  -8.91684  8.95085  1.15054  -33.0885  0.315341  -6.11703  24.3632  4.83177  -10.8269  -12.2356  -19.6374  11.8323  -0.301793  1.52449  -18.5798  11.2685  1.53475  85.0419  17.3728  76.9572  -16.3727  0.343751  38.2752  -19.0792  -359.212  -43.1194  -6.50724  -5.48412  6.06685  16.5837  4.21055  -15.2753  0.483037  5.18851  125.516  
0.288921  5.67765  0.957234  -5.10608  14.423  -287.875  -108.05  -3.1459  8.79223  0.34508  -33.418  2.09119  -6.73118  21.9352  2.33258  28.6203  -11.9645  -8.35311  16.0811  -0.664724  -0.817255  -23.9541  19.7048  1.93135  164.146  16.5628  -9.3904  -13.6047  1.80056  -733.969  -33.5899  -350.018  -10.3597  -6.24223  1.7959  6.07231  16.7167  -0.905215  -19.1102  0.347182  0.994537  173.778  
0.121424  0.458985  -0.89739  33.9044  14.8822  -466.594  -110.081  -0.0859359  2.25582  -1.03965  -35.2981  1.4488  -4.92111  4.28422  -1.79408  53.3002  -3.9166  8.47158  14.9592  -0.0966948  -3.33487  -27.0232  15.5263  3.46146  166.909  9.43536  -62.9027  -5.88785  -4.95236  -502.981  -27.8328  -371.045  28.9537  -6.88061  0.354811  4.84842  3.24977  -5.47629  -17.2591  0.11275  -2.53886  146.413  
0.129533  -10.2961  -3.5293  92.418  11.2792  -321.699  -63.7932  -0.561153  -3.08247  -1.08216  -32.0867  -2.06036  -4.3719  -9.15166  -2.21005  47.6777  2.65667  20.9554  14.3305  0.445852  -6.40648  -26.2505  0.0265683  4.92551  95.1039  -1.12345  -31.5487  -0.276194  -8.59565  386.402  -7.66481  -267.657  53.8298  -2.7116  2.39274  -0.861333  -11.5699  -4.90359  -8.95771  0.0401379  -5.60759  14.5031  
0.323862  -12.0926  -4.67941  110.191  5.91111  43.1685  -46.9277  -1.52161  -1.05681  0.651459  -12.0497  -4.44956  -5.84747  -8.9336  4.35393  23.3494  4.39048  18.1506  26.1727  0.813295  -6.78047  -17.5914  -12.6874  4.96302  5.43556  -3.61199  31.9965  0.181141  -0.197551  717.336  8.34517  115.674  64.1583  8.21217  4.50162  -7.38358  -15.4107  -0.192487  3.0471  0.192016  -7.84672  -139.833  
0.517807  1.21054  -5.34199  71.6223  -1.90178  293.896  -45.2972  -1.86303  4.57622  2.39485  23.306  -2.48244  -6.18094  -1.34319  12.7057  -1.88897  5.42373  -1.9001  53.12  2.18747  -1.72229  -5.482  -12.8831  3.95585  -37.4841  7.02203  48.9072  -1.57257  19.9627  318.981  8.05293  585.25  67.5953  16.9905  2.81653  -5.6376  -8.15427  2.93224  11.7379  0.36599  -6.95772  -229.065  
0.531639  17.4478  -7.93885  27.5759  -10.8329  345.403  -2.12639  -1.4311  4.3742  2.34356  53.0961  1.80106  -2.72449  2.53093  13.5454  -21.0963  7.52847  -23.1542  69.2678  4.72125  5.1818  5.65012  -5.79916  3.25838  -19.5067  19.9265  17.282  -1.13005  37.486  177.857  0.443735  782.465  54.7034  13.1109  2.1003  6.42882  -0.926269  1.17735  11.2002  0.368544  -3.14538  -242.767  
0.386701  20.0507  -10.692  29.8555  -15.0099  379.497  73.9141  -1.3914  -2.50637  0.814316  51.7285  3.44155  3.17197  -1.48128  3.86596  -33.6005  6.65158  -24.6452  43.9915  5.6056  6.58012  20.4906  -3.28994  3.24611  14.1956  17.2753  -8.84759  2.07985  36.8004  652.574  1.70798  607.977  18.818  -0.359552  9.49304  19.9451  -0.573496  -2.74051  2.30976  0.249915  0.182786  -237.741  
0.243575  6.28061  -7.3099  55.9179  -11.1523  473.609  111.105  -1.63576  -8.03219  -0.188062  17.9537  1.25346  7.46303  -8.64923  -7.98198  -35.2435  1.066  -5.99188  -17.1329  2.61251  0.287283  39.0125  -3.55129  2.68558  18.2477  -0.113275  -6.84225  4.92581  20.5459  904.012  12.8325  274.564  -29.826  -9.78229  14.7648  20.7277  -3.07353  -3.63566  -6.71507  0.186205  -0.105313  -250.683  
0.192265  -10.0259  4.3229  50.2982  -4.72968  410.776  68.2479  -3.16588  -4.8611  0.123192  -15.7216  -1.10392  8.28394  -9.73777  -12.5959  -24.5531  -3.97988  8.00104  -66.9127  -2.5349  -7.19259  44.4169  3.82675  0.509962  -11.0002  -11.7331  -1.12147  5.3264  8.85899  342.385  17.5239  24.9252  -59.5403  -7.15343  3.30185  7.40095  -1.43268  -0.104009  -9.98674  0.227087  -1.40494  -247.772  
0.186261  -13.7004  15.5058  0.169447  -4.50656  57.7089  -14.4863  -4.47455  4.35665  0.329741  -16.5222  -0.139861  8.67014  0.0988492  -10.5336  -6.77321  -2.86318  -2.05084  -64.403  -5.50004  -7.55756  23.3912  20.7646  -2.43268  -41.4825  -1.68799  -8.25185  4.26676  8.46801  -424.19  7.99098  -168.482  -52.8139  -1.9183  -14.8688  -7.36916  2.99334  4.12819  -10.1174  0.272254  1.15772  -178.448  
0.162747  -5.95092  15.933  -51.6145  -7.12101  -303.12  -58.2483  -2.56696  10.8578  -0.844868  12.7977  2.542  11.5594  13.67  -10.1329  11.8905  2.38268  -21.375  -14.9833  -4.16991  -0.169281  -5.96468  32.1138  -3.95958  -49.0659  17.0952  -10.0969  3.54047  8.65478  -431.188  2.7558  -389.515  -22.1789  -3.27985  -22.892  -11.2461  3.50457  4.74946  -12.7696  0.24791  6.24351  -39.7608  
0.169942  -1.74591  6.79516  -64.6663  -0.918977  -317.273  -24.0309  2.64617  7.99063  -2.33274  36.0779  2.64392  12.0971  14.0651  -13.2054  30.4149  5.47504  -16.611  38.5625  -1.73386  7.45451  -12.0477  24.5492  -3.08983  -38.4892  18.1959  10.8951  2.30237  -3.76092  181.185  20.9817  -534.419  17.3053  -5.88815  -17.5763  -4.73499  -2.3204  1.72234  -13.8256  0.232093  7.86826  102.725  
0.279136  -11.8068  -1.22888  -50.9334  16.6009  -30.0241  55.7269  5.52962  -0.830476  -1.79522  22.5566  -0.586579  3.85652  -4.27885  -13.1527  47.1057  4.09759  16.2346  53.0774  -1.53004  8.74151  1.15387  4.50992  -1.01294  -21.6501  -3.31904  33.7059  -0.793676  -17.9138  485.633  46.6707  -424.574  62.1461  1.30629  -15.5242  2.24487  -7.95416  -1.43319  -6.30984  0.315079  4.1863  177.814  
0.41203  -29.949  -3.03897  -36.1063  27.8341  188.937  106.645  0.962932  -6.50989  0.78539  -15.7668  -3.00176  -10.104  -21.605  -5.30648  52.7806  1.14153  40.8639  22.4949  -2.77872  4.53907  -1.90728  -7.87456  0.370867  -5.33605  -24.806  30.1144  -4.69943  -14.431  124.73  39.5874  -111.188  100.853  14.5339  -20.55  2.16772  -6.2433  -1.25099  5.38012  0.421928  1.40076  170.489  
0.380542  -37.6741  -4.57791  -23.2263  15.6862  130.065  80.8039  -5.23384  -3.36738  2.78357  -40.3831  -1.60529  -17.6616  -10.4103  4.87796  35.6659  -1.13061  27.3593  -25.3413  -2.41031  0.340886  -32.0611  -4.46207  0.50315  -0.445729  -23.0381  8.69529  -6.74811  3.59546  -297.388  -8.62385  85.4829  102.125  16.1159  -23.3332  -2.63637  1.62671  1.95784  8.4586  0.374467  4.88568  142.259  
0.173277  -25.2523  -11.1944  -7.74421  -10.8256  -39.2561  3.05181  -1.69728  4.15291  2.23502  -27.5696  1.22621  -11.8953  26.6993  8.7455  5.43263  -3.0015  -7.38032  -48.393  0.0260445  -0.565663  -51.6211  4.3911  0.292499  -5.71147  -4.33799  -3.48613  -5.72176  17.6563  -304.907  -52.2943  19.927  45.5721  -0.882623  -12.6924  -4.3361  8.11706  4.52729  -0.266016  0.174117  10.2713  127.891  
0.0596918  -3.04876  -16.7393  -2.52851  -23.7999  -101.147  -53.4516  11.2319  7.10335  0.277855  6.56815  1.21386  -0.959586  54.214  5.48202  -15.1452  -4.06  -18.882  -24.8897  2.02191  -0.627164  -23.508  5.91869  0.629872  -13.4919  11.0315  0.616845  -3.29713  16.7802  -105.891  -42.5596  -201.679  -29.2802  -18.8004  3.68507  0.347012  6.6571  3.40069  -6.94878  0.0777183  8.72176  104.77  
0.260354  9.88967  -11.6008  -23.4272  -11.5628  -51.032  -45.5338  18.6755  2.23806  -0.568514  26.5256  -1.48171  1.4778  45.0661  1.14194  -16.4147  -2.47281  4.1251  21.9717  2.62818  -3.95967  32.3264  1.08562  1.37963  -11.5138  15.4332  3.84307  -1.18972  10.17  -75.0022  10.7168  -271.63  -58.6472  -17.9614  16.8193  7.60092  -0.373735  -0.818578  -2.45294  0.275402  -0.396172  26.0278  
0.600152  6.9662  2.89929  -26.9515  7.14691  18.9502  -4.83093  10.424  -5.37845  0.180638  17.8577  -3.24338  -4.65344  13.5627  -0.715653  -16.6044  0.96481  25.3245  42.7389  3.50905  -10.8063  62.1755  1.07333  1.71479  -3.62176  17.2478  -0.367587  0.790553  7.43924  -13.0747  48.64  -68.7325  -31.6977  -1.38301  22.672  8.67399  -6.18669  -4.26202  6.73779  0.5919  -8.25707  -75.6826  
0.67732  -0.254743  15.7824  27.9566  7.80376  68.5069  9.86194  -6.21492  -7.26331  0.864092  -4.72324  -1.96757  -7.83575  -8.70382  -1.50179  -32.5576  2.27859  10.0879  15.8806  5.22485  -16.6328  44.8454  7.89481  1.403  -7.81173  21.4442  3.94946  2.21407  1.17378  375.528  33.9326  276.658  -6.68288  9.26289  16.7052  1.4366  -7.62077  -3.76415  7.23367  0.654095  -8.83728  -132.325  
0.40773  3.12512  18.9115  104.308  -9.26562  75.2725  -10.8119  -14.4551  -2.68245  0.449402  -15.8594  -0.0285651  -0.657196  -13.6973  -2.3553  -54.9677  0.0701377  -26.4526  -25.5944  5.58589  -16.0784  8.90356  12.9505  0.920315  -13.1868  20.5669  20.9469  1.34541  -10.182  623.571  -8.46388  441.827  -24.5449  1.8824  1.50344  -7.17226  -7.3552  -0.738749  -0.906524  0.394354  -6.6387  -137.145  
0.154973  15.1408  14.2989  96.58  -23.1333  -17.1946  -21.5358  -11.8243  2.2658  -0.264051  -5.90253  -0.154098  9.85328  -17.2184  -1.20485  -53.4923  -1.30377  -42.51  -34.1319  3.00358  -8.51234  -10.2115  7.57249  0.751389  6.76695  8.84094  29.3403  -1.56599  -16.8748  -5.21519  -30.8083  230.149  -59.206  -11.1449  -12.1062  -8.68733  -8.39089  0.87012  -6.35334  0.152619  -7.95729  -126.857  
0.230029  20.8963  7.84802  -21.3016  -18.8753  -190.057  8.06489  -7.08384  0.935425  -0.318665  13.2132  -0.285449  12.7372  -24.1306  3.51277  -20.8027  2.48556  -24.6433  -1.88756  -0.244327  1.31705  -3.32742  -3.50656  0.775857  51.1051  -3.71096  12.3248  -2.41157  -8.23059  -1200.07  -20.9091  -296.833  -59.8582  -12.2888  -8.70271  -5.56647  -9.16978  -0.0555187  -3.89141  0.209119  -10.8947  -105.203  
0.466036  12.7166  2.5481  -130.576  -3.83913  -270.308  47.8178  -6.40717  -5.3541  -0.0383668  21.6221  2.10706  6.16515  -20.7259  7.94819  17.5084  8.32146  0.512414  35.2009  -1.23864  6.78841  12.617  -10.5468  0.511911  81.0293  -1.35689  -10.9698  2.74279  7.43268  -1346.61  -3.95543  -784.656  -28.238  -2.8854  10.7712  -6.62774  -5.67896  -0.440124  2.11533  0.410653  -7.52529  -29.4505  
0.495679  -1.0774  -0.966569  -98.7802  7.55677  -153.7  45.4903  -4.8023  -8.90411  -0.270368  13.1608  3.96821  -1.30264  -3.91605  7.33481  33.4223  8.46254  5.9119  45.4682  -0.42164  5.37714  21.5474  -7.49182  -0.0471207  67.4905  11.0209  -13.7011  12.1795  10.865  458.163  0.463796  -844.031  -7.62478  1.70411  26.2421  -13.0639  1.04737  1.69205  4.25655  0.437907  2.75407  86.1055  
0.311908  -7.61304  -1.45357  32.2171  11.3824  47.9791  -9.88887  1.85111  -4.70097  -0.709797  -2.81843  -0.781161  -2.60393  8.68559  0.650206  31.2426  0.752878  -2.50211  30.9785  -0.508444  0.73383  13.9256  3.69787  -0.253538  30.4767  10.3643  4.69964  18.4986  -1.28797  2648.83  -0.541643  -351.943  -14.1167  -6.30923  27.131  -15.7127  6.69811  3.85063  0.472498  0.301798  10.6187  154.58  
0.235643  -4.74018  0.804711  105.025  13.6662  157.716  -71.106  8.31021  3.81358  -0.288115  -13.6332  -9.56652  1.45064  2.94001  -6.62676  33.1729  -7.81865  -4.4771  10.3837  -2.00321  -1.1655  -6.83083  15.333  0.382643  10.1914  -16.2495  12.6316  17.5698  -15.4751  2550.23  3.22291  382.602  -18.5841  -18.8526  16.2473  -6.43929  7.84806  2.71621  -4.93113  0.276619  9.0581  133.61  
0.429457  -0.42023  3.23862  45.3963  17.4105  181.866  -77.878  6.93033  8.17995  0.904642  -12.2983  -9.15828  5.03249  -9.00336  -8.20892  49.2543  -9.96511  2.74744  -4.87301  -2.92957  2.50828  -22.1473  20.6264  1.30275  10.0412  -45.5818  -1.85326  12.2621  -20.7918  -226.103  5.10553  872.508  0.194266  -24.316  -3.62608  5.19849  6.62741  -0.398432  -5.84982  0.474437  2.48234  84.7384  
0.650579  -0.712127  3.64472  -29.895  19.3643  247.873  -7.74654  -0.0997977  5.50117  1.58269  -2.82751  6.26394  4.29212  -11.3097  -2.50392  64.0934  -6.89131  5.26317  -13.3839  -2.37361  8.36885  -13.5213  15.3508  1.37378  -4.67226  -41.5815  -17.8693  7.4029  -13.6923  -2849.24  -2.41811  893.259  25.299  -21.1994  -36.6896  6.66567  6.40842  -1.44396  2.00139  0.665518  -0.721821  65.5414  
0.627878  -3.73788  2.88153  5.83102  15.2152  318.845  96.6467  -4.54161  -0.160565  1.02064  10.4951  19.8103  0.488563  -8.43611  5.14812  59.4659  -5.00313  -3.24509  -14.3196  -1.46829  10.8761  14.4329  4.38234  0.289107  -61.3938  -0.3615  -12.7728  2.27302  -0.84516  -2597.63  -10.1905  595.619  34.7513  -14.7301  -69.4262  -4.5887  6.58664  0.0548006  13.329  0.64016  0.847869  45.2733  
0.409835  -4.50476  2.60502  112.249  3.38338  200.125  147.342  -4.36363  -3.19885  0.0297594  19.3971  6.99309  -1.91123  -9.96684  7.52276  36.5737  -5.70104  -10.529  -8.20342  -0.268344  8.58624  36.4972  -3.90176  -0.854688  -119.027  35.2043  4.8631  -7.6077  9.96704  -143.128  -8.38694  274.291  38.4617  -8.49523  -64.8394  -17.4443  3.78639  0.460017  13.8601  0.463634  1.265  -27.7312  
0.220953  -3.20484  2.54922  145.424  -12.3185  -116.143  84.6253  -3.97072  -3.5835  -0.159486  18.8389  -27.5236  -0.479247  -7.74643  2.98849  10.6407  -3.55492  -4.69003  -7.20649  2.559  5.05603  36.779  -2.1455  -0.732092  -114.13  23.0553  9.24969  -21.7026  12.8861  1371.28  -1.46651  73.6762  50.4373  -0.406108  -13.1083  -19.935  -2.73499  -2.04769  -4.23392  0.296467  -2.59293  -116.727  
0.15189  -2.8859  1.70044  63.9189  -23.5498  -298.194  -50.0319  -5.2242  -3.32742  0.0501655  6.53407  -43.4721  3.18264  10.4968  -3.17251  -10.1827  4.74803  8.47296  -16.0449  5.82908  4.11126  25.577  6.85199  0.635203  -34.2663  -22.5008  2.45952  -31.0982  7.00696  431.05  -1.11963  -44.7054  57.5209  11.0488  36.8018  -11.5837  -9.67884  -4.33775  -28.1023  0.170471  -5.7819  -163.978  
0.144946  -3.49443  0.736007  -15.3573  -22.3891  -68.7697  -144.547  -2.11106  -3.25661  -0.610944  -7.56834  -7.57546  4.62365  33.7832  -3.89168  -31.3135  14.2319  14.9809  -28.788  5.49645  4.86595  17.1192  12.5913  2.04795  68.5375  -43.7554  15.4408  -27.275  -1.34702  -1249.94  -0.621462  -161.712  33.4799  21.1841  23.5769  1.4306  -13.73  -2.49881  -34.3445  0.0551792  -2.74602  -177.588  
0.182844  -1.10827  1.19932  8.13943  -8.63559  383.395  -144.076  8.38204  -1.70403  -2.17974  -13.863  57.3174  3.13606  37.958  1.89657  -60.9496  17.1421  12.7693  -24.4951  1.18525  3.67915  10.6222  6.51283  2.73453  120.315  -14.4994  50.9537  -12.2452  -9.30984  -1274.18  12.704  -372.327  -12.5761  24.5842  -31.6722  15.4925  -13.7633  2.87083  -14.2384  0.011649  3.92845  -191.089  
0.313973  5.80622  2.4473  71.8806  4.59282  552.856  -118.858  19.6229  -0.565106  -2.79198  -15.3228  87.336  2.25254  21.2628  8.03379  -93.9148  12.0992  13.342  1.44403  -1.13045  -0.511594  -4.1443  -9.79024  3.17214  87.5789  26.5522  68.5338  2.47447  -23.0481  486.313  29.9362  -681.311  -34.9778  20.3449  -29.2999  29.7401  -11.0882  8.20879  15.4401  0.121538  6.24636  -165.077  
0.503112  14.1707  2.27449  64.7231  5.43594  210.222  -153.739  21.1573  -2.0107  -1.16634  -16.9619  49.5081  5.21294  7.62717  9.30107  -112.676  4.65502  23.5842  35.4619  3.48039  -4.74333  -24.652  -25.4147  3.90287  4.83675  27.6177  31.7434  7.21927  -46.6414  2086.88  27.2042  -981.619  -8.72587  13.336  77.0329  39.9391  -7.28073  10.7961  31.3739  0.322451  1.13225  -33.8274  
0.610625  17.3308  0.888759  -10.1297  -2.61779  -279.814  -206.546  12.7583  -4.95022  1.40073  -18.2603  -15.1805  9.13054  9.264  5.52366  -99.487  -0.0405622  31.5434  52.289  10.3902  -5.8716  -35.1121  -28.8085  4.26289  -57.2004  -4.88428  -27.1487  3.55311  -60.3594  2119.21  4.13047  -1024.6  35.0386  8.13943  189.441  38.2561  -3.32776  9.90949  27.4042  0.457  -5.71657  127.3  
0.518542  11.3251  0.566331  -43.0916  -5.51216  -376.384  -147.899  3.09489  -4.79988  2.26468  -8.24905  -37.1393  7.47241  12.4361  0.712183  -49.9686  -1.75101  20.1926  39.6218  9.59071  -3.37531  -22.783  -14.9777  2.90231  -52.9647  -18.0286  -38.5279  -0.717767  -37.6843  922.695  -10.8026  -598.902  43.0279  5.21309  165.12  22.0413  -0.700917  5.63429  14.0257  0.432079  -6.15628  138.932  
0.260106  -1.12173  2.32521  12.0596  1.90037  10.3957  50.6219  -2.04809  -0.0403392  0.712274  13.9621  -1.71159  -0.921877  5.76746  -2.86159  24.1682  -2.40034  -11.5802  5.87007  -0.933491  0.870971  7.4765  10.1879  -0.213964  6.48508  9.19849  12.3713  -1.36304  19.5516  -641.625  -2.72043  230.928  5.81266  3.4228  -15.3758  -4.0197  -0.144299  -0.893688  0.402938  0.287658  0.719026  -41.4105  
