0.52357  0.625587  1.78119  3.8421  1.4361  1.29902  0.823861  50.1921  3.63301  0.0695303  -26.9263  0.22616  -0.943074  -0.55448  -1.06691  1.10386  0.175312  -0.842173  -8.14663  -0.747139  0.280539  0.148198  1.63905  3.44748  -0.634777  -0.62946  -0.398517  -4.14368  -0.431482  0.67573  0.931516  -0.12571  0.230204  -3.33767  16.2007  5.45703  3.57286  2.09103  -1.93977  1.82156  -0.0037515  1.31406  
-2.21877  -14.2262  3.77905  -9.43528  -3.17876  8.06029  -3.85142  -263.952  -10.8518  97.2092  117.294  -0.617662  -4.22419  4.62503  3.11959  22.8908  -0.221776  1.1471  28.4733  -0.128314  -3.43478  -1.57132  -2.80226  3.72674  0.504826  2.00136  0.0565633  -1.17323  -5.69733  1.36996  1.22043  -5.27451  -2.42569  14.4184  -7.90454  -6.30019  -24.4281  -6.38045  -12.355  -9.34727  -4.10264  -2.81312  
-2.95179  -14.1128  7.6883  -15.727  -3.20571  5.67323  -7.30949  -396.236  -14.0512  142.594  89.1147  -2.32691  -7.43166  7.79012  5.25828  20.6582  -0.452333  0.801603  36.3103  -0.062932  -5.02637  -1.74163  -5.89565  3.60171  -0.0370917  5.48529  -0.555917  5.94712  -8.34142  -2.52368  2.21279  -7.8302  -3.70838  25.8198  -13.0379  -12.7361  -28.7292  -7.58182  -9.63455  -10.3963  -1.98073  -8.05154  
-1.77284  -0.701824  10.4634  -14.254  1.23235  -1.16806  -8.7686  -258.984  -8.46533  129.857  -46.2942  -3.94919  -8.83892  7.29734  5.187  6.08096  -0.438998  -0.395113  19.2205  -0.630102  -4.46405  -0.0499119  -7.54512  2.61931  -1.09893  7.55482  -1.52306  15.2344  -7.90937  -8.1888  3.32088  -7.31709  -3.89458  22.6655  -5.08791  -12.9143  -11.6424  -3.16861  2.77411  -3.02805  4.62391  -12.6571  
-0.338859  13.6619  7.08941  -9.7932  4.99482  -2.86924  -7.67585  27.3778  -4.41102  83.2259  -91.8648  -3.84797  -6.99794  3.60909  2.656  6.56483  -0.189297  0.517039  3.46458  -1.8019  -3.4715  2.16831  -7.91568  1.32547  -0.616383  5.43594  -1.08686  18.6991  -6.07169  -8.74902  3.09013  -5.19275  -3.76504  5.93235  -3.13933  -8.96865  4.72688  -0.589297  8.57447  3.08025  8.42943  -14.1466  
0.248889  21.6892  -0.793734  -6.73977  3.73031  1.79609  -3.7421  186.292  -5.3017  28.0647  1.27221  -2.12737  -3.97658  0.564205  -3.61087  20.8924  0.176003  2.9107  5.72768  -3.21961  -3.2218  3.16447  -6.44117  0.784051  1.17472  0.494124  2.42164  9.13183  -4.39994  -3.26578  1.274  -3.20215  -2.77732  -8.88391  -5.47308  -8.36933  3.4381  -2.48841  -0.0803745  3.07483  5.31649  -10.8931  
0.335249  22.9122  -4.82487  -5.4299  -1.51256  2.98304  1.46185  88.3452  -6.22014  -10.4678  69.0657  -0.535776  -2.37091  1.49031  -12.4719  19.368  0.450208  2.73136  16.814  -3.94568  -3.0081  2.45581  -2.37734  0.902252  2.22156  -2.29961  5.28384  -8.21617  -2.91546  1.92272  -0.331526  -1.67793  0.0317408  -9.13608  -0.973916  -9.85383  -8.96404  -4.03321  -12.0724  1.05805  -0.806473  -4.5459  
0.595525  14.4708  -1.09485  -4.60038  -5.15803  -3.996  4.12395  -81.7822  -4.35814  -1.22636  -11.7652  -0.19086  -1.93886  4.86285  -15.8967  -8.78149  0.435122  -1.39154  17.8877  -2.99735  -1.82451  1.78143  3.31214  0.146554  1.6694  0.504705  3.52169  -17.7634  -0.546833  1.71087  0.671835  -0.147416  2.9609  -2.11297  10.8015  -5.08953  -14.8263  -0.965438  -9.85247  2.01755  -3.13838  1.08791  
0.955538  -2.75426  3.74643  -3.46681  -2.93442  -12.5703  1.351  -86.0246  -2.63965  48.25  -132.861  -0.454245  0.375434  5.60848  -6.79793  -33.4908  0.125947  -5.17026  4.76722  -0.688531  -0.271  2.35349  7.90699  -1.23189  0.363652  5.91826  -2.10435  -10.8971  2.15833  -1.16998  4.05864  1.64135  2.01794  -5.24001  9.00228  12.8405  -6.35994  3.68893  7.04034  4.91909  0.1091  6.15893  
0.951536  -16.8216  1.13027  -2.07719  3.1424  -12.4791  -4.75661  22.1611  -2.0685  74.6676  -115.413  -0.296674  4.97889  1.22722  11.0427  -25.2383  -0.225475  -3.52458  -8.77148  1.53616  0.181795  3.50608  9.13145  -0.0180394  -1.48429  7.56879  -3.94245  4.70501  2.94337  -0.473413  6.32856  2.93311  -4.08274  -18.0742  -4.75111  36.5929  4.96514  3.98498  18.9327  5.67321  5.07337  12.528  
0.61492  -14.5657  -6.85157  -0.662936  6.73735  1.04904  -7.73477  23.8831  -0.648231  22.2008  30.7586  0.24294  9.70724  -5.00117  23.5179  2.63462  -0.313483  2.55779  -9.74275  2.39487  -0.358958  3.62543  7.71957  5.77659  -3.9575  3.0767  2.81463  11.6882  1.31499  4.43137  4.32847  2.9856  -10.2631  -20.6694  -8.35688  50.4825  6.55207  -0.118828  10.5888  3.53149  7.20005  19.9082  
0.386465  -1.87115  -9.28393  0.273167  4.55493  22.3329  -3.37107  -77.8861  2.43512  -79.2866  109.684  0.48605  11.0416  -7.88193  20.7571  14.1111  -0.175262  6.59227  -0.230549  2.49409  0.161063  2.60624  5.55555  12.4875  -5.96123  -3.36957  11.5384  4.04453  -0.554132  7.61007  -0.921953  1.77696  -9.56522  -2.3199  10.4177  46.673  -0.98934  -2.33963  -7.93582  1.42569  5.70044  23.0669  
0.412125  0.569353  -0.996166  0.214619  -0.625949  38.8982  4.85711  -63.8704  4.52761  -141.637  25.3582  0.260537  9.19236  -6.19822  7.37602  2.75526  -0.123713  4.09031  6.55192  3.06704  2.61637  1.94794  2.74102  13.547  -5.46711  -5.64104  11.6805  -6.98253  -0.303574  4.28089  -4.68656  0.395854  -1.43702  18.2823  27.354  29.3762  -7.31671  1.00033  -11.4488  1.31868  2.248  18.1626  
0.423505  -12.5852  9.19718  0.346951  -3.21449  35.0665  9.17696  122.205  4.6961  -122.99  -89.3845  0.0236702  5.39  -2.90418  -3.50227  -5.1285  -0.294709  -2.27401  2.6535  3.88971  4.82155  2.77186  -2.28512  7.47778  -3.25016  -2.78046  2.60762  -10.4108  1.27239  -2.80692  -3.73431  0.251054  6.6638  18.0927  20.4641  8.84957  -4.78304  5.63339  6.67328  2.12291  -1.34419  7.34031  
0.318913  -21.2129  10.7114  2.4612  -0.938715  7.31319  6.51974  234.702  5.00808  -74.6364  -51.0277  0.0206143  -0.448156  -0.61723  -5.98192  4.47853  -0.323043  -5.89155  -7.29841  3.3923  4.20215  3.82111  -8.53028  0.648336  -2.12628  0.517804  -5.16053  -6.07737  2.2209  -7.04971  0.146232  1.59329  8.01906  3.65943  -2.52722  -8.00289  2.2076  5.16563  24.4316  2.10838  -3.61539  -3.91978  
0.470737  -7.91583  4.19881  5.64818  3.55144  -26.4062  2.10828  101.236  5.94259  -50.5764  112.689  0.0457049  -8.03839  0.98113  -4.72435  11.3987  0.322498  -3.46395  -10.0969  1.14819  1.32327  3.04335  -11.536  -0.0950047  -2.34197  0.921471  -4.37519  -2.98442  2.66509  -4.71193  2.10401  3.25343  3.87425  2.61252  -8.33168  -21.7032  5.65242  -0.162167  18.1973  1.4335  -3.24143  -12.6737  
1.1349  14.6949  -0.25531  5.17414  6.06368  -40.6877  2.39111  -86.2768  3.57174  -33.1765  197.288  -0.0843363  -13.1084  3.60622  -5.53793  2.69125  1.53037  2.17976  -3.61972  -1.07505  -0.581851  0.36515  -8.05369  4.72033  0.365284  0.127664  0.738249  -6.81908  4.5259  1.48838  0.0107718  3.12117  0.816558  24.856  7.95339  -31.4665  5.93821  -3.49923  -7.4582  1.39045  -0.285249  -18.0142  
1.86663  18.4794  2.96515  -0.840268  5.00959  -28.8832  6.66451  -93.5771  -3.44895  29.5179  90.7085  -0.22943  -13.5793  7.07729  -6.69981  -4.51983  2.427  5.44952  4.20096  -1.57404  -0.052055  -1.7114  -1.60623  8.70358  8.02097  1.11968  1.97086  -12.2677  6.68122  6.41368  -3.27862  0.580647  1.84782  44.084  20.5019  -36.9671  6.13422  -0.82068  -24.3103  2.2001  2.55837  -17.5154  
1.88325  -2.12324  8.50084  -6.41337  1.6943  -10.6677  8.26069  -20.9356  -9.77398  125.948  -92.2365  -0.258475  -13.6408  9.11214  -3.75791  9.13308  2.24213  3.49855  4.6718  -0.736007  0.891369  -1.05565  1.25181  7.48554  15.3018  3.28419  -0.946076  -12.2388  5.20396  6.45606  -3.64752  -2.98293  3.85251  33.7435  9.46028  -36.9136  5.75866  3.51751  -16.5521  2.67872  3.07553  -10.2212  
1.05547  -20.6613  9.13725  -2.63052  -2.03962  -5.73606  3.56838  -118.393  -10.6758  175.415  -157.689  -0.25978  -17.5504  7.43902  2.7733  29.5891  1.20996  -1.48941  0.129848  -0.571396  0.167091  1.02919  -1.55729  3.12435  14.7759  3.33675  -2.16789  -4.63009  -1.00047  2.33464  -0.325109  -5.44028  2.78153  1.73528  -10.3065  -32.0084  1.09628  2.80697  2.03209  2.04497  1.15914  -0.223726  
0.106963  -12.9571  4.58684  6.92115  -4.75953  -12.3638  -3.46727  -293.608  -8.76157  133.541  -59.922  -0.354713  -21.1465  2.25124  5.96382  28.48  0.215082  -4.87077  -0.364533  -2.42241  -1.50703  1.4293  -5.90725  0.380396  6.28404  0.626407  0.159601  5.00461  -6.98783  -2.38656  3.67363  -5.50807  -0.811819  -20.5367  -18.0731  -20.1066  -5.30598  -3.0238  7.51144  1.10723  -0.716305  6.81332  
-0.2982  10.0144  -0.0689467  10.1116  -5.47946  -13.6467  -6.85161  -198.525  -9.35724  58.061  65.8703  -0.479366  -17.608  -3.28485  1.29489  3.91186  -0.321346  -3.9213  6.87346  -5.0756  -1.86516  -1.11694  -7.13293  0.801908  -2.55556  -1.79235  2.4275  8.70685  -6.85313  -3.90249  5.17161  -3.33809  -3.01751  -16.8226  -13.069  -3.8799  -6.36392  -7.5272  -3.64152  1.03538  -0.463808  10.7454  
-0.320214  18.7297  -1.08155  1.57147  -3.87384  -1.69083  -5.81633  183.507  -11.0411  41.5659  76.8202  -0.466353  -6.01849  -5.40026  -7.40612  -15.0203  -0.674904  -0.0947722  15.0994  -6.24396  -0.337164  -4.37667  -5.36373  2.24508  -5.54849  -1.30276  1.40389  3.65137  -1.41689  -1.46482  3.40892  0.233515  -2.12085  -3.72959  -11.0955  7.68923  -0.413205  -6.63434  -13.4514  1.36388  1.44594  13.5735  
-0.446322  2.1789  2.52059  -8.60118  -0.7411  15.9534  -3.74859  385.376  -7.7163  81.0903  -19.4949  -0.304235  4.87317  -3.90972  -10.3492  -12.3708  -0.960571  3.06967  15.7122  -4.50464  1.23457  -4.41685  -3.15648  2.34597  -3.92694  1.02848  -0.910143  -3.23687  2.85392  2.00819  0.0762218  3.72126  -0.433892  -1.77075  -12.2202  5.56416  4.91632  -3.66703  -7.89254  0.620257  2.60414  14.5489  
-0.57238  -18.8133  9.00107  -6.63432  1.97093  26.6896  -2.3793  108.752  1.89809  81.7912  -103.928  -0.152009  11.0641  -3.49162  -2.54808  -4.04366  -0.811703  3.82255  4.61536  -0.865885  1.5276  -0.796227  -1.41451  1.42708  -2.03759  2.34625  -1.72073  -1.70178  1.74008  2.64652  -2.5667  5.57421  -0.816366  -9.68881  -4.01048  -7.10285  2.84685  -3.66531  6.40047  -0.824215  1.29505  11.041  
-0.196056  -18.9857  12.1676  5.08971  2.43583  25.2806  -0.400952  -288.752  10.6504  -4.42478  -88.2073  -0.124602  15.6718  -8.49831  9.69778  -7.62921  -0.28578  3.13784  -13.7189  1.89631  1.10701  3.28754  0.116579  0.90404  -1.47994  1.82114  -1.35839  12.2327  -2.00702  -0.929364  -2.78257  4.68635  -2.87375  -12.0461  17.2815  -13.1195  -2.43255  -5.57737  12.9217  -0.243913  -1.00611  4.59907  
0.578717  0.589857  7.33352  11.5623  0.948264  12.0702  2.72287  -246.991  12.1657  -90.4667  0.47569  -0.166957  18.2114  -15.5737  13.5225  -15.7204  -0.240264  2.34881  -26.5091  2.11273  0.633821  4.81322  0.605952  1.01438  -1.00121  0.99531  -0.487517  31.9564  -3.24885  -5.71268  -0.591046  1.68392  -3.63486  -5.37596  35.7099  -1.52245  -1.84002  -3.84902  6.60322  3.57492  -1.57799  0.151159  
0.959188  17.2623  -3.76191  4.50538  -0.614975  -7.03961  4.62283  177.843  8.235  -55.5522  71.0864  -0.141544  14.2748  -14.8203  3.34221  -9.45209  -1.05465  1.29409  -21.693  0.976877  -0.515745  3.77619  -1.70762  1.08635  -0.219744  1.1654  0.967097  42.2195  -0.61073  -7.56181  2.05678  -0.66683  -1.97027  -2.44296  34.5556  17.4435  4.07006  3.54825  -2.25892  7.37014  0.858782  -1.0004  
0.660232  14.6905  -9.53114  -7.70825  -0.676078  -21.1398  3.54617  382.783  5.27438  91.3321  83.2907  -0.0343937  3.43184  -0.556957  -10.609  5.2979  -1.54608  -0.115032  -1.37697  1.37323  -2.54079  2.85316  -5.96445  0.846484  0.27747  1.72544  3.41926  31.8762  2.56691  -4.49863  2.81589  -0.292826  0.263794  -10.4091  9.30962  19.9715  6.39449  11.6651  -2.85295  6.77509  3.77867  -3.37824  
0.441074  -0.903293  -1.86138  -12.4853  0.338399  -23.8355  1.00233  95.6642  6.03196  210.676  61.2411  0.0536004  -4.54164  18.6782  -13.1333  10.5833  -0.334982  -0.162515  17.6205  3.8867  -3.61964  2.98506  -8.7012  0.89038  0.364408  1.33288  4.63553  2.37759  3.76445  1.62836  1.66881  2.38077  0.806724  -18.0637  -27.457  -0.124628  0.616058  14.6709  2.90397  2.17836  3.99673  -9.18006  
0.949323  -11.0898  11.1228  -6.8709  0.769234  -17.8153  -0.178484  -246.23  8.0394  197.882  48.0763  0.0172351  -3.79204  26.6503  -1.39363  0.765451  1.92777  2.51636  21.6311  5.81706  -1.95073  3.29098  -8.11608  1.06412  0.361131  -0.431083  2.2503  -27.8715  2.99283  6.8449  1.03952  4.34121  -0.0774176  -13.8848  -57.1889  -22.4394  -7.60004  11.94  5.02259  -1.38099  1.46303  -14.0409  
1.64273  -6.04344  12.1507  0.802213  0.0506403  -8.49161  0.259231  -165.599  7.55692  92.0919  42.2909  -0.132445  -2.02373  16.0416  10.15  -3.98804  2.96395  5.88488  14.6042  4.63672  1.21937  2.48271  -5.60377  0.578119  0.234753  -2.25293  -1.83043  -36.373  1.76813  8.33332  2.91305  2.9131  -0.597802  -3.81832  -65.0225  -22.0472  -9.88961  6.77339  -0.697527  -0.498128  -0.957624  -13.8723  
1.5701  5.05809  -1.71304  3.17553  -0.176112  6.61172  0.430687  153.114  3.67272  -15.5748  14.054  -0.266249  -8.93117  -3.32617  7.91301  8.49924  1.803  5.63721  7.98372  1.38223  2.84726  1.36789  -3.25786  -0.463026  0.224597  -3.29752  -2.85131  -21.2596  0.689425  6.09452  5.21761  -1.37771  0.179031  -3.90181  -51.3077  0.380108  -5.64044  1.99396  -8.37415  2.74968  -1.33865  -10.0038  
0.931983  9.07197  -14.617  1.00624  1.76361  26.8448  -0.71254  197.22  -1.8412  -91.9302  -38.2852  -0.30727  -15.9056  -15.9904  -4.11668  21.3131  0.211209  0.832363  6.28942  -0.207178  2.04648  0.911268  -1.20395  -0.390691  0.822134  -3.37874  -0.0412672  -2.52424  -1.06987  1.55538  4.35689  -5.07976  1.35566  -15.8858  -28.492  20.5631  -1.6685  -1.74456  -10.7849  4.55492  -0.996739  -5.84136  
0.815397  2.86189  -10.4304  0.159302  5.42088  36.4834  -1.88176  -71.5422  -5.14275  -147.43  -80.9435  -0.268774  -9.3078  -17.0562  -10.1976  13.3159  0.317998  -4.03248  5.26214  1.04439  1.13654  1.28128  1.32158  1.73074  1.10928  -3.30036  1.64548  -3.86059  -2.68888  -3.41835  -0.0460178  -5.3389  1.81437  -22.357  -8.94111  21.1004  -2.54927  -3.43185  -7.65264  4.20702  -1.78187  -1.24008  
1.43017  -4.81645  6.57484  3.19188  7.08134  18.3442  -1.44313  -191.051  -2.28801  -165.118  -80.1052  -0.221916  6.52696  -14.2073  -4.71575  -7.51904  1.77479  -4.01013  2.92699  2.4532  1.90339  2.5402  3.65733  4.39331  -0.860529  -3.20899  -1.34952  -24.5962  -2.98149  -6.27721  -4.15117  -2.51373  1.23562  -9.34239  7.40548  9.88954  -5.09042  -1.88002  -3.94671  3.30002  -2.78017  5.79906  
1.571  -5.03771  19.309  5.8509  3.43214  -14.8879  0.652359  51.5115  5.88616  -128.813  -39.4829  -0.170413  11.5422  -14.5622  2.36396  -10.9953  2.28312  0.306405  2.71197  1.02246  3.1435  4.43521  4.2894  5.17491  -4.17947  -2.5859  -6.29728  -42.8423  -0.971474  -4.54357  -4.51426  -0.0171557  -0.0139619  14.0971  28.1803  3.74906  -2.95094  1.7642  -2.94704  2.07877  -2.25577  12.9643  
0.303897  0.380651  19.4048  3.05246  -3.74793  -28.0803  2.90816  277.734  11.8038  -74.2146  -5.88482  -0.0695349  -2.63042  -15.8012  0.881071  10.8265  0.681256  3.6021  4.71411  -2.56539  2.69724  6.07428  2.67392  3.73648  -4.66145  -1.44001  -5.26927  -41.4842  1.77485  1.76315  -1.82321  -0.609949  -1.08446  25.3928  48.8666  8.35467  4.22692  3.53098  -5.1208  -0.487363  -0.24857  14.1302  
-1.52056  2.72968  14.3533  -3.99861  -8.60011  -11.6092  3.9556  116.133  8.30369  -61.7771  -12.143  0.0646092  -19.1407  -11.3883  -5.25146  29.7361  -1.60138  2.56723  4.28957  -4.97144  1.08347  6.68061  -0.360542  1.76931  -0.614573  -0.789628  3.61788  -25.4547  3.35095  8.13368  0.480112  -3.25772  -0.718022  13.9612  60.0279  11.6191  10.9633  1.15322  -8.46297  -3.63723  0.813598  8.06923  
-2.15968  -2.75826  10.4205  -7.89758  -7.23039  1.05313  3.12444  -216.528  -2.70457  -80.552  -50.8152  0.102825  -17.1971  -1.28761  -4.73013  21.7867  -2.28071  -0.734419  0.067773  -4.32448  0.614086  6.10802  -3.58056  0.684169  3.83047  -0.986873  12.8187  -10.814  2.68074  8.35639  0.897192  -4.15746  1.00175  -5.89477  59.4662  4.86003  10.9848  -2.61836  -10.355  -4.82646  -0.305611  -0.663795  
-1.0588  -10.3556  7.33297  -4.76791  -1.88806  -17.7602  0.667769  -233.488  -10.6647  -60.8754  -64.3614  -0.0243542  -0.110793  8.543  4.20385  -1.95165  -0.708209  -2.424  -3.23503  -1.64899  1.88479  5.13775  -5.44001  0.497044  3.27399  -0.436112  14.3513  -3.94697  1.13796  0.81488  0.344693  -0.906258  1.55106  -13.4061  51.907  -6.93301  4.63525  -2.79864  -5.60283  -3.27409  -1.77741  -6.69339  
0.565001  -12.1382  5.59188  0.527118  1.49698  -43.7816  -2.44433  105.441  -8.78198  10.3467  -20.9045  -0.207594  13.2465  13.4187  12.2089  -11.9013  1.62717  -1.64394  -2.1886  0.788632  2.94702  4.21765  -4.40626  1.10389  -1.04497  1.96589  8.49649  0.733705  0.386861  -8.37393  -0.0804603  4.13854  -0.987144  -6.53736  39.2265  -13.8118  -2.13491  1.49462  6.17789  -1.24136  -1.4656  -9.19179  
1.22141  -4.96856  11.0615  1.06848  1.05828  -31.5547  -4.5466  317.272  -0.181939  57.1308  31.2585  -0.268419  13.4343  13.7349  12.128  -3.14123  2.6981  -0.729113  0.487362  1.32455  2.16713  3.23993  -1.30474  2.74069  -2.56632  5.34131  2.53645  6.42503  0.668723  -10.5414  0.0159006  6.37921  -4.0451  -2.24159  12.5246  -12.5606  -4.88195  5.82681  17.8202  -0.83641  0.299347  -10.06  
0.659208  5.34025  22.2157  -2.32209  -0.0975656  18.1515  -4.33892  71.2137  6.37202  14.7805  21.0476  -0.182931  6.9459  11.751  7.68009  6.33157  1.76802  -1.03641  2.68876  -0.454635  0.434819  3.10057  0.0889394  4.91539  1.34529  6.63198  0.740587  7.78382  1.27949  -3.05049  0.768332  4.26627  -2.44724  -10.4931  -27.7891  -9.69941  -4.76599  5.63036  18.0775  -1.38995  0.845249  -9.63318  
-0.22456  9.92805  24.2078  -4.71456  0.526973  56.6329  -2.38517  -349.892  6.17051  -63.7798  -40.3277  -0.0978306  2.18556  8.94187  4.31785  6.05543  -0.101709  -1.56976  6.93705  -3.51539  -0.614549  4.36604  -2.61985  6.23883  5.40741  4.4731  1.3076  1.88381  1.02957  7.41725  1.6404  0.916615  4.27651  -18.9002  -64.6574  -8.87172  -4.46192  1.31552  5.42568  -1.10891  -0.255824  -6.68594  
-0.606179  4.68001  5.44407  -3.79991  1.7302  52.9646  -1.29727  -429.082  0.695331  -78.247  -58.8526  -0.137649  -2.60132  6.00067  0.677397  2.07855  -1.23663  -1.05238  11.7922  -5.61142  -0.978643  5.36859  -6.40878  6.28747  3.66456  0.961072  -0.208074  -5.521  -0.3487  11.3647  1.27848  -0.441147  9.45755  -10.5775  -77.229  -6.62326  -4.31763  -2.97952  -9.30996  0.00801082  -0.030147  -2.13281  
-0.449244  -5.40521  -22.3795  -1.86641  1.4419  28.9973  -2.74866  -54.9808  -5.61528  -17.0222  21.3553  -0.218072  -9.10809  3.53732  -7.84825  0.396912  -0.966804  0.0286738  8.72241  -5.03328  -2.08828  2.70279  -5.72011  6.28539  -2.05738  -1.00626  -3.71905  -5.83558  -1.82621  5.28575  -1.12028  -0.154866  6.99844  8.74346  -60.3686  -0.381656  -2.03713  -4.40909  -13.4428  0.498461  3.97809  -1.09324  
-0.211059  -9.75382  -34.9457  0.153376  -0.0380016  16.8649  -4.59623  352.064  -8.64738  22.0386  120.361  -0.206997  -10.8901  0.818442  -18.3987  -2.60214  -0.0813317  0.42239  -3.72111  -2.31154  -4.12453  -4.08699  -0.181243  7.05042  -5.39393  -0.291489  -6.67714  -0.213365  -2.29488  -4.75058  -3.97314  -1.03433  -0.664824  16.189  -32.8865  6.00981  2.55172  -2.99106  -5.93933  -0.152491  8.96957  -5.37148  
-0.209042  -4.38703  -23.2991  3.26666  -0.552971  11.2151  -2.42107  373.951  -6.33951  -34.1767  130.007  -0.106496  -3.18982  -2.85043  -22.5246  -6.38593  0.217666  0.250733  -14.5889  0.111634  -5.0338  -10.3099  4.29252  7.59207  -4.2786  1.20424  -6.50804  -0.0728743  -0.911619  -9.18444  -4.92161  -3.36738  -5.47988  3.55947  -10.324  5.59795  6.15228  0.160843  2.45272  -0.895166  8.9169  -11.5295  
-0.353536  4.08153  -3.46282  4.42139  0.291497  -9.44762  4.2666  54.05  -0.0383763  -129.567  52.9423  -0.0513318  7.8307  -5.90392  -15.8202  -4.20031  -0.285753  0.993284  -11.82  0.958231  -2.95235  -10.5641  3.21654  6.58086  -2.61278  1.42199  -3.98496  -9.19707  1.36796  -4.60353  -3.66406  -4.19894  -4.02925  -11.9053  5.141  -2.80418  6.0978  3.87022  3.92807  -0.857667  2.33913  -11.9358  
-0.365542  6.87967  5.29314  -0.422939  1.69854  -38.6872  9.72969  -202.636  4.57256  -139.495  -7.3741  -0.120958  10.6557  -5.07167  -3.04065  4.08179  -0.711559  3.21374  -0.484759  0.810749  1.0647  -5.62926  -0.986666  4.59125  -3.80526  0.0526738  -1.11302  -17.0607  3.0081  2.69151  -1.59525  -1.95219  -0.762972  -11.5142  23.9731  -13.1079  1.87502  5.76476  -0.252701  -0.460115  -4.69696  -4.68654  
-0.0847983  4.31474  1.48879  -7.26936  3.61445  -45.846  8.3252  -149.266  3.43035  -22.4127  11.4968  -0.23557  3.70053  0.0936757  7.85022  4.28541  -0.267646  5.4171  3.63504  0.970921  3.6934  -1.18175  -3.11358  3.13608  -5.14694  -1.25473  -0.0286226  -6.6801  2.94118  4.41506  0.960338  1.13536  -0.480793  1.39974  47.2637  -17.9977  -2.56598  3.65802  -3.45401  -0.434727  -5.34314  4.23115  
0.343544  3.3939  -4.10475  -6.04081  5.85797  -22.9597  2.62349  60.1253  -0.667194  120.776  50.9679  -0.237932  -2.63757  5.76221  14.5571  -7.84144  0.737507  5.46087  -5.39164  1.39803  2.9226  -0.638409  -2.42068  2.63263  -2.15656  -0.583201  0.311951  19.7901  1.50039  -0.330246  4.31176  2.11315  -2.08689  10.3559  63.0292  -14.0111  -4.53348  -1.08483  -1.82151  -0.749106  -0.942041  9.74637  
0.598338  4.95446  -4.78385  4.0153  6.4667  4.95212  0.955336  112.555  -0.729322  156.864  46.1461  -0.128533  0.152916  7.94439  18.4837  -18.92  1.31996  2.86088  -14.9359  0.819191  0.153586  -1.93565  -1.81683  2.15894  3.41243  2.03982  2.19192  40.091  -0.221385  -3.70903  6.3468  1.67614  -1.83726  8.8203  53.7449  -3.72672  -3.50321  -3.43655  1.93585  -0.848476  1.27199  12.2377  
0.523098  1.86567  -3.08102  10.7554  3.09411  13.704  5.16146  -36.4516  5.66019  66.1644  14.7522  -0.0286126  7.59496  6.97078  18.6769  -13.1898  1.04622  -0.416679  -12.5282  -1.20416  -1.36472  -0.791369  -1.73475  2.01655  5.44343  4.34728  6.16892  34.4753  -1.18268  0.461802  3.79925  2.77928  0.389742  1.85135  17.524  7.33568  -0.154683  -0.592753  4.49141  -0.57105  -1.52544  15.2711  
0.24321  -9.0108  -2.99492  5.15475  -2.52924  2.74508  6.35994  -161.682  12.8353  -44.5371  3.67159  -0.0430118  9.32485  5.44074  12.1501  -0.5704  0.426814  -2.22737  -2.89524  -3.3353  -0.369462  3.39705  -0.418988  3.73728  0.709159  3.48318  8.59956  8.10276  -0.633103  8.46395  -1.74246  5.42869  1.53653  -5.72484  -21.3562  13.7339  3.84451  3.96057  4.67389  -0.280373  -4.17776  18.2876  
-0.0462122  -17.1018  -4.94514  -5.04164  -5.82254  -11.8552  -2.34562  -79.9162  13.2713  -65.8934  8.80908  -0.151388  2.2724  4.11699  -0.132566  0.917422  0.0443362  -2.24282  1.19826  -3.63525  1.37267  7.09762  0.253124  7.20921  -6.32849  -0.651567  5.57801  -11.3293  1.03087  10.9478  -3.62736  6.04783  0.974046  -11.9045  -28.4898  14.0526  6.43135  4.71563  3.77677  -0.255718  -1.80113  16.7607  
-0.348677  -10.7151  -7.31408  -7.4715  -4.82732  -16.4421  -13.1833  106.085  6.51959  -1.82517  -8.03551  -0.269399  -7.11104  1.17253  -10.8707  -8.1175  -0.268824  -2.10412  -1.87625  -1.55356  1.77627  7.36922  -4.43697  9.40512  -9.01614  -5.20727  -1.69936  -5.36688  2.31043  4.30488  1.50089  2.53731  0.949517  -12.2632  3.41709  14.0481  5.785  1.12784  3.15687  -0.34375  2.98709  7.76019  
-0.726312  6.5392  -8.77565  -1.79316  -2.50524  -4.25944  -11.8576  159.025  -0.945755  56.5137  -47.5134  -0.3283  -10.9832  -3.6836  -12.5652  -9.03565  -0.948986  -3.31661  -2.35188  1.51177  0.860076  3.97478  -13.0614  8.87765  -6.27968  -6.76435  -5.66355  16.62  1.14049  -5.34152  7.50441  -1.9391  2.37683  -2.34117  45.5056  15.7701  2.08465  -1.89965  2.05204  -0.259774  4.28759  -5.31871  
-0.959825  16.9025  -6.08616  1.86963  -2.55448  19.7564  2.28416  15.843  -2.71047  42.253  -64.9186  -0.307073  -8.81335  -8.33103  -4.51684  5.45334  -1.63359  -5.18149  3.85561  3.49231  0.29131  -0.92326  -15.5761  8.65184  -1.8787  -4.42493  -2.51945  28.0792  -1.49838  -9.7468  5.58774  -2.79544  3.45117  13.6348  57.8887  14.9562  -1.2051  -0.86333  -0.116656  -0.00875689  1.54131  -15.292  
-0.687872  9.81969  2.86883  -0.312722  -4.28495  34.2284  12.6305  -154.532  0.333809  -16.8603  -47.6701  -0.283764  -4.60635  -10.5867  5.40892  19.2237  -1.37055  -5.28629  9.73391  3.79264  0.650715  -4.67554  -5.1638  12.5415  1.4881  -0.0805845  3.33751  14.8352  -2.91531  -6.85901  -3.65872  0.155182  3.31997  25.868  28.4187  9.02595  -1.64869  1.89097  -2.12022  0.166184  -0.473103  -17.6566  
-0.0328626  -6.06571  13.7789  -1.47803  -3.64917  20.2089  5.857  -149.276  2.20763  -40.4822  -33.4295  -0.462137  -1.38164  -10.2648  8.21942  14.5415  -0.0932311  -2.11045  9.4258  3.44198  0.904133  -5.57233  10.3626  18.2752  4.6974  3.11918  3.49384  -12.0503  -1.13551  -1.05302  -10.5985  2.41875  3.75265  26.5767  -13.1623  3.19634  -0.560792  2.32177  -1.34498  0.0623538  0.275576  -12.6671  
0.327544  -12.8761  16.0715  2.9362  1.12951  -11.9439  -11.0265  14.7955  0.440083  1.19425  -42.9656  -0.924237  -0.251313  -8.00497  1.58663  -2.21411  0.94512  2.6699  7.86618  3.22761  0.243464  -3.5837  16.1786  18.4634  7.32787  3.09069  -2.61146  -27.8498  2.01551  2.75061  -8.57796  0.905955  5.34736  16.2761  -31.9677  4.63647  -2.01357  0.0169121  1.84416  -0.286001  0.862686  -7.26197  
-0.0130861  -4.56535  5.00347  9.68695  7.04688  -28.3315  -20.1547  137.767  -2.39161  47.3712  -43.132  -1.30941  -0.444922  -3.48561  -6.9158  -11.2843  0.720644  5.46558  10.6013  2.30096  -0.702723  -0.376109  8.3277  9.14947  6.01031  0.373319  -6.50424  -22.9578  3.12019  2.92733  -1.88197  -2.41483  5.55546  1.98605  -22.7573  9.31028  -5.91066  -1.89798  3.80427  -0.733317  -1.23453  -8.06389  
-0.521275  8.8207  -10.203  12.7037  9.32494  -12.7288  -14.7949  98.3518  -3.15878  30.6479  0.938913  -0.966348  -1.66693  3.41232  -6.79679  -5.82865  -0.0822831  3.90973  12.1998  0.109652  -0.782757  1.20164  -1.19496  -4.26991  -0.50453  -2.09709  -1.01761  -10.6387  1.62814  -0.076954  1.15075  -4.02569  2.30435  -6.53476  -4.20175  8.71855  -8.3457  -1.69012  3.02183  -1.14606  -3.56539  -14.0404  
-0.349738  15.4676  -14.9495  11.373  6.84415  13.643  -4.2781  -28.6496  -2.5822  -34.5184  71.6542  0.209764  -4.37199  10.2836  3.80741  0.935386  0.0170256  -0.674553  3.78656  -2.05922  -0.0126252  0.433196  0.0157319  -12.7828  -7.31078  -1.82144  9.9077  -10.3681  -0.0866099  -3.59779  -1.29493  -3.54213  -1.7607  -4.75176  2.95385  4.82525  -5.81099  -0.880613  2.09597  -1.38327  -2.62897  -15.5721  
0.478519  13.295  -5.86691  7.41354  1.83394  20.8401  1.43463  -81.6966  -3.37677  -61.9358  106.869  1.32237  -6.28364  12.9277  15.3962  -3.5181  1.17769  -4.64372  -9.68165  -2.26296  0.508633  -0.758148  9.96346  -13.5407  -7.9201  0.714361  15.1999  -23.8901  -0.621377  -4.76216  -4.06896  -2.88082  -2.40293  0.820616  -1.21253  4.75353  0.926326  -1.48726  2.35059  -1.26452  0.539763  -6.53784  
1.01692  7.37845  5.33859  1.67941  -2.52513  9.51205  2.88296  -36.4029  -4.71041  -11.2248  84.671  1.31009  -4.11322  9.41918  16.5315  -11.5336  1.95416  -5.12655  -14.1771  -0.742921  -0.019664  -0.129866  15.7767  -11.2029  -2.63694  2.14721  9.7222  -31.512  -0.84104  -2.25686  -3.01965  -2.48298  0.317543  -2.62196  -7.52059  7.29335  6.67541  -2.95911  1.315  -0.791659  2.42804  6.38267  
0.605015  1.69057  6.30366  -4.46518  -4.78317  3.94289  4.87385  2.87573  -3.30112  51.9063  34.5884  0.305846  2.97854  2.27545  6.75135  -8.67546  1.20972  -1.87337  -4.72921  0.138428  -1.49246  1.86457  11.3318  -10.7319  2.17856  0.225979  -0.558985  -17.8335  -2.28955  1.72672  0.397363  -0.84539  1.95961  -15.2852  -10.8407  -2.37599  7.29117  -3.05839  -5.58079  -0.292811  2.0891  10.6078  
-0.314363  -3.5302  -1.81805  -6.94854  -4.72342  15.2163  7.20136  -9.85766  1.91685  40.6678  13.9566  -0.369683  10.9189  -3.56367  -3.55772  5.14735  -0.466596  3.11712  6.51318  -0.709152  -2.88701  2.72723  3.36933  -12.1243  1.85862  -2.95831  -6.05252  8.35989  -3.98267  3.99086  3.00633  2.4487  -0.415753  -19.0279  -11.5698  -24.5966  3.67392  -0.580282  -14.3456  -0.208246  1.49751  2.86447  
-0.800505  -7.89063  -7.27035  -3.49144  -2.43795  29.2467  6.36893  -20.4392  5.1995  -34.8766  34.3901  0.208803  13.647  -5.00907  -6.04436  13.2529  -1.56222  6.90291  6.1367  -1.49765  -3.45569  1.31807  1.58679  -12.3351  -0.541688  -3.3934  -3.85807  24.5082  -3.16993  3.63939  4.26215  5.18553  -3.87323  -3.21191  -7.48381  -38.6102  -0.799022  3.35038  -15.1542  -0.650484  1.40966  -4.36894  
-0.554443  -10.173  -4.44889  2.71969  1.69978  26.4301  2.9147  13.2207  0.744332  -81.9907  63.1868  1.37305  9.02195  -2.92012  -2.56524  8.12025  -1.40684  6.88601  -2.24651  0.190447  -2.54708  -0.757337  5.88075  -10.4871  0.586651  -0.262857  1.07702  18.7577  0.072203  2.19381  5.11513  5.51493  -3.9977  16.3275  5.0941  -28.4579  -3.09207  6.07476  -4.72617  -1.18631  0.904129  -0.287733  
-0.12542  -9.5343  1.24226  6.53414  5.44987  8.11088  0.584965  26.5547  -9.41165  -42.6409  53.654  1.7273  2.78854  -1.01225  -0.713528  -0.89375  -0.67781  2.88432  -6.05581  3.71114  -0.285619  -1.11409  8.20436  -7.89592  5.48006  2.79446  3.37245  3.78053  3.29483  0.611579  4.72534  4.06938  -0.690133  14.1629  19.7345  -4.69444  -3.07088  5.64596  7.60575  -1.25467  0.172657  11.6043  
-0.140747  -5.92657  1.89988  5.66594  5.44358  -7.4708  0.666393  -41.3013  -15.9775  36.442  1.39635  0.869974  -0.930073  -2.08434  -3.77987  0.541906  -0.395031  -2.17118  -0.736481  5.76091  2.26199  -0.0699591  3.61171  -6.03984  8.58327  2.54369  1.73193  -3.39859  4.12614  -0.959419  1.505  2.35295  1.71056  -9.73273  17.1179  7.26059  -1.03728  2.34874  11.4235  -0.790654  1.41929  17.6955  
-0.572146  0.625464  -1.66917  1.93102  0.042695  -4.37714  0.938119  -118.354  -11.0371  68.3681  -51.2301  -0.205732  -2.91141  -5.46704  -7.83587  11.9091  -0.809735  -4.64959  4.61663  4.42015  3.55504  0.918857  -4.28652  -5.1954  5.91072  0.746663  -0.668174  3.57896  2.87992  -0.918495  -3.00992  0.570813  0.554689  -24.4554  -9.94707  -0.555794  1.58569  -1.13447  9.6904  -0.210519  4.52621  12.4638  
-0.839446  5.78542  -4.00017  -1.25241  -7.5375  12.8586  0.479276  -92.7737  1.7636  23.4696  -67.2447  -0.432808  -6.29608  -7.74013  -7.00501  20.8879  -1.26038  -3.74847  1.72748  0.935038  2.99133  0.718441  -8.95855  -4.8174  -0.450997  1.34141  -0.125625  15.2098  2.13211  1.8219  -5.08236  -1.46914  -2.01848  -9.69363  -37.6986  -9.75909  1.99947  -2.04452  13.1467  0.148939  5.71641  3.76302  
-0.489926  4.01727  -3.35338  -2.16141  -11.5176  24.0894  0.774394  27.6376  10.9578  -49.7549  -44.3505  0.148597  -10.2541  -6.10564  -0.54646  18.4971  -0.949688  -1.51313  -6.71106  -2.02808  1.59077  -0.569352  -8.8969  -4.66279  -5.15966  4.48454  2.72767  22.2836  2.06178  4.24247  -2.45272  -2.70425  -2.44955  17.0375  -31.5931  -4.71591  -0.795082  -0.152418  21.9881  0.316658  2.20774  0.0707813  
0.289195  -3.63544  -4.45584  -1.45068  -8.89767  12.2323  2.20765  119.115  9.03246  -89.3142  -19.5555  0.706409  -9.90484  -1.45639  7.18584  7.08981  0.146345  0.535574  -10.7064  -3.14292  0.777627  -2.74411  -8.1485  -4.46058  -5.40515  5.79982  4.81792  22.4586  1.6482  1.64448  2.61936  -1.85856  -0.64899  23.9219  7.1997  8.89134  -3.86323  1.84149  21.7884  0.385427  -3.17758  1.43436  
0.868825  -7.66862  -9.22651  -1.80123  -2.62966  -17.9832  2.77161  101.643  0.63602  -69.9655  -17.5403  0.709365  -2.34572  2.65835  10.7608  -5.97689  1.21655  3.05871  -7.91082  -2.88585  0.836802  -5.60099  -9.58839  -3.65299  -2.4869  1.84304  3.01207  18.4421  0.716548  -4.70582  6.07384  0.257404  0.334591  5.38345  35.2503  16.4562  -1.53445  1.59691  2.87968  0.202063  -4.95889  1.2198  
0.821917  -0.926926  -12.6864  -3.45722  2.29881  -42.182  1.96741  16.5435  -4.07225  -13.5628  -18.9336  0.371929  8.1574  3.64197  8.1358  -14.8981  1.41943  6.05964  -4.35982  -2.18062  0.855714  -7.65319  -10.3486  -2.71531  0.818662  -4.78848  -2.15715  11.515  0.846367  -6.94365  5.93824  1.04552  -0.88097  -11.7939  13.9053  13.8496  6.6118  -0.503674  -22.6612  -0.304922  -2.88574  -3.26928  
0.34453  9.57454  -10.3782  -4.053  3.71713  -40.6234  1.84466  -48.7568  -0.918962  36.5537  5.43481  0.243213  16.121  2.41104  2.25244  -18.8559  0.744222  6.76627  -5.13781  -1.54582  -0.144498  -6.68978  -6.57386  -2.45864  2.79579  -8.07728  -7.08205  4.79778  3.2309  -1.20765  3.26077  -0.386933  -2.09759  -6.17029  -34.9533  8.28695  14.1311  -1.97433  -31.8442  -0.759909  -1.54087  -8.19153  
-0.0424488  10.395  -5.6031  -1.35433  2.89765  -19.1165  3.02365  -63.7832  4.44157  48.843  52.1816  0.578207  19.449  1.61362  -2.72307  -18.1428  -0.0792467  2.84203  -7.75126  -1.15372  -1.86053  -2.01525  0.456968  -3.54877  3.52686  -5.63275  -7.54218  0.27256  5.76331  5.58758  -0.00642797  -2.2453  -0.784984  11.3259  -52.3127  5.24285  13.2802  -1.42213  -17.8747  -0.70075  -3.40403  -9.75483  
-0.0812934  -2.40255  -4.12427  3.22003  1.16644  3.06129  2.71203  -37.8085  4.24821  26.6271  84.5037  1.16613  16.7919  2.03993  -4.35906  -14.8292  -0.428813  -3.07033  -4.05186  -0.543989  -2.6346  3.66737  4.75244  -4.76582  3.80067  -0.828897  -3.09056  -3.12421  5.20742  4.68391  -2.23698  -2.46005  1.94858  13.6864  -14.9274  3.13405  4.93256  0.0266305  2.76912  -0.272419  -4.55054  -8.38141  
0.0512758  -16.0699  -5.74849  4.82424  -0.936237  12.1469  -0.825235  1.35377  -2.76648  0.165197  67.6918  1.60408  5.52195  1.71484  -3.38324  -10.7029  -0.336505  -5.32044  7.16079  0.897886  -1.51825  6.44558  2.59649  -4.81635  3.84824  1.59578  2.12142  -9.12666  1.47128  -2.18947  -2.39537  -0.956363  2.80109  -3.71031  33.1547  1.65309  -2.26044  0.232489  11.2829  -0.0823216  -1.00146  -6.32392  
0.0871862  -18.1606  -2.88417  3.08107  -1.8728  8.08511  -4.2738  21.2428  -8.91975  -8.06666  17.6068  1.64179  -10.419  -0.898228  -0.640533  -3.16598  -0.212882  -2.17732  19.806  2.98139  0.881196  4.12548  -2.04611  -4.11644  2.92709  0.258147  3.77561  -18.4908  -2.58216  -5.15579  -0.789596  0.706249  0.322879  -17.0354  44.5993  4.19522  -3.94878  -1.50177  7.38338  -0.349938  4.64401  -3.7376  
-0.022125  -10.7702  6.40838  1.94963  -0.230946  -3.57301  -3.31822  -7.08266  -7.40725  -1.2761  -35.6726  1.3681  -18.6911  -4.22858  3.53586  8.61683  -0.304722  1.90088  25.0834  4.1994  2.50609  -1.98025  -2.18632  -4.88034  -0.258897  -2.04608  0.819274  -25.6525  -4.27648  -0.698533  0.582802  1.41509  -3.34888  -8.59267  30.8867  12.7489  -2.70999  -3.94352  3.43953  -0.581961  5.75803  0.897874  
-0.156081  -4.10725  13.8672  4.89957  2.89159  -13.6278  0.915389  -51  0.565534  5.51347  -55.641  1.06725  -10.6524  -5.24478  7.39979  18.4453  -0.50666  2.06779  18.4631  3.06304  1.98124  -6.2548  3.81978  -8.04353  -4.57233  -1.99458  -1.78549  -22.5055  -3.92081  3.9085  -0.265855  0.866419  -5.04357  8.68817  33.5082  18.5176  -3.58543  -4.7413  6.65486  -0.388984  0.936286  6.17697  
-0.228993  -2.92186  10.9027  9.57356  3.58665  -13.3085  3.54756  -59.6452  5.96204  4.53994  -35.2534  0.929985  4.45225  -3.02125  6.48008  21.4937  -0.598494  -1.0662  3.46057  0.336893  -0.223303  -3.42808  10.2022  -11.5348  -6.42094  1.65225  0.328703  -9.34049  -2.70994  2.888  -2.68278  0.291144  -3.73078  11.2622  49.5624  13.6404  -5.87764  -2.36502  11.9552  -0.152268  -3.93472  6.94959  
-0.239009  -2.93741  0.462688  9.8152  0.581317  0.73533  3.1457  -24.8836  2.9863  -4.4564  1.38405  0.891892  8.45634  -0.102537  -1.18787  18.0213  -0.506728  -3.11085  -11.7379  -1.60028  -2.20348  6.48018  10.2908  -12.84  -3.65916  6.62062  5.86658  3.58031  -1.92653  -0.576687  -3.92559  0.846337  -0.97051  -0.278191  34.4626  1.48651  -5.78541  2.14944  11.5186  -0.404267  -3.03134  1.12893  
-0.238421  -0.492553  -6.20461  3.39161  -1.77  17.0113  2.94083  11.0554  -5.01706  -21.7948  22.477  0.792387  -1.66271  1.10379  -10.1152  12.7798  -0.410949  -1.96528  -18.2115  -1.35098  -2.64609  16.22  4.04189  -13.1636  0.96628  8.41601  8.48731  6.14135  -1.6492  -0.537124  -2.85515  3.04441  0.981744  -3.386  -18.3561  -3.01012  -2.12208  4.97919  4.14729  -0.913672  2.77359  -7.51501  
-0.319858  2.95066  -4.21524  -5.471  1.10659  15.3694  4.40864  26.4274  -9.20749  -39.104  -4.32715  0.581368  -9.08217  1.4364  -11.0617  5.51365  -0.527946  0.301546  -12.2047  -0.376944  -1.74135  16.5765  -2.074  -15.5336  2.34883  4.25238  5.04323  -1.75046  -1.50521  1.2394  -2.11584  4.93267  0.80256  10.2145  -49.018  5.48583  2.66165  3.17807  -5.92567  -1.03301  7.13708  -13.8351  
-0.508881  5.16793  0.982756  -9.86628  6.64891  -7.74796  4.08734  41.8164  -6.90143  -35.6238  -68.5085  0.362601  0.613612  3.88212  -1.92171  -5.05936  -0.797774  0.982118  0.413396  -0.9305  -0.158294  5.64377  -3.15462  -18.3626  0.223454  -3.23601  -1.65684  -11.643  -0.550156  -0.372405  -4.24306  4.14254  -0.779921  18.9456  -15.8837  14.1154  6.49792  -2.06961  -12.8256  -0.71429  5.67277  -16.3288  
-0.710025  5.3722  2.82642  -7.27942  7.90217  -30.6929  -0.88022  58.4134  -3.92524  -0.792882  -120.582  0.297094  17.9728  8.38265  8.51052  -14.0206  -0.977314  0.0585458  9.98517  -2.77167  1.52526  -8.86793  -0.3774  -14.5336  -0.523019  -7.91761  -5.79813  -16.4296  2.41697  -4.3476  -7.02803  0.306611  -1.81618  5.55867  37.3487  7.51817  9.65569  -5.73608  -11.6838  -0.615314  0.0420382  -15.8743  
-0.783978  3.18136  1.34231  -1.8738  2.27587  -25.4253  -7.317  17.3813  -6.10596  37.9748  -115.57  0.435363  23.2744  9.94587  10.4271  -13.0489  -0.997399  -0.824463  10.3629  -3.71274  2.87521  -17.2858  1.29021  -0.265124  3.37536  -6.41107  -5.08391  -16.4684  6.76222  -4.81735  -5.52019  -3.33182  -1.26009  -14.6717  38.2034  -8.06182  10.4745  -4.17343  -3.04833  -1.00052  -4.24681  -11.7131  
-0.677476  -1.02774  0.473571  0.466389  -4.79934  9.04254  -9.80589  -84.7164  -10.0312  39.5905  -56.0426  0.672448  11.6357  3.97219  5.16738  -2.97772  -0.984145  -0.789019  2.41924  -2.16797  3.05355  -16.3118  -0.237191  16.6701  8.17736  -1.81988  -0.48225  -11.7391  9.03135  -0.923814  0.981646  -3.64194  -0.238095  -14.0648  -10.2298  -7.39905  6.61344  0.933983  3.66413  -1.28465  -3.79924  -3.60811  
-0.402948  -4.04762  1.10927  -1.50249  -6.53889  42.5148  -7.71599  -133.954  -8.25633  -2.04895  12.8646  0.82279  -2.10755  -6.52976  1.62297  4.10623  -0.850797  -0.0212837  -6.43712  0.802087  1.93858  -10.0177  -2.10626  23.1313  7.70717  0.302704  5.02665  0.428477  6.71334  1.98972  6.16574  -1.39925  -0.744288  7.08307  -33.3684  14.146  0.201893  4.41642  -0.979252  -0.905928  -0.466987  4.12013  
0.0424113  -3.30286  2.80569  -5.05534  -2.92723  44.5394  -5.10829  -30.9573  0.384789  -39.0905  46.65  0.809557  -6.32476  -12.2478  3.24354  -0.321812  -0.228453  0.974761  -9.43895  3.29422  0.795632  -3.76659  -0.106246  15.0064  1.8655  -1.3528  8.44465  20.4219  1.84008  0.955147  4.27179  -0.264218  -2.7298  21.5713  7.2023  31.5938  -3.11891  3.26542  -14.154  -0.213188  0.806924  4.64089  
0.574385  0.119454  5.47045  -6.47731  0.131582  16.9461  -4.31895  120.392  8.08367  -25.3275  50.7902  0.738646  -4.0055  -8.26982  4.13739  -9.07551  0.857711  1.70898  -5.68461  4.44387  1.01115  0.475588  5.75887  2.29541  -3.56171  -3.35119  6.62355  37.1521  -0.964674  0.164197  -1.80337  -2.02013  -3.81879  12.3798  59.5253  18.2714  -1.08747  -0.46009  -20.738  0.0423652  -2.06323  -2.00934  
0.943471  1.34834  8.00473  -5.07874  -1.42773  -10.4613  -3.5631  137.905  8.95534  26.664  49.7417  0.782223  -0.89437  -0.0187611  -0.232293  -7.93776  1.66589  1.60037  0.507404  4.57475  2.24177  3.30244  10.6536  -3.14227  -3.78631  -2.44822  1.35845  36.0239  0.044466  3.31565  -3.31816  -3.93496  -2.13309  -4.08474  55.1658  -14.3038  2.3187  -2.54885  -10.7499  -0.262186  -5.8968  -4.24439  
0.990467  -1.25738  7.53699  -1.38397  -4.96367  -13.8922  -0.837422  14.2551  6.41268  54.9799  56.6669  0.942554  3.57735  3.27251  -5.19193  6.45516  1.63366  0.803253  2.25839  3.86975  2.17144  5.51845  10.1977  -0.549403  -0.364381  0.365987  -0.476397  17.253  2.05803  6.32916  2.93573  -1.73453  1.45347  -6.86024  1.81648  -31.7313  1.51155  -1.45859  8.49372  -0.580871  -6.3418  5.77462  
0.941341  -2.47129  3.706  2.95064  -4.97111  2.25312  2.80823  -71.8693  7.38778  24.5192  40.069  1.01631  11.3179  0.625102  -4.85413  19.9091  1.30665  0.506594  -0.781081  2.25635  -0.198411  6.55827  5.05283  1.22214  2.00702  2.19638  5.28903  -1.18201  1.07452  3.72974  10.0807  4.73178  4.3652  1.76485  -32.7037  -18.7955  -1.29812  0.434367  19.9231  -0.546087  -2.69369  23.1729  
1.13955  1.11445  1.78982  6.00885  -0.321179  17.0781  5.43979  -19.3422  10.82  -30.2907  -19.8304  0.879295  14.9424  -0.63404  -2.75409  18.7374  1.6082  1.50584  -2.10984  -0.00339241  -2.88211  5.93481  -0.0535035  -3.02968  1.45635  1.66624  12.1623  -4.19946  -2.87757  -2.36186  9.80545  10.0805  5.17809  6.66783  -18.5589  2.03762  -1.14191  0.704648  16.3937  -0.328454  1.81301  32.8554  
1.43621  5.94319  5.19857  5.04264  5.49868  20.3582  7.12672  78.9263  9.14849  -44.738  -84.9669  0.664739  7.01669  3.45311  -6.70683  3.88892  2.27005  2.78615  1.70263  -1.64887  -3.07411  3.49656  -1.53162  -8.81451  -0.460799  -0.879956  9.74615  3.14523  -5.18159  -4.27957  3.04774  9.42564  4.42303  3.86487  9.0406  6.08754  3.77254  -0.312003  5.21735  -0.176791  4.44989  26.0491  
1.21856  5.21454  9.15944  1.83059  7.58064  16.8363  8.76114  86.916  -0.232212  -4.37287  -76.7509  0.622056  -7.40019  6.78766  -15.3498  -10.2956  1.91403  2.5461  5.59125  -1.43902  -1.02639  0.0330565  0.218004  -9.68732  -1.87041  -4.22156  -1.92883  2.16415  -2.87798  -0.400509  -1.96589  3.79371  3.17582  3.72663  9.16194  -5.59597  8.74984  -0.833819  -2.34562  -0.050205  5.26579  9.7098  
0.221415  -1.15786  8.37054  0.89811  4.22016  8.93594  8.82508  26.9697  -8.03516  38.938  18.6359  0.768407  -14.8183  2.03242  -16.7318  -10.9807  0.0216177  0.792898  1.81034  0.693369  0.298508  -3.82818  2.39628  -6.79707  -2.6815  -6.64807  -11.0845  -13.061  1.89629  2.38806  -0.760879  -1.01359  1.84308  8.65138  -8.74599  -13.7232  8.83632  -0.976954  -1.88768  0.0334397  4.60543  -3.02272  
-0.94351  -4.8901  7.04754  4.48165  -1.19157  -7.05536  4.23607  -10.0587  -3.91969  32.4455  105.075  0.868526  -10.407  -7.80097  -4.98044  0.133593  -2.00314  -0.484181  -8.3316  2.60539  -0.983747  -7.46299  3.08671  -6.55348  -3.19042  -6.67756  -9.81805  -27.3293  4.00525  -0.779953  1.70265  -0.835043  0.701006  9.23613  -5.4725  -12.6793  4.67449  -2.44657  1.55023  -0.17132  2.13872  -4.51475  
-1.41735  -2.25388  12.9909  8.61761  -3.66647  -26.2741  -4.25278  -14.87  8.97694  -10.1726  84.2441  0.741215  -2.19724  -12.4164  9.42877  10.9277  -2.44307  -0.193555  -13.1861  2.2701  -3.26657  -10.5117  2.62681  -10.5862  -2.71042  -4.72092  -3.76742  -23.4788  0.625874  -4.84044  -1.13222  1.98444  0.09717  -0.984981  22.8075  -10.0863  0.242486  -4.78798  2.16229  -0.729771  -1.73173  1.86096  
-1.06798  1.30211  19.9943  7.85425  -1.48403  -32.3374  -10.4878  -29.2228  16.0563  -29.5277  -22.7468  0.541364  0.665677  -7.20785  12.0899  11.9672  -1.40127  0.00184042  -6.03836  -0.163116  -3.89563  -11.7404  2.08607  -12.3563  -0.0440418  -3.22455  -1.32756  -5.13517  -4.63294  -2.40391  -7.23148  2.53572  0.276082  -13.3793  38.8531  -11.1545  -1.01176  -4.60558  -0.929055  -1.2011  -4.51289  6.58747  
-0.506608  1.02672  9.7934  3.06463  1.75987  -15.6248  -8.96578  -49.4669  9.2547  -0.964481  -73.3574  0.550493  -0.225974  1.97433  3.89759  4.14352  -0.45263  -1.81394  4.48439  -2.2276  -2.87195  -9.54091  1.60607  -5.99083  4.48793  -2.92189  -1.87395  9.38412  -6.76552  4.73485  -8.60248  -0.632145  0.301348  -13.7671  16.651  -9.36828  0.0189111  0.188964  -3.44328  -1.06085  -4.48677  5.03128  
-0.228694  -0.754832  -18.5829  -0.136893  1.35147  8.57996  -2.12711  -41.0053  -2.79594  33.6167  9.44087  0.80545  1.91266  7.20948  -1.90246  -1.0163  -0.49057  -4.09529  4.74497  -1.83062  -2.55677  -4.18633  1.02418  5.07072  8.75184  -1.6483  -0.167904  9.60888  -4.5483  7.20797  -2.8586  -3.88097  -0.670345  -1.42708  -20.8454  -2.42212  1.54073  6.09259  -1.60247  -0.362834  -3.23155  -1.48058  
-0.103407  1.16477  -38.4787  0.451008  -3.04847  14.6721  2.43209  -15.3643  -6.0979  20.9665  133.017  1.02351  7.3068  6.62334  1.77112  -0.0981383  -0.744795  -3.38447  -5.18403  0.263892  -3.31897  1.02404  0.859006  11.5931  10.5931  3.17845  1.55149  3.91912  -1.14063  0.531149  2.7167  -3.95136  -2.13289  10.1178  -26.8603  2.53514  2.37144  6.92258  3.49207  0.229341  -3.32529  -7.49488  
0.240556  6.42722  -25.3782  0.0528126  -6.23503  2.71407  2.31349  -9.90419  0.88936  -31.4565  142.876  0.955157  9.50028  2.79279  7.00031  1.38766  -0.110003  0.866622  -10.3916  1.83844  -2.14453  3.21105  1.58201  9.39242  8.80357  9.34278  -4.59937  5.41139  0.163265  -7.96478  1.34008  -2.04093  -2.55457  8.34002  6.05618  0.515026  3.28975  1.46426  6.15333  0.150242  -4.47189  -9.53852  
0.817949  10.8019  8.5374  -4.61883  -3.71967  -5.34488  3.05588  -4.80508  6.5691  -62.8026  4.93878  0.684428  4.95618  -1.87008  3.43892  -3.30866  1.30375  4.43975  -2.30809  1.91502  3.32368  3.37879  2.40076  3.42687  4.5174  11.2258  -15.7716  13.6561  -0.380233  -7.85471  -3.59258  -1.76179  -0.886679  -2.21247  40.9996  -3.37285  4.20662  -4.37613  2.74036  -0.481315  -3.74781  -8.55757  
1.25973  14.0492  25.5581  -8.20027  2.48171  5.00981  7.97438  11.2948  1.96768  -36.2187  -144.196  0.50572  -1.60704  -5.42236  -7.13097  -9.5549  2.35029  3.35133  10.9193  1.42437  10.456  4.13988  1.8284  0.187929  -0.118534  6.90227  -17.6579  16.8473  -0.490008  1.66472  -3.23654  -3.78846  1.94964  -6.17347  37.9774  -0.869068  2.4408  -4.12564  -4.02265  -0.992402  -0.444795  -7.50601  
1.21335  17.243  9.66583  -3.59223  5.56911  20.1638  10.3094  3.45298  -7.26583  19.3694  -157.432  0.570165  -3.82283  -5.17168  -13.3951  -8.91777  2.13148  -0.796809  12.6588  1.37057  13.2801  5.33372  -0.0649013  0.46142  -3.15127  0.469112  -3.12464  8.50182  1.00385  10.8395  4.39984  -4.57068  4.39536  3.40394  3.23051  5.75087  -3.2817  1.70191  -8.8115  -0.852481  2.92029  -6.19227  
0.654604  16.7467  -15.2382  7.11371  2.32088  20.7022  2.10258  -38.8876  -9.57582  46.0774  -48.1299  0.723634  -2.2715  -0.124296  -8.90773  -1.75511  0.81404  -2.75286  0.611175  1.52537  8.94393  4.31902  -0.830903  0.635865  -3.74147  -2.30018  16.0133  -4.44268  3.31133  10.3111  11.121  -1.32088  5.92818  14.2861  -28.2038  8.72388  -9.07675  6.55449  -9.76226  -0.244827  3.56158  -1.09669  
-0.107825  8.00004  -19.7027  12.6533  -3.05626  8.37752  -11.9036  -35.2533  -1.53981  26.2964  53.2196  0.697533  -3.02081  6.03738  1.03862  1.80502  -0.648428  -0.391969  -10.1207  1.3433  1.23915  0.0686799  1.46206  -1.12098  -2.3954  -1.41389  21.5439  -13.0199  4.66679  1.28008  9.05444  4.15759  6.71828  8.4314  -30.9212  8.25667  -9.16083  5.29271  -10.2564  0.140286  1.8145  8.09808  
-0.678932  -4.59642  -4.79031  7.24666  -3.65877  -0.750424  -17.6498  69.2639  7.85459  -8.5728  41.1884  0.443675  -9.39999  8.00868  7.09854  -3.84069  -1.38597  2.64734  -7.55716  0.468456  -3.98681  -4.47642  4.88565  -2.77478  -1.0541  -1.07421  10.5789  -15.6663  4.33205  -6.77671  0.0730428  6.90995  5.98259  -12.4357  -12.9306  8.7458  -2.0941  -0.563409  -12.1493  -0.138051  0.0453873  14.6718  
-0.873866  -9.14462  6.16282  -0.349279  1.61748  -2.53912  -10.0913  147.497  9.4577  -25.2525  -48.448  0.220586  -15.005  4.51937  5.47435  -10.0868  -1.30144  2.14548  0.88993  -0.800083  -4.8683  -5.9852  5.60862  -2.50013  -1.42499  -3.41714  -2.72573  -16.6334  2.49746  -6.69853  -7.01907  4.78593  2.13529  -25.5468  3.11721  10.5214  6.01092  -5.48412  -12.4534  -0.759634  -0.470734  10.4951  
-0.860373  -2.55688  1.67865  1.86496  7.03746  -6.6233  -0.351293  57.7624  4.53065  -22.3392  -97.2839  0.351119  -11.7352  -1.21202  -0.102433  -6.27006  -1.09505  -1.19438  1.28682  -2.08338  -3.73588  -4.74312  1.87396  -1.21255  -3.69472  -5.70277  -6.01916  -15.505  1.18723  -0.484602  -7.26204  0.965751  -4.11079  -13.8418  5.80614  5.8144  8.39997  -6.04433  -7.69437  -1.01983  -0.114024  -4.37713  
-0.879916  2.88737  -6.8742  12.1393  6.74683  -16.0867  0.132384  -116.877  1.05999  -17.9424  -36.1653  0.874197  0.547246  -5.46558  -4.02913  5.24649  -1.39485  -3.04301  -8.46365  -2.9124  -3.08643  -2.84796  -2.53328  -0.842814  -5.28969  -4.85268  -0.705778  -8.69808  1.39098  4.02444  -3.44792  -0.334925  -8.58227  8.68646  -0.31479  -6.11481  6.05839  -3.23194  0.15046  -0.664164  1.42103  -17.6799  
-0.85058  -3.29729  -7.11126  14.0331  0.840696  -19.614  -5.68469  -154.549  2.59855  -16.4517  83.5843  1.42492  11.2898  -6.38553  -3.70893  11.0765  -1.8291  -1.36442  -14.0181  -2.56872  -2.5417  -1.18966  -2.89109  -1.32215  -3.82791  -1.85071  3.32848  1.66916  2.20756  1.93031  -0.620063  0.813981  -7.29749  14.8206  -6.3212  -18.0158  4.50192  0.173876  5.42294  -0.16412  4.48672  -15.4086  
-0.426832  -13.5708  -2.35046  -1.15203  -5.05712  -8.68663  -6.91433  -5.89837  4.35522  -5.59437  146.715  1.60404  11.913  -3.28741  -0.623412  4.68201  -1.3472  1.54542  -5.05104  -0.974963  -1.00545  0.304767  1.46471  -1.39229  -0.199822  0.0657203  1.55655  6.77153  0.704273  -4.10628  -0.465389  0.755866  -1.74612  -0.444673  -11.3343  -18.8577  7.08629  2.39725  5.71881  -0.0926072  7.40583  0.407221  
0.480559  -12.8313  -1.65137  -19.7051  -6.44551  6.90478  -0.978473  107.119  1.416  14.7905  95.3589  1.41745  4.7202  3.01914  2.68332  -5.91868  0.394489  2.48666  10.1659  1.19888  0.870443  0.706269  5.97649  -0.517088  1.98415  -0.204925  -3.26392  -0.201193  -2.48577  -7.38815  -1.19612  -1.67077  2.11762  -15.8031  -20.5036  -7.92234  9.93097  2.64648  4.79928  -0.421627  6.63644  14.4302  
1.42637  -0.217327  -5.77083  -20.0358  -3.30673  9.40136  4.66131  22.386  -4.1137  21.691  -8.69057  1.37529  0.551169  8.58739  5.39982  -8.01417  2.30145  0.97081  15.9561  2.877  1.39007  -1.78784  6.21425  0.28003  0.890493  0.0335422  -6.0586  -13.7542  -3.30951  -4.05742  -1.28948  -3.01664  0.898936  -12.0108  -30.3345  4.49687  7.98317  0.825144  5.7509  -0.635619  1.2449  12.8741  
1.84154  8.62756  -7.6801  -1.28959  1.1197  -3.20268  4.93401  -138.617  -6.30891  -6.70711  -60.8721  1.97285  2.81713  8.85303  6.86836  -0.983446  2.89871  -1.16594  7.76121  3.38517  0.297625  -5.57939  2.62028  -0.101502  -0.778282  2.68478  -6.36582  -19.8595  0.41946  3.5851  -0.811975  -0.629608  -1.92852  5.49942  -32.4621  7.6647  0.529894  -1.99875  6.14164  -0.423921  -4.56824  0.384932  
1.57626  3.78183  -4.17066  15.4019  3.87126  -13.646  3.11266  -145.279  -2.6413  -55.1132  -31.9497  2.89913  6.5596  4.10691  6.18715  6.011  1.89936  -2.15444  -3.99079  2.58843  -0.640679  -6.11356  -0.265098  -1.73248  1.62297  5.99943  -6.6623  -13.28  5.26094  9.75259  -0.248739  3.02899  -0.524899  17.7624  -20.5518  4.05627  -6.88175  -3.25084  1.25795  -0.0314219  -6.04682  -5.28759  
0.87256  -6.14807  -0.18353  13.4421  4.07423  -6.02153  3.61116  4.76972  2.96441  -70.9726  4.8931  2.91722  5.57912  -0.702064  1.81505  7.40982  0.355686  -1.43165  -7.1925  1.30306  -0.241097  -1.985  0.760581  -3.58663  7.95558  5.88859  -8.4776  -2.10545  6.08515  9.46966  0.408997  3.57475  5.19462  14.9849  2.65793  4.02703  -8.73473  -1.30018  -7.29443  0.0883954  -3.43544  3.96713  
0.0373813  -5.89833  -1.01707  1.8619  2.15102  15.5726  4.90234  117.51  6.04757  -19.4337  -23.9584  1.08007  1.98379  -2.3975  -4.35588  8.23505  -0.560933  0.575306  -1.87681  0.598172  1.00141  2.60887  3.88999  -4.20532  12.3967  1.6246  -8.8904  4.55946  3.05078  2.89976  1.53186  1.43233  9.21323  1.0167  28.6546  15.2058  -4.25832  1.6849  -10.6971  -0.226005  -1.10404  17.5527  
-0.614558  5.47616  -6.09047  -0.552472  -1.01088  30.8574  3.1615  87.0871  5.80456  68.5556  -89.7183  -1.51454  0.672613  -3.02168  -7.00744  14.0959  -0.586064  2.38614  4.17636  1.32337  1.64349  2.13161  4.98842  -2.74573  9.54684  -3.18927  -4.84468  10.9415  0.895457  -4.7111  2.81478  1.08018  7.18032  -14.7037  46.6378  29.005  1.77199  1.62265  -2.48505  -0.745258  -0.745954  19.9647  
-0.683335  14.3951  -9.98354  7.7375  -3.91474  25.3642  -1.22903  -5.35912  4.45435  115.466  -103.611  -2.03999  2.9895  -4.95467  -3.43333  17.7813  -0.232443  2.25906  3.78454  2.39816  1.49494  -2.66771  2.42066  0.200334  0.972774  -3.75045  2.06315  30.5801  1.39731  -6.87558  3.54673  3.60251  2.26442  -24.2329  38.1733  30.0267  3.45429  -2.13758  13.8025  -1.04902  0.182512  8.78516  
-0.0805659  11.6482  -9.35941  11.1012  -4.76197  4.5137  -3.9949  -60.4844  2.50583  79.0637  -33.9336  0.841423  4.16264  -5.90093  1.39154  9.10004  -0.109849  -0.109533  -4.31388  2.12101  1.32037  -5.65578  -0.330264  2.68987  -5.93388  0.191616  5.3212  60.6868  0.806374  -1.52037  3.22178  4.41882  0.441894  -20.2614  -0.130799  12.4744  0.936162  -5.27431  25.712  -0.897737  3.32536  -4.72151  
0.46629  2.70542  -5.094  1.704  -3.15023  -14.7018  -2.87191  -57.1727  -0.234324  4.26367  46.3465  4.20244  1.26583  -3.05703  -0.785329  -9.09503  -0.501863  -2.61358  -14.1109  -0.036541  1.42232  -2.45621  -0.28433  2.97163  -6.50953  3.5155  0.888311  77.2328  -3.06208  6.38674  1.22378  0.226792  2.17361  -4.90614  -38.6296  -7.30538  -0.0410388  -3.69525  24.0612  -0.444854  5.02593  -11.1986  
-0.118798  -2.81357  -1.21786  -8.26264  -0.610079  -21.1608  0.509135  18.5803  -3.15603  -34.6754  54.0434  3.13741  -3.08379  1.5577  -10.4301  -20.3706  -1.32498  -3.09971  -19.2242  -2.5523  1.1636  4.17826  1.2485  1.15256  -3.16229  1.26101  -7.57798  55.8119  -6.84753  8.94946  -2.84312  -5.43274  2.12977  5.34242  -31.4487  -10.7247  4.24309  1.27476  10.2073  -0.079708  0.71329  -11.3565  
-1.95709  -2.28679  -1.0529  -6.27368  0.623799  -18.8694  3.62797  173.011  -4.43096  -21.2126  -4.62547  -3.28851  -5.048  2.55274  -18.3103  -18.9109  -2.21503  -2.57939  -18.3789  -3.86693  -0.162808  7.0373  0.788948  -1.74394  -1.84073  -5.31713  -13.1333  5.52568  -6.81183  3.47878  -7.73543  -6.94574  -2.73118  -0.59656  16.2738  0.342535  8.42428  4.16705  -4.94432  -0.0122301  -8.2286  -10.6969  
-3.72323  0.997528  -4.47309  0.0680318  -0.590088  -20.1251  5.89479  314.03  -3.96705  -13.663  -59.6473  -9.91367  -3.30144  -0.837058  -15.1824  -21.1673  -2.70269  -4.26244  -18.1644  -4.29838  -2.14904  3.07769  -1.70947  -5.0512  -4.94871  -9.24166  -13.8388  -32.8998  -5.00103  -5.40107  -10.0161  -4.91353  -8.18792  -12.8526  31.151  4.68216  3.93278  1.98857  -10.9151  -0.0612316  -14.9865  -7.49458  
-3.95188  2.57062  -8.76077  -3.09516  -2.92295  -26.6149  7.36719  302.825  -2.95668  -56.8244  -52.1877  -10.962  0.868942  -3.88455  -2.24061  -42.8204  -2.51593  -8.91823  -22.4264  -4.72413  -3.56507  -4.18274  -3.28719  -8.01332  -9.1541  -6.20117  -12.7299  -30.7568  -6.20086  -10.5498  -7.57211  -4.19303  -8.35221  -12.3002  -38.2722  -11.3305  -9.37359  -2.86848  -5.86849  0.0678396  -14.6435  1.09753  
-2.62329  2.46941  -10.4378  -12.8131  -4.17628  -29.4424  7.03711  145.623  -2.16793  -108.549  -9.23477  -6.74276  3.60277  -3.157  9.11933  -64.2326  -1.68359  -12.0072  -25.5981  -4.76822  -3.58438  -8.47646  -2.27026  -8.88442  -9.84652  0.151753  -11.4878  -4.72084  -8.8745  -9.35866  -2.37225  -5.54403  -3.64596  1.37498  -128.811  -32.481  -19.6429  -5.63032  2.39175  0.266383  -8.72331  10.4227  
-0.936387  1.38054  -7.44039  -12.8249  -2.60527  -17.9221  3.68824  2.80624  -1.55463  -88.8485  24.7679  -2.45567  3.342  -0.516709  9.32238  -48.1281  -0.435476  -8.01149  -17.9264  -2.61753  -2.39493  -6.35941  0.0290809  -5.76213  -5.50824  2.26269  -7.10785  6.50783  -6.73673  -3.89283  1.15438  -4.12528  0.215676  7.72707  -121.334  -30.4285  -14.7314  -3.99794  4.3825  0.154821  -2.37688  10.6359  
0.350155  -0.561273  -0.988168  3.21547  1.3594  6.69404  -2.13427  -35.939  -0.692157  15.5885  31.3813  -0.851785  0.233327  1.54956  -0.620255  9.89773  0.984569  2.88712  2.63779  1.87235  -0.635546  0.640109  1.72049  0.869405  2.07608  -1.57526  1.46042  -9.64033  2.2426  2.93219  1.46842  2.0732  0.416294  -1.29048  8.0997  -0.499147  5.08351  0.687048  -0.934085  -0.353104  2.19332  0.242748  
