-0.281588  1.89098  -41.9197  -10.1867  2.90785  -0.728214  -0.690191  -242.499  -7.78615  -1.10759  -3.36198  0.992653  0.653024  -0.756051  -2.63004  -0.77121  -0.525903  3.62027  3.62083  -1.30347  14.2268  -1.37017  -93.4951  -7.03741  -1.31029  -60.1944  -0.338199  -0.452856  -13.1538  -6.55267  1.69213  3.4615  5.21723  3.70683  1.22127  -0.541148  6.61646  -1.88032  0.71789  -0.120458  -16.6956  0.623186  
-0.185967  2.62501  -64.7349  36.2729  24.3583  7.52815  -2.73166  889.253  30.3095  1.5031  -1.43139  1.14304  -6.72449  3.26153  0.0757999  -0.545883  0.368208  -7.63036  -21.5292  2.23575  -3.76755  27.7501  -139.545  -63.182  -3.86959  -46.1905  13.0066  -1.52347  24.7866  14.3104  -9.48204  -3.85507  -8.68855  -24.1123  16.7959  3.60057  2.54981  2.88162  6.29034  -0.542475  -11.0489  2.23659  
-0.606049  -5.19523  -55.1372  45.5758  22.2045  4.98364  -4.20605  1659.06  29.4199  1.50167  0.441099  4.72517  -8.47514  3.94227  -2.42406  2.51619  0.741203  -8.81043  -28.331  3.53583  4.07394  30.3774  -114.983  -88.3103  -8.47307  19.9072  14.2316  -2.08577  30.8161  25.9211  -12.1632  -0.274069  -17.1472  -41.4173  23.4142  4.63872  1.8384  3.72804  5.91124  -1.35244  -13.1867  2.36795  
-1.35224  -16.5402  -24.1366  23.926  1.17155  -2.87896  -5.33637  1701.75  -0.527868  -0.955111  1.83115  8.31128  -8.2769  1.69322  -6.55861  6.09124  0.47147  -3.28576  -17.6068  2.88197  29.9585  7.20041  -35.6463  -70.7507  -10.1809  87.8764  4.87957  -2.20376  10.2569  26.1808  -6.10585  7.63068  -19.9024  -40.5546  20.2884  1.23013  3.77218  1.99255  0.383604  -2.20649  -22.4081  1.9089  
-1.77143  -21.0404  -4.00565  3.6745  -18.3117  -1.78354  -6.19584  983.076  -18.2057  -3.25656  1.94813  5.86709  -10.947  -0.112962  -5.97656  5.32882  -0.135825  -2.1871  -7.26487  1.74793  41.8029  -14.9187  4.07481  -29.0113  -5.71078  78.7795  -3.89638  -2.0026  -4.04645  20.688  1.61686  6.32315  -18.5382  -23.5436  13.6747  -5.02796  3.65069  1.70994  -4.12839  -2.41936  -29.3022  2.48831  
-1.53619  -17.3458  -17.45  4.9205  -17.2316  10.0846  -5.63672  64.3992  -4.85556  -3.12581  1.3505  -1.90743  -12.3804  0.715851  -1.08972  -0.53212  -0.63711  -7.99039  -6.79333  0.514806  19.6509  -15.1014  -20.247  2.36756  0.57553  15.4516  -4.09105  -1.59094  -1.24525  13.0668  3.8966  -4.08757  -13.2722  -4.10949  10.672  -9.29075  0.469016  3.46567  -3.51191  -1.86714  -20.8856  2.86599  
-1.05975  -12.681  -43.9299  15.7423  -2.29019  19.281  -3.03121  -397.532  17.9976  -1.38987  -1.28744  -6.90636  -5.45058  3.12502  1.15488  -6.22093  -0.789662  -10.0741  -10.0919  -0.78369  -17.9457  1.46063  -68.6082  -0.287803  0.861694  15.0666  -1.74397  -0.594937  4.48527  4.45549  -0.316789  -10.0584  -4.64646  4.35999  10.2679  -9.02315  -0.998383  4.00093  0.652952  -1.28064  12.8438  0.458993  
-0.900486  -9.89422  -44.7955  17.3391  4.72159  15.6335  -0.119125  -329.81  24.1962  -0.574877  -6.78514  -3.61995  5.7326  4.44714  -0.330273  -7.35281  -0.634972  -2.20972  -9.43865  -1.22049  -37.8637  31.2626  -66.7936  -22.1353  -5.50593  128.678  -2.47505  0.952831  -2.68765  -3.56739  -6.88181  -4.50563  2.35724  0.613962  6.9442  -5.9287  0.693115  1.61217  3.99691  -1.2915  59.3959  -4.36617  
-1.06956  -5.69848  -15.0876  8.75495  -5.54258  3.2108  0.615408  -242.473  12.9682  -1.3755  -12.339  4.55382  8.62609  3.15483  0.357456  -4.6965  -0.402593  6.93905  -5.77612  -0.0617862  -26.5907  60.9994  -11.6364  -23.3127  -12.4789  239.011  -4.48599  2.39295  -12.3901  -6.41121  -11.002  3.80307  3.51682  -4.22053  -1.79109  -4.06504  5.24096  -1.03771  3.89198  -1.63765  87.3757  -6.7284  
-1.14233  0.787574  13.9415  -1.08138  -21.3808  -6.33294  -0.648513  -389.608  -1.04272  -1.66771  -12.6092  10.1633  -0.551462  -0.116123  5.60766  -2.8312  -0.296463  3.52412  -2.63393  1.39187  -2.34546  77.2267  19.2042  18.5701  -16.763  181.276  -0.947068  3.02089  -11.1202  -1.97839  -10.7477  3.99717  1.55841  -0.111727  -9.63732  -3.90373  7.92167  -0.976631  0.696079  -1.6231  68.9634  -3.76439  
-0.904  5.82672  14.7972  -10.946  -24.5562  -6.47645  -1.02748  -394.857  -9.00619  0.03068  -5.42533  10.084  -11.2809  -3.11824  9.60675  -3.39667  -0.373584  -11.7467  0.332687  1.16333  15.1605  74.4238  -47.4298  76.948  -19.8072  -50.9651  7.48385  2.49014  -1.8359  4.38906  -6.77615  -2.52384  3.49237  11.3516  -9.75304  -2.52858  6.34277  0.53307  -3.24639  -1.10875  8.10045  1.90502  
-0.561414  7.81755  -7.73809  -18.9565  -0.393879  -0.358208  1.10724  109.263  -9.85101  1.94801  2.86698  7.4969  -11.6733  -3.66329  5.70294  -3.65198  -0.464591  -21.7492  4.90765  -0.304806  25.2809  47.2764  -185.141  98.6334  -21.6035  -278.999  10.4916  1.30698  2.01458  4.41728  -1.28881  -6.82292  9.54753  19.043  -3.30562  1.57767  0.270099  -0.164219  -3.9869  -0.627581  -59.3613  4.62159  
-0.373373  12.5004  -17.4764  -23.5636  44.3082  5.42293  3.87576  744.381  -4.59162  1.18905  4.26168  6.07542  -3.7284  -1.50544  -3.6458  -0.801222  -0.420797  -13.3048  7.69112  -0.662019  33.6395  11.5307  -314.273  63.989  -19.6381  -327.4  3.22135  0.613806  -2.24355  -3.69951  3.27476  -5.44518  12.9134  14.5231  2.53728  5.69982  -7.0301  -3.36064  1.13052  -0.564002  -90.7948  2.68549  
-0.351908  19.6674  -2.73014  -21.6646  82.3625  5.14265  4.58007  826.616  2.09642  -1.85027  -2.6774  5.81471  2.75092  1.06606  -9.5473  3.95191  -0.350724  7.32425  3.38543  0.660693  30.8561  -19.762  -356.247  5.37742  -15.7777  -205.033  -5.88903  0.555248  -4.47459  -11.7717  6.44773  -2.50806  8.7903  -0.837745  4.13703  6.39899  -10.9336  -5.33841  8.49192  -0.690166  -69.1142  -0.285011  
-0.378715  18.5443  8.48757  -17.8482  81.5443  -1.23359  3.44142  318.552  0.975394  -3.71556  -9.12496  4.17726  2.74768  1.6128  -8.10577  7.03758  -0.592283  21.1459  -4.7732  1.89339  6.79703  -39.77  -296.882  -35.8702  -12.8663  -85.2322  -4.11378  0.344264  -0.786254  -11.2034  8.85177  -0.687215  1.04349  -15.423  3.67575  3.74351  -6.67126  -3.27302  9.08133  -0.585454  -14.6605  -0.376681  
-0.456569  3.13523  -5.22617  -13.7151  35.8089  -6.18866  2.81119  -190.359  -11.514  -2.29397  -8.05888  0.887885  0.600527  0.259472  -1.74319  6.68926  -1.33785  16.7876  -6.85162  2.04758  -24.0515  -46.4984  -165.764  -54.2095  -6.42583  -84.3237  6.35021  -1.10142  3.9709  -2.43208  10.6461  1.25878  -2.96241  -18.4683  4.28181  0.958613  3.65352  0.965854  -1.17354  -0.258319  35.5534  0.94656  
-0.587804  -14.3922  -22.7367  -1.18117  -23.8619  -2.92066  3.65944  -341.81  -22.4102  0.552052  -1.97134  -1.66797  1.22367  -0.480036  4.5961  4.01927  -2.18187  0.738765  -1.58567  2.49206  -25.5421  -37.1586  -1.68842  -71.2733  13.7933  -146.149  11.1477  -3.05875  8.71783  6.87398  10.4542  4.69629  1.18111  -11.6956  3.5306  0.27942  12.9469  2.94569  -13.2874  -0.0467507  48.1972  -0.610441  
-0.640816  -14.8376  -4.82476  20.6004  -56.3467  6.76252  4.16062  -357.531  -16.7014  1.7713  1.90348  -1.08117  4.89733  0.320668  7.99138  0.925193  -2.36175  -10.2957  2.34399  3.6418  9.5675  -12.8722  174.297  -91.9551  41.0541  -145.446  4.40227  -3.61598  14.5713  9.47381  7.54593  6.52083  9.64842  -6.1828  -0.27576  1.30558  12.0198  0.886168  -13.425  -0.0989247  14.2342  -5.72942  
-0.503857  2.88368  41.3136  32.186  -52.9323  11.4069  2.39278  -399.107  2.29586  0.875714  -0.478738  1.31979  9.09639  0.894701  6.20037  -1.44399  -1.57643  -7.18045  1.33807  3.08243  41.6662  23.9679  311.955  -92.3559  52.7109  -50.6037  -2.79209  -2.22074  16.9646  4.58031  4.02394  4.85005  15.1653  -8.59317  -5.06298  2.35075  -0.951284  -2.80285  -0.293169  -0.242889  -42.881  -9.45063  
-0.365155  17.8236  55.9621  16.3896  -42.061  5.10363  -1.00978  -252.562  17.5367  -0.504388  -5.41614  2.15914  10.7302  -0.377325  -0.0396432  -3.69541  -0.490404  4.3009  0.10893  -1.05861  37.0027  55.6275  338.297  -60.7191  36.7978  53.6928  1.29684  -0.704351  6.96005  -3.52836  2.16116  1.89289  11.4586  -11.5211  -7.55014  2.17202  -14.7488  -4.57128  11.8638  -0.364996  -67.5552  -7.12647  
-0.539759  14.1354  11.4985  -9.20982  -41.5443  -6.89041  -3.64899  152.196  18.6386  -1.7657  -7.59094  0.0481181  6.98354  -2.25902  -6.42012  -6.26425  -0.00268277  11.2273  7.01707  -6.70298  5.32741  61.1137  238.214  -21.4955  9.66496  103.659  10.362  -0.98408  -9.73241  -8.81902  0.430673  1.26942  0.424663  -4.78351  -10.0213  -0.267483  -14.4807  -3.20663  10.6715  -0.605389  -32.7434  -0.764018  
-0.984119  0.177321  -43.0678  -8.46981  -31.6209  -15.336  -4.04077  280.349  12.0099  -3.3697  -5.2856  -2.86768  -1.57473  -2.44941  -7.7663  -8.71888  -0.143608  7.17996  17.4055  -9.44946  -16.2303  26.6429  89.0607  -9.76818  -5.43043  121.163  9.48577  -2.41929  -15.6406  -7.19967  -4.82012  2.63089  -8.97285  6.37832  -15.1543  -4.23748  0.858618  -0.841531  -0.315605  -1.04468  33.7189  3.81914  
-1.25219  -4.98258  -42.511  22.6401  7.75965  -17.0938  -2.86029  -270.949  5.54623  -5.03603  -1.0417  -3.3643  -9.52139  -1.24497  -4.30635  -10.307  -0.151502  -1.92954  18.6655  -8.08523  -14.952  -43.0953  -22.5949  -27.889  -6.90256  154.843  -4.0055  -2.90233  -3.56525  1.52649  -12.5538  1.77191  -8.08786  8.20123  -20.4919  -6.46005  15.5029  -1.10032  -8.56993  -1.39526  61.9836  2.60679  
-1.10097  5.09933  -3.5091  46.6272  58.6151  -14.4859  -1.57972  -930.352  -0.518112  -5.33761  2.77693  -0.821841  -11.1039  -0.560359  -0.458983  -9.54856  0.190343  -7.98484  7.01909  -5.6511  -8.23899  -96.966  -105.081  -43.243  -8.84135  193.662  -13.6677  -2.1473  8.39089  10.1214  -16.5384  -2.27053  -0.488315  -2.91335  -18.3834  -3.69223  15.2356  -5.14532  -8.53196  -1.33495  26.1408  -1.26887  
-0.893479  16.3511  -9.00467  30.4938  78.9721  -9.27402  -0.824921  -786.665  -7.34469  -4.31959  4.80582  2.46536  -7.21666  -0.484376  1.12462  -5.5849  0.149858  -10.006  -6.56724  -5.10274  -7.2493  -88.9866  -183.944  -29.6581  -15.2088  186.883  -7.00691  -1.93702  0.966751  9.82924  -12.7971  -6.13719  4.36255  -13.1703  -6.99647  1.82881  2.54618  -8.97697  -5.33387  -1.06793  -32.2867  -2.23427  
-1.00902  13.9093  -79.2622  -8.9106  54.7234  0.341126  -0.147111  132.89  -9.0801  -3.6035  4.73468  4.4126  -4.31747  0.991575  2.85826  0.129211  -0.547447  -12.0541  -11.6695  -5.65461  -0.274657  -12.119  -214.911  7.22653  -15.1907  134.071  8.28938  -2.44481  -17.0966  -1.17539  -5.97016  -5.59295  0.314168  -9.85927  6.35221  3.30322  -4.73373  -6.009  -4.11228  -1.1273  -52.6675  1.28727  
-1.09118  -0.753566  -134.811  -29.5549  12.7963  11.8264  1.37143  748.74  -2.0852  -3.7707  1.94973  4.39997  -4.74575  4.26157  6.04245  4.83575  -0.882368  -13.6452  -10.4246  -4.34844  18.0808  69.661  -151.352  38.0457  -5.3472  84.7936  15.7124  -0.957512  -21.9604  -12.954  -3.33947  -1.57452  -6.36029  1.91272  14.0866  -2.05499  1.77074  5.64666  -2.86763  -1.47387  -29.8219  6.0046  
-0.394326  -13.3618  -93.0889  -17.3644  -12.7342  18.1926  3.65379  373.709  6.57955  -2.49009  -2.54175  3.21941  -4.26978  6.6102  7.96941  6.18012  0.0217659  -8.68538  -8.95297  -0.592018  23.2496  90.4261  -8.46488  41.3994  4.15064  71.2917  9.51421  4.20465  -7.34577  -14.4108  -4.47881  2.0018  -6.21888  7.03634  14.8838  -8.57223  11.9801  18.476  2.20424  -1.23269  -7.27048  8.35998  
0.953406  -12.4033  -3.25404  0.488917  -17.1219  14.3662  5.11197  -397.205  7.17699  2.30791  -5.50079  1.76854  1.44742  5.89652  5.63633  5.07952  1.12062  2.61053  -7.58502  3.2455  0.560496  48.8345  90.0974  19.484  6.61511  40.9449  -0.0167748  9.89651  6.41194  -4.92755  -2.26671  3.2891  1.79257  1.70497  12.012  -7.62525  11.9689  22.1521  9.82777  0.0858702  -15.1168  7.57239  
1.58551  -0.414582  20.1752  0.692401  -10.0238  4.51372  3.74411  -605.023  2.17968  8.51519  -5.31523  1.44687  9.21776  3.18405  0.615984  2.91763  0.4976  8.30278  -3.06165  4.08698  -25.9052  7.26427  89.3972  -5.75422  6.81709  -32.4584  -0.934399  10.8973  6.7174  6.41467  5.9929  3.14798  7.47945  -3.17646  6.92178  0.886135  5.2431  14.3509  14.8969  1.37673  -41.9596  5.34011  
0.412747  8.67611  -44.7533  -10.7758  3.75223  -2.21064  -0.296901  -231.743  1.21227  11.3632  -3.84492  2.7788  11.6907  0.296  -1.87936  0.216528  -1.81141  -0.81744  0.919936  1.48782  -26.5308  8.49697  53.2525  -9.35479  9.27262  -110.42  4.81911  6.12114  1.594  9.96733  13.1758  2.9479  1.94958  1.02377  0.357613  8.12036  3.0433  3.29256  14.2122  0.906298  -47.4317  3.11769  
-1.90807  4.96053  -88.035  -13.4261  21.0009  -1.6478  -4.08048  -75.6277  4.9801  8.90048  -4.44384  4.5226  7.05124  -3.37825  -0.466386  -2.81977  -3.5449  -17.249  -2.99118  -1.73457  -8.66619  20.9976  69.3492  14.3594  9.63778  -122.009  7.02843  -0.0203919  6.95387  3.70712  11.2035  2.6014  -11.1812  8.41223  -3.35744  6.57769  9.72696  -1.82981  9.27338  -1.48518  -18.8049  1.00224  
-3.61441  -5.43092  -22.9172  -1.96767  25.8646  0.99955  -4.89936  -406.597  2.66655  3.83064  -7.92798  4.34374  1.57166  -8.85758  1.03398  -5.2862  -3.1764  -21.1103  -13.2133  -3.03818  -3.44574  -11.9844  121.34  40.3804  7.05568  -78.6805  0.442784  -3.24301  18.7195  -6.62138  2.32476  1.64494  -19.2322  8.28278  -0.515068  -1.90105  15.6165  -0.848947  3.27898  -3.90726  21.6941  -1.58083  
-3.9633  -9.97453  88.8893  8.12664  4.97252  -0.258635  -3.4865  -569.823  -8.86308  -0.543866  -9.92097  1.50058  -0.749619  -13.4431  -1.29769  -5.4495  -1.93944  -4.82332  -16.632  -2.25689  -12.7341  -77.0397  133.295  34.5435  4.8646  -33.5033  -11.1596  -3.72605  19.2679  -13.218  -3.8268  -0.314591  -13.4863  -0.615776  5.3931  -8.58787  10.3388  0.0383522  -1.97415  -4.75146  36.9065  -4.09795  
-3.68542  -3.39623  101.107  1.45343  -26.5899  -4.63022  -2.83865  -114.779  -17.836  -3.44578  -6.25888  -1.77154  -1.38186  -12.331  -6.23087  -3.50535  -1.72082  16.7236  -7.17944  -2.32197  -8.49019  -96.6204  68.3555  -8.1931  1.43072  -23.6523  -19.5722  -4.3318  3.97263  -10.8325  -2.24873  -3.69708  0.396093  -10.5694  4.82629  -8.02854  -5.04597  -2.81168  -7.00784  -4.32789  22.7596  -5.12045  
-3.42979  4.08629  -21.0811  -16.6663  -36.9065  -5.43506  -3.75211  423.87  -11.918  -5.02858  0.660764  -2.43845  -2.12692  -4.83814  -10.1889  -1.77673  -2.21188  23.7212  6.17596  -4.63075  18.9433  -22.0702  -26.6724  -51.0935  -10.6564  -1.19284  -20.6216  -6.12621  -11.6961  -0.0167429  2.22248  -8.18082  9.8111  -14.6709  -4.53459  -2.24979  -18.6287  -6.4953  -12.4076  -3.78695  -0.742838  -2.87482  
-2.71093  2.11708  -139.091  -25.7068  -17.7532  1.69931  -3.48824  305.804  3.43511  -4.63225  5.27715  0.20308  -1.59531  3.5561  -9.00077  -1.58025  -1.48682  12.7847  11.3999  -6.97427  39.8969  92.0108  -108.617  -58.2582  -25.8205  48.9404  -16.7693  -7.13972  -10.8099  10.478  3.01277  -11.0044  8.47339  -11.7603  -12.8566  2.20717  -20.8258  -6.79026  -16.0351  -3.23408  -8.19924  2.62896  
-1.02315  -5.35525  -122.872  -14.1002  13.5803  12.9334  -0.131811  -209.984  13.6184  -3.16213  5.43914  3.57427  0.826814  6.86188  -3.11819  -1.10247  0.805468  -0.910089  10.3821  -5.61368  27.5117  155.8  -161.827  -36.8775  -24.848  70.4761  -10.134  -5.64542  2.82265  10.8152  0.171445  -8.22828  2.57151  -3.09521  -9.79642  1.36608  -9.0538  -3.17342  -13.8456  -1.95398  -7.66828  7.84698  
0.849387  -4.81644  -23.1389  4.48796  27.1493  18.7709  3.68318  -270.644  13.5999  -4.03561  5.14032  4.67416  1.06571  4.82655  3.09589  1.64761  2.60829  -4.09491  10.9829  -0.479878  -3.5815  148.799  -162.736  -27.0842  -5.41716  7.55917  -1.18869  -2.08182  10.8091  1.05449  -1.04092  -0.402409  2.05029  8.37622  3.39894  -2.37782  7.82376  1.307  -5.33026  -0.0480678  -22.6573  8.28467  
1.57655  7.89707  5.53159  8.21612  21.6033  12.215  3.56885  356.778  9.65365  -7.94424  8.36214  3.07554  -4.14141  1.95917  4.53034  4.99382  2.04609  1.49114  11.6503  4.08585  -17.3175  119.889  -91.8249  -45.8443  7.41945  -90.1495  8.35173  1.31513  -1.25206  -6.89997  1.36425  6.64481  7.60032  14.7518  13.4733  -3.74229  14.7598  3.52421  4.17558  1.39681  -48.6284  2.89996  
1.0774  20.7296  -94.9946  -1.64431  11.3236  -0.929611  -0.538326  809.751  5.51378  -8.74245  13.3855  1.40685  -9.15132  1.69563  -0.395263  6.03366  -0.225372  5.28537  3.78453  4.25997  -0.218339  100.968  2.43888  -67.4391  -8.07192  -116.447  14.883  3.00283  -24.061  -4.82335  4.39828  7.91541  8.95704  10.3394  10.5632  -0.698737  7.64313  2.32286  7.77794  1.82117  -48.9202  -3.75404  
0.545082  20.8955  -203.333  -5.69399  6.58951  -8.26248  -3.96176  383.876  -1.79662  -0.129763  13.7009  1.8598  -5.47187  3.24921  -5.57331  3.66717  -2.02647  1.56709  -9.12296  1.30914  23.0905  79.447  37.3193  -64.7349  -35.3441  -35.0282  15.8601  2.71976  -32.8124  2.71971  4.79494  5.14271  -0.845504  0.785217  -1.44906  3.39795  -5.07264  -1.08846  4.38409  1.80245  -0.117622  -6.45213  
0.757669  6.31923  -204.769  3.42922  4.0173  -2.66999  -3.30034  -477.387  -10.9521  13.6152  6.1628  3.47182  4.17245  4.01231  -4.31959  0.897874  -2.15512  -4.88686  -13.1981  -1.17425  30.7155  45.546  -5.58347  -43.9043  -38.0019  82.015  13.4712  1.35929  -17.8714  4.12033  2.74237  3.02863  -13.2392  -1.83907  -12.0336  4.0768  -10.113  -3.74659  -0.875023  1.94441  72.2671  -4.84551  
1.20779  -10.76  -142.386  7.32841  -2.50303  6.70599  -0.409561  -671.873  -13.8853  19.4592  -5.17785  3.62505  7.85782  2.99376  3.56705  -0.0571788  -1.13104  -7.20677  -3.89122  -2.17171  18.1991  46.3731  -49.1274  -26.4433  -9.62598  150.767  10.0359  0.23543  9.20704  -4.00988  0.534027  2.37817  -15.4076  3.06138  -15.2043  1.72214  -7.15721  -3.00337  -2.51605  1.9942  110.223  -2.9576  
1.10722  -16.2876  -144.684  -5.57753  -12.8168  4.27272  0.780423  114.961  -7.95727  10.8218  -11.9605  1.5552  -0.122478  1.45376  9.92122  0.1173  -0.0739932  -3.11079  6.14188  -3.50447  -1.59784  104.433  -34.3859  -11.4992  19.6318  154.347  5.53655  0.393049  24.59  -13.6423  -0.460239  0.249104  -5.45386  4.2903  -12.3415  0.185367  -5.9176  0.888203  0.259221  1.50288  82.2765  -3.28367  
0.588191  -4.09925  -210.888  -16.0108  -15.4526  -10.7898  -0.239362  935.776  -1.58444  -3.24668  -10.1532  -0.592409  -8.84739  0.640616  7.59759  -0.609578  0.431793  3.82767  2.57916  -5.85681  -16.5575  162.619  35.1573  14.5112  23.6016  140.578  -0.909757  1.99741  18.3311  -15.3963  -0.507122  -3.30924  4.02552  -5.07259  -7.63817  0.503607  -9.85469  4.62038  4.09022  0.788633  -2.10423  -3.8744  
0.289147  17.2295  -185.386  -2.12593  0.858101  -18.8205  -0.534169  752.885  -2.03815  -9.40399  -3.32125  -0.44551  -5.32868  0.657438  -1.00378  -1.87009  0.230044  7.5877  -9.42524  -7.38699  -25.5584  110.592  85.4109  44.7061  12.1403  132.639  -7.02742  3.52235  1.40376  -8.62579  -0.594993  -4.04673  3.49639  -13.5875  -3.96885  0.35378  -8.8792  4.95626  5.45343  0.5391  -105.281  -2.35821  
0.264622  26.3634  34.753  21.3506  23.4123  -4.40975  1.42988  -372.793  -4.0322  -6.02735  0.618244  1.01281  6.66706  0.498225  -5.30612  -2.35995  -0.856851  4.60753  -13.3758  -6.30694  -30.9885  -59.9676  90.1985  52.217  8.05314  138.843  -9.91266  3.21649  -12.199  0.873448  -1.69732  0.239684  -2.75231  -7.17303  -1.90783  -2.23566  3.13716  1.47936  3.91142  0.851465  -176.698  0.789599  
0.0673469  11.6637  320.47  17.4521  28.9919  18.9765  3.69961  -1254.24  0.116819  -2.44233  -1.16916  0.911167  12.537  -0.400663  -0.752829  -2.53507  -2.41058  -3.19659  -4.67049  -3.65947  -35.0852  -220.37  73.8881  29.6732  13.2203  131.927  -8.82483  0.54717  -14.9713  6.75832  -3.48747  5.00484  -4.22813  9.60868  -0.298496  -4.75633  18.338  -3.02356  1.74158  1.1373  -172.077  3.2339  
-0.283004  -15.451  440.005  -9.00729  8.97787  21.8126  3.81338  -1025.77  6.39864  -4.01871  -3.66606  -1.33984  5.81928  -1.51078  7.29013  -4.16805  -3.07778  -10.6548  5.9536  -0.985847  -30.9172  -234.946  57.6639  6.57227  12.0238  67.0885  -6.29002  -2.26812  -7.64119  5.9707  -3.93095  3.65723  -0.422463  19.4851  1.36025  -3.29472  22.0258  -4.60924  1.41711  0.990633  -84.0445  4.82858  
-0.151813  -27.1687  318.256  -17.96  -8.89532  -5.16564  2.35777  -12.2835  4.50376  -5.65537  -1.79595  -2.81196  -4.3213  -1.72925  9.56803  -6.24291  -1.68355  -13.3208  7.67905  1.10211  -13.0972  -109.292  39.8851  10.6119  -0.136099  -71.9315  -2.06732  -2.24001  6.67707  -1.46843  -1.34068  -3.17035  0.243036  13.4421  3.21545  1.69436  11.7768  -0.959152  3.07188  0.646527  21.9373  6.41165  
0.638832  -12.6477  101.262  3.9923  9.36473  -35.931  1.55366  635.923  -5.50406  -1.25836  3.36196  -1.08188  -7.34355  -0.543128  4.0138  -5.55872  0.904434  -12.0957  4.71019  2.74777  11.4084  25.0725  5.31683  32.8421  -7.07214  -208.217  3.60696  1.58884  20.9952  -9.26051  2.28098  -8.84698  -6.04577  0.143602  4.17278  6.3863  -1.57822  5.54968  4.41188  0.51762  64.7675  7.27118  
1.32212  8.8375  -19.9231  21.839  50.0356  -39.5116  1.886  356.923  -11.3056  6.27115  6.73173  2.63807  -3.60419  1.32375  -3.87855  -1.63099  2.24577  -10.3297  3.3008  3.59967  24.0798  59.7724  -61.9497  39.4103  3.33503  -203.484  7.88567  5.86056  24.3632  -10.9752  2.68162  -8.39448  -12.8084  -5.59835  3.97696  6.90418  -8.65817  8.89694  3.60256  0.655942  37.1251  6.40023  
1.11094  13.3033  -6.41347  8.68935  58.262  -14.6854  1.62677  -290.574  -6.26442  9.06642  7.08497  4.64179  -0.043458  2.65916  -7.80059  1.181  1.17203  -8.10097  5.1298  2.85884  12.9076  -4.06777  -100.968  15.3482  17.6716  -17.8761  6.00283  6.47663  16.17  -5.54156  -0.467076  -3.35178  -11.5859  -0.583221  3.9767  4.06335  -10.9624  5.07468  2.0529  0.730174  10.3275  3.83382  
0.269134  1.22617  39.0887  -12.7102  0.718457  11.9951  -0.170468  -448.863  2.18324  4.70201  8.68704  3.58676  0.20757  3.15801  -7.86938  -0.932812  -0.599746  -4.50846  5.52501  1.02999  -8.2807  -74.4897  -50.9945  -19.2046  15.4698  179.356  2.02507  2.91446  6.04545  -0.0105102  -2.33602  1.50033  -1.2255  6.4682  4.61379  0.830291  -12.2531  -2.65941  2.28508  0.45859  27.4759  0.778178  
-0.261855  -6.31074  31.1956  -8.04652  -78.5469  17.5864  -2.00234  -66.226  3.07941  -1.55084  11.8094  1.17352  -0.800799  3.45031  -7.47935  -3.98019  -0.864199  0.193828  2.83026  -0.45167  -13.1407  -74.036  82.4461  -35.6031  -5.30832  168.61  4.97097  -1.15588  4.74588  0.0341892  0.558223  3.1443  10.0533  5.28163  2.90784  -0.53204  -12.3322  -6.69819  3.80359  0.016646  43.0373  -2.12766  
-0.148702  -2.4873  -4.42097  11.5029  -104.479  6.04403  -1.80599  200.571  -2.20096  -4.31695  11.6408  -1.07719  -1.309  3.93477  -7.9756  -1.9663  0.0990999  3.3966  1.27577  -0.815749  4.12122  -2.09802  173.329  -30.6625  -24.3074  -51.4309  13.8567  -1.5472  9.13392  -3.13157  4.22777  3.09523  11.8305  -5.11856  -2.52736  -0.975913  -9.08776  -3.98468  3.41557  -0.212428  -4.54038  -4.93996  
0.108184  -2.57045  -0.657236  10.7187  -60.6202  -3.76108  0.519627  2.96485  -4.1399  -3.55359  5.72625  -2.63922  -1.33583  3.93813  -7.58632  5.16923  0.421175  5.5303  1.89876  -1.11808  25.1111  94.4076  76.8118  -25.8564  -24.9286  -222.893  13.467  1.54842  7.56978  -4.81191  2.64636  3.67163  1.02484  -14.9469  -9.22148  -2.39469  -1.57588  0.464523  -0.5086  -0.0867096  -78.1378  -6.72771  
0.14639  -16.7939  61.4146  -11.6877  -5.09854  -1.08621  2.94668  -358.006  0.392689  -2.38976  -2.2568  -2.98981  -1.28131  2.56922  -4.13632  9.36228  -0.0352194  10.3052  2.11337  -2.93738  26.7179  156.819  -152.533  -41.9379  -13.548  -118.461  -2.74517  4.34857  -5.9381  -4.23822  -2.79551  4.92474  -12.7094  -17.4317  -10.6328  -4.21982  6.91343  0.781117  -4.85842  0.131887  -83.6904  -6.32059  
0.21376  -29.9584  108.615  -21.4572  1.99001  8.11798  3.4578  -396.254  4.41757  -2.39501  -5.26107  -1.6645  0.231015  0.154901  1.41263  5.31844  0.398357  18.564  -1.13921  -5.95056  7.22328  144.84  -272.021  -72.4116  -6.59307  176.263  -20.3104  3.41869  -17.3123  -2.355  -3.67651  4.63658  -11.2729  -18.7507  -4.09659  -4.40676  11.1795  -2.43915  -5.67701  0.156754  -3.63654  -5.17215  
0.470975  -21.7745  68.1868  -2.8405  -27.4564  11.1391  1.43096  -143.829  2.02308  -2.51531  -3.05429  -0.44867  2.78277  -1.58242  5.46027  -2.83621  1.85293  23.587  -4.45191  -7.66506  -17.1845  64.6324  -148.522  -86.4271  -5.01737  360.595  -19.6639  -0.521363  -14.5739  0.41046  3.23103  1.32623  12.01  -27.1443  5.37665  -2.37355  6.9831  -3.76412  -2.67433  0.0528234  64.2478  -4.79165  
0.536061  4.44556  -44.4736  25.7934  -45.3311  3.55758  -2.1746  4.96687  -3.559  -1.48706  -2.5541  -1.4624  3.48988  -1.33538  5.95357  -5.98757  2.07712  16.2499  -5.45841  -5.78507  -30.9938  -25.4825  59.6784  -63.6843  2.80077  265.074  -5.07525  -4.07468  -1.57152  3.69685  10.0135  -2.59986  38.045  -33.9928  9.80559  -0.56894  -4.70527  -1.03549  0.651328  0.120902  47.8163  -3.01908  
0.216515  21.769  -114.058  42.8301  -23.5514  -7.11559  -5.27522  -154.474  -5.56249  0.477961  -8.72072  -2.84968  1.90179  0.472973  4.3294  -2.0161  0.106383  -1.72286  -4.68519  -1.07096  -28.5145  -57.3195  112.713  -18.415  17.3776  39.9013  0.686723  -4.30668  7.08182  5.8757  7.4712  -3.09137  37.9963  -21.6162  5.65661  -1.12485  -15.5711  2.37274  2.01927  0.479434  -7.7813  3.4968  
0.111323  15.1533  -63.3089  43.4671  10.9953  -9.11498  -5.59561  -367.896  -3.51722  1.78803  -17.2216  2.1487  -0.357427  1.80257  2.249  2.83017  -1.45692  -17.3925  -3.44744  2.63963  -12.2398  -15.8043  18.1292  15.4692  21.4313  -71.3799  -10.0054  -1.98146  3.17668  6.69542  -2.00486  0.538917  7.72418  6.10227  -2.99033  -2.69407  -14.7077  2.81751  2.16981  0.943367  -5.81065  12.7539  
0.812386  -4.12798  51.4835  34.8236  23.3654  0.359244  -2.42149  -305.571  -1.42687  1.50266  -19.76  17.3651  -1.63269  1.28562  1.02227  2.29416  0.00174897  -17.7417  -2.90788  2.92742  8.88277  25.0615  -15.1479  20.8993  5.25738  -2.27747  -17.8489  -0.149394  -5.2565  7.73147  -7.43767  4.21135  -23.5893  23.373  -7.2594  -2.9667  -3.5517  1.55681  2.26505  1.27797  41.9334  16.6645  
1.74229  -14.3297  93.3017  21.0634  15.425  10.9542  2.20014  -139.705  -0.731742  0.191141  -11.7766  36.5699  -0.787504  -0.712168  0.756759  -2.17896  2.77801  -3.51036  -2.54923  1.85457  18.2328  -3.64269  59.8182  12.2413  -15.643  85.2065  -4.32291  -0.784468  -5.75397  8.68028  -3.12434  4.00548  -25.8734  17.0133  -2.75492  -2.43952  6.67406  2.11018  1.72676  1.36323  42.5479  10.1912  
1.70722  -8.78589  0.887335  8.81731  9.60324  9.4288  4.82334  -218.006  0.0170708  -0.400374  2.06701  47.1708  0.569458  -2.78766  2.048  -4.60651  2.89715  11.4378  -0.39563  3.07026  10.6234  -73.5408  81.59  10.2493  -19.6365  52.3569  20.634  -2.52184  0.566646  4.51235  4.68174  0.731536  -4.24842  7.38381  6.79352  -2.24082  10.3093  4.7827  0.256999  1.16733  -34.9222  -1.07173  
0.540887  2.99552  -134.17  0.535714  21.4128  -5.09744  3.78431  -589.56  0.878877  0.532832  14.0678  40.2583  1.12418  -3.91841  3.14257  -2.58794  -0.25194  13.9116  3.84394  6.47921  -6.57235  -98.135  -44.4453  17.1664  -8.18462  -69.6319  31.4355  -2.49469  2.79651  -5.5247  6.62165  -1.61295  10.2696  16.6078  12.1841  -1.3733  11.0498  5.87214  -0.1995  0.767773  -105.841  -6.83756  
-0.539222  10.7735  -170.526  -11.687  39.1277  -17.7789  0.898293  -807.435  -1.93225  1.69283  18.4807  16.4745  0.400232  -4.00001  1.87928  0.495083  -2.95102  3.06323  8.87005  8.11158  -19.122  -41.8116  -142.519  22.9065  -0.233778  -136.476  21.2148  -0.0906687  -4.14502  -12.9154  1.74035  -1.35686  0.745098  31.793  7.35594  2.58684  13.5372  2.96584  2.36927  0.406391  -85.9132  -4.50994  
-0.493313  12.767  -61.5951  -30.6302  46.972  -14.4104  -0.558765  -509.356  -7.78225  1.14136  16.8597  -15.6938  -0.18588  -3.11577  -1.72079  1.23676  -2.23281  -10.4376  9.038  5.71627  -22.3027  32.1615  -62.4762  22.4763  -3.79616  -83.3811  6.50682  2.08332  -12.1399  -7.96141  -3.43863  -1.78294  -18.7122  21.8045  -3.92669  7.43438  12.3254  -1.45643  5.56459  0.306594  -6.14912  -1.53147  
0.320768  8.94572  105.448  -37.6298  35.9322  2.88797  0.596784  65.3637  -9.48835  -1.29365  12.5938  -43.2738  1.09684  -1.09681  -2.73781  0.521538  0.49641  -16.3664  1.93767  1.80849  -25.8083  54.1988  66.593  19.0723  -5.15946  26.446  1.57237  1.57178  -10.2133  5.03402  -4.23532  -5.40446  -24.0395  -11.2432  -13.0283  8.25782  1.83097  -2.78797  5.17558  0.42896  42.1232  -4.73668  
0.806793  0.597108  215.401  -15.7534  8.17399  15.2907  2.51145  376.07  -0.3604  -3.60902  8.03274  -54.0929  4.15073  1.67625  2.71914  0.674109  1.90933  -11.8424  -5.48292  0.404643  -30.5809  23.3053  14.8323  13.9534  7.32328  64.0635  2.09814  -0.72902  -1.92303  11.2506  -2.48329  -9.69938  -10.284  -32.7572  -11.55  3.69981  -12.3632  0.17734  1.49394  0.49274  35.5553  -11.8008  
0.530749  -9.92644  220.25  16.3612  -30.2374  9.51804  2.58899  269.153  15.1403  -3.60156  1.88716  -44.9002  5.166  3.7105  9.29862  2.1589  1.03894  -2.84402  -3.86807  1.04552  -24.4503  1.65595  -221.046  1.61986  24.6213  6.68665  -1.55344  -1.70479  0.709409  4.10614  -1.53401  -9.34559  7.01884  -22.2592  -1.06182  -1.7182  -16.0274  3.4862  -0.5504  0.325216  23.3436  -15.4508  
0.0414878  -18.4159  162.29  16.8154  -57.6295  -6.84325  0.730715  151.235  25.0141  -1.25235  -5.13573  -25.4466  2.1054  3.43135  6.5557  2.15134  -0.270463  3.1866  7.61761  -0.620586  0.491208  6.23842  -388.768  -17.2485  29.9392  -52.9565  -8.54854  -0.307602  -4.08051  -6.56779  -1.39727  -2.77741  13.6281  0.887556  9.11985  -2.21064  -3.55337  2.96032  0.815207  0.0999241  25.5142  -12.0795  
0.00666909  -20.6711  102.378  -13.7962  -54.7425  -12.7887  -0.716745  441.263  19.6502  1.50394  -9.38031  -9.03039  -2.71256  0.982632  -7.75927  -0.687674  -0.110843  4.34895  14.2469  -5.70195  28.1255  7.49674  -319.602  -31.6693  19.554  -8.11843  -9.85039  1.40235  -7.25152  -7.48471  -0.351982  5.22818  9.17378  9.7434  12.0149  1.98502  13.7989  -1.16414  -0.310583  0.0652307  9.86308  -4.53222  
0.44798  -14.9898  73.0446  -30.2369  -19.6597  -1.6234  -0.0494674  867.279  2.59849  2.6384  -9.36375  1.69952  -3.88636  -1.65762  -20.9276  -4.13632  1.44938  4.63512  5.97392  -9.81945  32.4641  -5.3074  -122.941  -31.5368  2.41322  98.0816  -3.99155  1.53097  2.95282  1.30317  2.10431  8.59649  2.11408  6.31063  8.30716  5.57316  17.4167  -4.94923  -9.02522  0.192617  -47.9361  2.10133  
0.86082  -2.72291  53.5623  -5.00679  19.7419  12.1156  1.52393  873.143  -13.0535  1.70691  -6.47476  13.2917  0.203947  -2.51294  -18.9402  -4.42843  2.90334  6.42909  -12.4727  -8.03724  10.689  -3.95688  19.0635  -22.7348  -13.8462  100.336  2.11997  0.783069  18.6805  7.00251  3.67298  6.65212  -2.03911  9.35191  5.00991  4.12335  3.53153  -5.50972  -19.2275  0.22937  -93.0587  5.2417  
0.794754  9.1871  13.5364  29.0324  29.6371  11.4403  1.48242  289.842  -16.1958  -0.179094  -5.04712  26.0942  4.09495  -1.39358  -3.07791  -0.901534  2.85581  6.17006  -23.5138  -1.85947  -14.7723  14.8377  76.8278  -22.1775  -26.1311  -84.112  4.09654  0.930376  22.2332  2.41256  2.52728  3.7899  -1.91865  18.8478  4.87552  -1.35405  -14.2342  -3.15965  -18.8997  0.0727672  -67.1139  4.92032  
0.256086  12.189  -38.3018  31.1638  9.4443  -1.23774  -0.555204  -346.317  -6.97557  -1.70014  -5.27816  28.6703  2.05715  0.0590251  10.5854  3.2865  1.07276  -1.18318  -18.323  2.81333  -22.1783  13.7516  118.365  -37.7876  -27.4442  -298.354  3.29714  2.09354  4.86418  -5.02828  -1.04802  3.28499  1.59278  17.8392  4.49163  -6.31503  -18.0263  -0.297863  -5.46006  -0.0559304  6.60617  3.06203  
-0.304797  5.35677  -63.4224  3.23392  -10.1943  -9.63976  -2.05428  -462.814  3.62532  -2.08495  -3.59686  12.8515  -4.48186  0.372035  10.2215  4.151  -1.20689  -13.1189  -3.08448  2.86171  -15.0052  -28.9399  173.417  -50.7262  -13.4549  -304.938  1.90216  2.88611  -15.1588  -4.88112  -4.56929  3.68625  5.84501  3.16136  -0.321885  -7.03961  -7.64383  1.30749  9.37019  0.0656679  49.7524  2.148  
-0.418415  -4.00112  -27.7441  -19.9111  -9.2993  -8.08145  -0.865998  -78.1043  7.09174  -1.21393  1.26493  -11.4205  -7.79088  -0.509646  0.500693  2.44129  -2.2564  -18.5496  9.34243  0.911825  -14.8363  -55.0777  217.649  -36.5701  9.08023  -69.6987  -0.508007  2.56611  -14.7818  2.98331  -5.44562  1.68369  7.44775  -8.63819  -8.25134  -3.39229  1.21196  1.0428  13.2876  0.35561  31.2862  3.91056  
-0.0738762  -8.00065  41.6961  -21.5339  -3.56337  -6.6232  1.60397  249.063  6.72357  0.662246  6.65609  -25.0516  -4.28132  -1.51581  -5.23438  1.18979  -1.49822  -10.2062  9.93446  0.801994  -31.9412  4.22669  239.69  4.86968  26.0244  191.313  -5.08082  1.6729  11.6464  7.92006  -2.48006  -2.37404  5.39972  -6.68713  -14.9725  0.77973  -3.20327  -0.723781  7.13572  0.514088  0.589623  6.60557  
0.351442  -5.15227  82.2001  -13.8204  -17.2009  -11.6323  2.21097  142.751  10.8429  2.76175  8.45567  -21.3144  2.09137  -1.58691  -1.72765  2.09893  0.00287971  3.50143  2.43519  2.75524  -50.9309  113.534  173.368  38.8709  31.1891  268.677  -8.94095  0.420388  40.3465  3.42056  2.1946  -4.12497  0.485557  -0.482643  -18.4681  2.58142  -12.2641  -2.21134  0.959313  0.454672  11.4461  6.48281  
0.515054  1.60695  60.9803  -5.37019  -42.9055  -16.0116  0.275923  -253.162  19.1052  3.63375  5.78882  -10.6795  5.8289  -0.927497  4.58793  2.87345  0.755814  7.4003  -2.95777  3.89137  -47.3676  179.228  -18.2045  40.3313  28.7292  185.318  -7.95223  -1.30124  42.1636  -5.17077  4.24106  -1.26596  -5.60401  -2.83926  -17.9432  1.4907  -8.14006  -1.51492  0.530493  0.393071  47.8083  2.42985  
0.433008  10.0153  -2.09015  6.55182  -51.9153  -11.4324  -1.68055  -446.039  19.0014  2.34436  1.06675  -5.52115  6.01332  -0.640181  5.3814  0.492759  0.457119  -2.39459  3.22355  2.00472  -17.7314  157.359  -277.821  25.9047  21.0553  94.077  -3.56447  -2.82767  12.6878  -7.96763  1.0554  3.69796  -11.1358  -9.18019  -9.93528  -0.745552  6.87708  1.38906  2.85007  0.508995  52.9393  -2.20713  
0.311853  19.0296  -65.9515  18.9718  -34.6995  -2.55462  -1.58482  -211.757  3.60766  0.160426  -3.47633  -7.38747  5.41676  -1.28988  2.01105  -3.76661  -0.0174917  -11.5218  16.0115  -2.49159  12.2142  93.424  -428.437  34.0591  5.00587  90.0846  -0.484921  -2.87921  -19.6769  -3.55673  -4.58831  5.03975  -15.3672  -6.15385  7.1316  -3.84665  12.8356  3.75886  3.56784  0.647378  15.5212  -2.71203  
0.304921  24.0091  -101.572  21.1827  -7.46012  1.67181  -0.263182  190.294  -17.4524  -0.702411  -5.49938  -10.6104  5.32074  -2.22821  1.62752  -5.21968  0.11236  -5.79655  19.5947  -7.17649  12.655  54.2389  -322.062  69.4203  -14.1738  141.788  -1.13573  -1.17127  -28.426  0.0421167  -6.70693  1.18256  -16.3428  4.76506  25.2034  -6.79977  -0.257015  2.90472  2.63103  0.610333  -25.1473  0.894754  
0.442967  20.4699  -105.214  13.7471  17.2543  1.02849  0.612379  292.639  -25.2171  0.543645  -3.37367  -10.8001  6.56978  -2.1629  6.70043  -2.3785  0.667597  9.70706  5.47343  -8.74607  -19.7165  32.9643  -40.6537  94.4274  -20.776  187.962  -3.73904  0.648145  -11.8212  -1.87597  -3.18518  -4.43457  -13.0269  5.46649  28.57  -7.67431  -16.3172  -0.346544  2.00749  0.503139  -30.9409  3.38591  
0.633617  9.8937  -97.5819  9.28278  48.6689  2.32799  1.05738  -41.5771  -13.823  1.85706  0.863908  -6.74864  9.30948  -0.770378  9.50742  1.86435  0.913859  16.2431  -12.9666  -5.35157  -53.1514  -6.02233  157.423  83.2171  -8.18347  165.587  -4.51694  0.981641  4.07551  -4.70274  1.42706  -7.27852  -6.91749  -10.3825  11.5726  -4.25978  -15.191  -2.09731  2.29827  0.553701  -19.5646  1.631  
0.653214  1.49927  -94.5549  11.375  84.076  7.1555  1.71591  -498.506  3.06316  0.805726  3.02805  1.05804  9.95424  0.91292  3.21265  3.03465  0.527753  5.71949  -13.8143  0.942271  -56.1759  -63.1462  150.262  61.6289  5.65675  3.50592  -2.39548  0.00261998  -1.7904  -3.54226  1.70698  -6.74069  -0.822995  -24.2272  -11.6515  1.06703  -1.0032  0.187072  3.05466  0.645642  -29.2382  -2.50029  
0.418689  1.14678  -99.2614  7.65034  96.3657  10.718  1.92462  -687.941  9.85764  -2.15482  0.078899  8.7625  1.32294  1.62038  -9.31591  0.846909  0.00340209  -9.2395  5.68503  5.03671  -27.2043  -108.193  55.4881  63.6928  -0.973601  -265.18  1.11195  -0.667573  -19.9865  -1.4981  -1.34846  -4.79042  4.39908  -16.046  -20.1326  3.81638  5.049  4.19575  4.35774  0.504055  -61.9305  -4.27654  
0.226748  3.99995  -100.864  -4.75241  58.5906  9.95425  0.863308  -539.798  6.17663  -3.84439  -4.27492  9.91351  -16.1732  1.21457  -16.6413  -1.78098  0.0524612  -11.2839  24.5389  3.80543  7.34022  -143.515  50.0422  71.1837  -19.1783  -470.276  1.22443  -0.445513  -26.3559  -3.2284  -2.40532  -2.88658  8.04922  7.58658  -8.79859  2.73845  -2.04912  5.65892  5.19622  0.267469  -75.8814  -2.11022  
0.491774  1.07883  -85.9736  -14.5204  -13.3243  6.11653  0.315507  -203.594  4.78779  -2.1308  -3.3508  3.19128  -28.4498  0.483559  -12.8586  -2.44624  0.741601  -0.468208  23.1955  0.294155  21.852  -182.751  130.832  31.3903  -18.7262  -434.439  -3.53748  -0.261636  -11.3065  -4.62969  -0.200316  -0.0684369  7.83695  18.1905  6.8114  1.21986  -6.16663  2.48825  3.26865  0.433154  -42.4598  1.71033  
1.07603  -5.97427  -54.1063  -7.98139  -65.2748  0.193373  3.08199  149.857  12.1726  1.36996  2.65314  -4.22044  -22.092  0.0600786  -3.06667  -0.948329  1.31041  7.06881  7.02992  -0.27538  12.0726  -231.259  135.81  -62.169  9.60761  -196.064  -10.3212  -1.01572  13.5377  1.24859  0.810792  4.14469  1.28935  2.73171  9.83906  2.22823  3.49427  -2.83065  -1.62402  1.00462  12.6642  4.45724  
1.27325  -8.90125  -18.414  4.34215  -68.2793  -7.48691  8.22116  467.547  19.2585  3.21939  6.79158  -4.28932  -2.78906  -0.21513  4.74822  1.33166  1.03209  1.4325  -4.70085  3.09243  -8.9448  -242.47  36.3296  -137.456  37.0028  13.5107  -10.3882  -2.22102  29.1552  11.9372  -1.77773  7.52783  -7.80695  -18.3348  1.51405  3.03903  13.9936  -6.24924  -5.88635  1.25011  48.743  5.44833  
0.691799  -1.70136  10.6203  2.36078  -39.3264  -12.0347  10.3951  631.116  14.9059  1.79067  4.24594  1.80548  9.6625  -0.767275  8.40864  3.12869  0.169028  -10.8113  -3.37434  6.019  -25.4316  -190.411  -46.271  -124.191  32.7565  47.1638  2.15027  -2.45006  29.0764  15.5427  -3.04345  6.91291  -11.1783  -17.2251  -3.26267  0.0978681  9.96211  -5.97842  -5.56422  0.651646  52.5889  4.60549  
-0.0845693  8.90353  26.3026  -11.8591  -9.71387  -7.67036  5.99128  486.837  -0.299178  -1.05852  -1.76102  5.97929  6.1388  -1.20757  9.14362  2.85782  -0.22235  -15.1506  0.564675  5.1013  -25.6905  -77.2928  -6.85004  -36.6019  5.7705  -11.4546  21.5131  -0.756392  16.749  6.96003  1.35946  2.44771  -4.5665  4.81217  4.18752  -4.8412  -3.20147  -3.64157  -1.56303  -0.226632  44.9188  2.71132  
-0.182869  9.64174  23.7109  -17.8038  7.77592  1.85459  -1.68475  138.636  -13.3159  -2.21427  -4.3199  3.97702  -2.26997  -0.410158  6.7415  0.857415  0.391713  -7.49256  -3.90261  1.94314  -2.10654  52.2354  60.0621  44.0663  -9.82206  -11.6192  33.6578  2.18035  -1.65388  -2.17578  6.77369  -2.49982  4.22429  20.7672  13.5291  -6.24203  -9.42675  -1.98331  1.16538  -0.402284  34.4722  1.08079  
0.360916  -1.13364  -7.09915  -4.07017  17.0959  5.13199  -5.91089  -42.6046  -16.3728  -0.743642  -1.84322  -0.0375621  -2.28189  1.70741  0.771119  -0.802225  1.17346  3.81234  -13.5422  0.753732  36.386  128.196  7.72543  62.9795  -0.830319  63.2409  28.7174  4.71223  -16.2906  0.185617  4.25887  -4.97613  3.7717  11.3058  9.87801  -2.35264  -3.99301  -2.45162  -0.0531825  0.201983  10.137  1.60447  
0.60343  -11.7513  -78.2232  13.9162  17.15  -2.69216  -4.25933  100.48  -15.0705  1.56565  2.06589  -1.05373  3.02121  3.2861  -4.91106  -0.245423  0.679729  8.42702  -18.6806  2.182  62.1829  100.099  -126.987  41.5538  10.3507  113.058  12.4766  5.15763  -17.0582  8.92513  -5.55935  -5.8113  -4.91285  -10.1088  -7.36252  2.99774  2.10816  -4.01846  -3.2297  0.72516  -22.6816  3.10948  
-0.0279235  -10.4619  -163.85  13.6606  5.98685  -11.6691  -0.470796  225.513  -17.2538  2.24458  4.39689  0.0188929  2.99976  2.18114  -4.2157  1.73221  -1.41699  4.3017  -14.8905  3.09204  55.4561  4.78889  -125.321  33.7008  1.61012  77.4431  -0.948667  3.08549  -8.98225  9.23723  -11.3188  -7.16998  -7.5425  -17.7951  -21.6884  5.30052  0.858662  -3.96959  -4.54342  0.604778  -31.9466  1.93956  
-0.931855  0.800152  -220.431  -0.502171  -16.0807  -9.04642  1.0895  28.8086  -19.8673  0.939935  5.43284  -0.520482  -2.65223  -1.01437  0.0166277  1.81959  -3.64034  -2.48256  -5.64612  1.16484  21.793  -41.5582  81.0114  58.687  -15.1626  3.05081  -5.84666  -0.27325  -9.35893  -1.65936  -5.30729  -8.30309  2.26512  -5.28848  -21.8531  5.42273  -4.18135  -0.903014  -2.41587  0.233302  -1.19257  -3.74365  
-1.06187  9.61813  -206.985  -4.50621  -32.69  2.54502  0.0365228  -341.237  -13.3769  -0.53634  5.90863  -2.73874  -4.66038  -3.01895  -0.747344  -0.885692  -3.91827  -5.42789  4.64643  -1.66534  -13.002  43.4067  272.47  89.9431  -16.1435  -46.7241  -6.93486  -2.92665  -23.3368  -9.82874  4.98956  -6.09148  13.2129  10.5094  -14.1582  5.75356  -5.30538  3.4648  1.38268  0.222066  35.9594  -10.3087  
-0.211812  9.88304  -147.045  8.66997  -34.2409  9.27269  -1.21222  -475.407  2.15753  -0.310591  6.38333  -2.89724  0.0602479  -1.86195  -9.15587  -3.40907  -1.64894  -2.40466  15.7332  -1.83949  -34.5649  174.628  201.777  94.6673  -0.961161  -54.018  -9.08741  -3.57545  -32.9978  -5.11815  6.26331  -0.122126  10.9283  13.5359  -12.4896  6.33069  -1.87844  5.65636  4.05938  0.494247  29.919  -12.3334  
0.793658  6.60451  -121.657  19.9508  -24.8554  3.96022  -1.33359  -253.084  13.9191  1.3181  8.64508  -0.196777  4.61597  0.438702  -15.3338  -2.61813  1.51599  2.9812  23.9916  1.67119  -45.0248  169.434  -49.9829  68.8918  6.88182  -38.7088  -9.52796  -2.50408  -16.0654  3.99157  -3.3836  6.22651  -0.701889  5.39669  -18.1027  4.92509  0.638196  4.04004  3.96496  0.552896  -15.7118  -8.80285  
1.09628  5.78926  -165.899  10.8381  -14.9587  -5.42219  -0.805642  77.8687  12.3615  2.54245  12.9554  2.18428  4.04557  0.441578  -9.38401  1.05318  3.11694  5.0643  24.0302  5.08339  -46.4746  -32.8247  -144.315  28.471  -4.88676  -24.0623  -6.14658  -0.930855  19.5743  3.80666  -11.4946  8.54345  -3.63677  -1.56059  -17.4435  1.89789  -0.0546068  0.421013  1.74263  0.293263  -48.8752  -3.3576  
0.651137  5.43307  -195.429  -7.37132  -9.80166  -6.06854  -0.331782  255.939  4.0697  2.27136  14.8503  1.49451  1.44597  -1.98469  4.84358  3.64347  2.22958  1.33777  16.3281  4.08396  -34.7277  -275.556  51.12  -7.39854  -18.3935  -10.894  -3.66845  0.409946  37.6121  -4.36252  -8.05938  6.42016  5.27039  0.415723  -3.62958  -0.530534  -3.45782  -2.13134  -0.400525  0.0639149  -37.7397  0.772933  
0.0860073  1.46939  -81.4512  -10.1036  -6.27296  2.64748  -0.335375  267.978  1.9269  1.31428  7.33343  -0.509761  0.948309  -3.27205  13.0688  2.64126  0.248761  -3.56845  8.69221  -1.1311  -15.0794  -347.421  302.644  -25.6082  -11.8163  15.6955  -5.33966  1.34241  22.6455  -8.16819  1.85278  2.45445  9.79381  7.3704  11.4746  -1.01153  -8.93721  -2.59842  -0.791066  0.108184  -6.34425  3.40968  
-0.0628827  -3.80789  176.308  -4.19462  -0.712787  11.315  -1.09704  190.149  8.79263  1.12391  -8.03346  -0.465185  0.79737  -1.22947  9.20587  0.0336165  -0.740605  -2.50687  5.60611  -6.16988  -4.18683  -199.652  297.653  -22.8113  11.4962  72.7454  -7.54167  1.66849  -4.65633  -3.27882  5.22091  -0.277051  -3.05917  9.22781  13.8523  -1.55367  -12.1683  -2.12952  0.361791  0.283486  4.12085  6.28312  
0.2114  -2.41739  358.64  -11.9568  10.209  13.577  -2.11467  88.9857  14.4225  1.5035  -19.9488  1.80818  -1.81681  1.63439  1.74381  -0.883391  0.0126933  4.17903  2.57881  -6.98966  -11.1383  14.575  69.0705  -5.31165  30.8548  128.708  -6.51895  0.856888  -14.7997  0.976796  -1.30276  -0.265905  -21.3285  3.62511  5.72508  -3.50227  -10.9143  -1.36258  1.20063  0.343734  -5.46134  8.97071  
0.629053  6.80991  253.882  -34.9285  17.555  13.0363  -1.65406  42.1077  10.1921  0.855797  -18.7717  2.98554  -3.94159  1.42183  1.66438  1.31363  1.59162  7.74356  -5.73358  -3.92644  -16.8844  121.73  -122.24  8.86518  33.4491  113.145  -5.62532  -0.572912  -3.93444  -3.67684  -6.97507  2.16118  -22.6564  -1.90456  2.93841  -5.64682  -5.57964  0.150666  0.848215  0.300476  -3.14051  9.54637  
0.913792  12.2763  -75.6683  -35.3545  11.9936  13.7691  1.37211  74.299  -0.863503  -1.52195  -8.199  1.16057  -2.06999  -2.04266  8.03884  3.74631  2.5959  1.37876  -13.1122  -0.297168  2.69279  101.069  -109.683  7.3121  25.5554  -13.8177  -9.9686  -0.873084  7.09583  -11.2954  -2.34924  4.19578  -4.05117  0.760591  9.65539  -5.45263  2.16549  2.10512  0.27539  0.28544  20.6554  7.12341  
0.894258  2.52847  -323.573  4.52425  -3.74114  11.5199  5.35797  111.062  -9.85449  -3.74701  -0.902193  -1.59543  2.08529  -4.69964  10.3333  3.3123  2.24601  -8.53244  -10.7196  1.67834  38.6266  56.999  7.08103  -1.83816  17.6278  -181.888  -12.6434  0.936194  5.73175  -11.5331  7.55779  2.29095  16.6866  9.10637  14.5536  -3.28939  9.54371  2.37616  0.540818  0.318582  41.1009  2.77332  
0.486451  -17.044  -261.459  45.5108  -12.015  0.025038  7.13457  42.8741  -12.0996  -3.31444  -1.46297  -1.77911  3.84322  -3.52625  2.56006  -0.31375  0.624586  -8.27911  -2.0385  1.99118  53.0131  63.3251  69.4247  0.0435448  11.2236  -258.983  -3.19376  3.40282  -0.660877  -3.40153  9.84729  -3.07396  21.8352  13.5793  6.3719  -1.32036  11.3685  -0.448003  0.672478  0.299442  38.5199  -1.99877  
-0.135839  -27.7208  14.6907  32.4917  1.28768  -17.8271  5.81467  -39.7376  -10.816  -0.255592  -3.64584  1.08966  2.10373  0.219191  -9.07921  -3.64331  -1.33388  4.14888  -0.271523  1.86454  27.2187  89.3817  34.8977  18.5523  3.47676  -191.906  14.0468  3.65405  -0.381705  2.99747  0.98376  -7.08481  13.7904  10.3263  -8.26527  -1.39448  3.36082  -4.50069  -1.33035  0.18153  11.1225  -6.6604  
-0.514838  -17.9169  222.128  -26.9408  27.5225  -29.3523  3.55031  15.2386  -8.72449  2.41879  -1.38369  3.60331  0.414238  3.00342  -14.0215  -3.09711  -2.24923  14.0583  -7.34073  2.19714  -11.7036  61.881  -60.8101  36.4175  -3.38245  -44.9293  21.5259  1.03125  6.40452  0.879445  -8.22076  -5.74734  3.92069  5.46822  -13.2568  -2.86922  -10.9891  -6.04184  -5.3085  0.0604919  -25.7563  -10.2283  
-0.314159  3.63703  226.807  -62.9163  38.9984  -25.3539  2.19373  106.143  -5.8901  2.42554  2.84581  2.23324  1.14428  3.08033  -8.35141  1.17787  -1.36851  7.61109  -9.00572  3.04929  -21.8533  -23.6362  -168.027  34.8244  -5.79325  73.4414  11.2272  -2.27326  10.9567  -4.9846  -7.04789  -1.02919  -3.14156  4.46008  -4.55913  -4.4559  -20.1474  -3.27518  -8.25035  0.0520799  -56.3429  -11.3925  
0.261707  15.8195  142.94  -29.8956  24.2829  -11.5531  1.03284  23.8645  -1.03076  0.890685  2.74904  -1.74525  1.83391  1.56275  1.48145  4.72373  0.464319  -8.51274  3.90434  3.24688  5.18804  -85.6298  -204.344  16.0043  -6.8929  106.736  -4.17406  -3.59039  9.00457  -5.51475  2.08684  1.13255  -11.0022  4.329  6.71145  -4.7755  -14.76  1.5597  -6.85652  0.181551  -55.372  -9.55311  
0.626978  8.01618  117.724  31.4138  -3.13809  -0.933808  -1.41633  -245.949  2.4187  0.533082  -0.851628  -3.52911  -0.406442  0.0920488  7.83703  3.71016  1.50422  -14.2774  16.1951  1.65512  37.1644  -65.7447  -99.2254  2.25262  -13.0312  77.9017  -8.71262  -2.71449  1.65462  1.34845  7.73259  -0.329846  -19.3915  1.44076  9.9428  -2.89  -1.30984  4.1863  -1.29895  0.352514  -12.8904  -5.53076  
0.526688  -9.42026  151.224  47.7071  -16.6373  0.399295  -4.54514  -416.783  1.16439  1.63247  -1.81631  -0.78597  -4.18044  -0.785792  8.12375  -1.07444  1.13935  -2.42473  10.2915  -1.26435  44.053  -6.19815  127.753  7.28943  -22.9231  28.7131  -4.17326  -1.40948  -6.89283  8.95809  4.15876  -1.1718  -19.2282  -0.806657  5.27513  1.70777  5.98567  2.64083  4.33538  0.468763  45.1098  -1.73212  
0.326947  -18.1213  152.636  4.59978  -9.24964  -2.79658  -6.22563  -339.99  -3.74672  1.87589  2.47565  2.95192  -4.97461  -1.35869  4.91748  -5.08378  0.606943  11.8168  -8.4614  -3.70031  28.9875  6.70722  290.26  24.317  -25.0102  6.37601  -2.1623  -0.963203  -10.0028  11.6198  -2.92385  1.0635  -3.79623  3.22619  -0.1554  6.76884  2.54737  -1.20287  5.94624  0.517575  50.6421  0.406503  
0.475168  -12.2247  92.738  -35.8039  6.9246  -3.64769  -5.80683  -210.24  -5.42967  0.20863  6.21952  2.39389  -0.635877  -1.3985  1.43332  -5.04471  1.14333  10.7303  -15.1409  -3.68303  17.4996  -46.0399  264.129  34.2423  -12.3276  63.7722  -6.22297  -1.21227  -2.92549  11.2791  -4.84103  3.33926  19.2392  9.2651  -4.08709  8.90822  -2.03  -3.90626  3.36354  0.572453  -20.0104  1.91741  
0.876399  -2.86477  26.9612  -22.842  16.6435  0.621078  -4.65282  -144.669  0.371491  -1.21271  4.15484  -0.746675  4.73587  -0.65882  -1.17406  -2.03069  2.15901  -4.18883  -1.45206  -1.74319  22.4586  -93.6141  132.84  31.224  5.61083  177.737  -9.45239  -1.19227  7.36612  13.4717  -1.01998  1.70044  32.3184  5.8148  -8.07541  6.48605  3.6279  -3.56769  1.11946  0.69362  -105.334  4.95512  
1.02026  -2.72137  1.38637  17.9899  15.0392  9.30335  -3.6741  -46.2049  9.56786  0.0876556  -2.54316  0.398773  5.58833  0.291494  -2.41557  1.217  2.00116  -15.4806  13.7972  0.469175  31.7833  -80.1585  86.9856  23.5401  11.2456  200.919  -7.48284  -0.877264  9.91376  16.1194  2.17889  -2.61614  24.318  -6.3149  -11.8881  1.96468  14.4986  -1.00492  2.36776  0.826089  -120.148  9.50422  
0.641968  -11.758  8.625  23.6387  8.2765  18.4645  -2.19454  253.058  14.2366  2.63793  -6.80316  6.42993  1.2458  0.549034  -2.18746  2.92126  0.295645  -12.1392  12.0198  1.78831  24.6983  -47.7879  175.816  19.5153  2.44709  17.3106  -4.44589  -1.10094  1.17055  10.2844  0.94684  -5.20025  1.99072  -12.2863  -12.4437  0.0235772  20.0169  1.07195  5.14423  0.819872  -60.6929  11.8033  
-0.00382376  -16.967  23.4279  -14.8518  10.866  21.0695  0.221268  586.309  10.998  2.72306  -5.25934  7.78801  -1.99304  0.017875  -0.923881  2.98144  -1.53252  -0.499159  -0.69347  2.23489  0.565616  -62.5378  211.029  19.9673  -3.60961  -276.806  -3.12007  -2.55049  -7.9447  -7.89092  -1.6139  -4.24271  -15.746  -2.94372  -8.6139  2.39861  14.6954  0.680583  4.73545  0.566234  -5.81582  8.7062  
-0.458233  -11.2248  31.5825  -45.8976  21.6979  11.7193  2.27911  681.479  2.50955  -0.411295  -1.23743  -1.14861  0.402584  -0.34064  0.378648  1.7445  -2.05261  6.54592  -3.91147  2.22001  -20.3406  -109.496  84.5064  22.9061  9.76029  -407.655  -1.20471  -4.46208  -4.5953  -28.1146  -1.35203  -1.68301  -17.504  11.8162  -5.23237  4.86151  2.79918  -1.8587  0.314403  0.174231  -0.854032  2.54032  
-0.482443  1.52922  37.9671  -27.926  23.0097  -4.84295  2.63763  545.863  -4.65457  -3.34308  -0.469436  -8.47016  5.35428  -0.0310516  0.325377  0.377438  -1.33945  3.79031  5.87424  2.29952  -20.6193  -113.975  -113.137  27.945  34.4089  -258.048  0.768882  -4.86698  10.1258  -35.9483  0.464363  0.409748  -7.67693  14.8557  -5.07045  1.915  -7.06934  -4.00403  -3.41389  -0.0745396  -8.74103  -2.69637  
-0.122089  9.32513  47.4502  11.6048  -4.7342  -14.1564  1.9237  446.791  -6.85853  -2.86214  -4.6158  3.09806  4.63951  0.249546  -1.07379  -0.0611727  -0.436018  -4.0188  12.9038  3.40671  -1.01313  -31.8044  -190.393  32.9444  42.7951  -32.8646  -1.78843  -2.24666  19.5117  -27.921  -0.792309  2.3228  0.597451  5.74572  -5.85872  -5.71205  -9.1875  -3.34123  -2.54783  0.0629953  23.159  -6.16067  
0.342263  6.04151  66.7514  20.9359  -54.5913  -7.24026  1.64174  448.815  -4.58966  -0.163954  -9.80542  27.5553  -2.86399  -0.319892  -3.17286  0.96997  -0.10103  -8.24304  6.63187  5.92602  14.5278  82.1871  -94.2961  29.8363  21.9559  3.30736  -10.1623  2.61729  9.16798  -13.8801  -5.58527  4.22796  0.288045  0.972776  -3.12922  -11.3117  -5.32818  0.00977853  0.8875  0.503434  74.1501  -10.4388  
0.494378  -1.41565  93.5089  -2.79508  -83.0457  5.79043  1.54221  326.289  -1.78992  1.33202  -9.76348  32.7328  -9.25457  -1.25152  -4.06405  2.45816  -0.409458  -4.59474  -4.57373  7.46183  4.29416  154.901  57.2796  13.9587  -9.32417  -105.315  -14.5473  7.29284  -13.1064  -5.58734  -8.18614  5.10996  -2.81483  12.3908  1.75501  -9.0566  -4.31361  2.85678  1.34466  0.809731  89.3547  -14.973  
0.176684  -3.54111  103.309  -20.3201  -54.6086  6.13047  0.171149  -69.7459  -2.10375  0.55763  -3.20336  -0.2644  -6.93548  -1.2704  -2.17568  2.924  -0.918557  4.84694  -6.53682  5.70269  -29.4807  159.672  118.514  -5.90393  -20.8678  -95.0794  -8.18336  9.26823  -26.4465  -3.73285  -4.34549  4.03966  -1.26255  27.7847  1.86355  -1.3663  -12.8457  2.19456  -2.63637  0.65331  59.7343  -15.0391  
-0.173468  1.68067  74.1654  -12.5552  13.353  -9.80858  -2.05855  -478.932  -5.44702  -0.302323  4.88352  -44.0951  0.823465  -0.254265  1.4625  1.90884  -0.795754  12.4929  -0.540074  1.43365  -53.2308  107.684  80.5974  -13.8995  -9.02885  98.3223  2.04886  7.91513  -18.1663  -1.55906  2.8655  0.865967  4.87908  26.7816  -2.53404  3.99831  -22.4869  -1.18875  -7.73421  0.238236  33.7865  -8.54673  
0.101643  8.34485  18.7321  -9.18103  59.3664  -23.9736  -2.58143  -572.015  -7.53805  0.630842  8.66613  -50.8365  4.62756  0.374945  3.9475  0.585689  0.667761  13.0464  1.82722  -1.15116  -32.6469  7.4516  25.089  -7.18787  2.45871  224.237  2.89095  3.73572  2.27113  5.36202  7.08644  -2.4768  9.36981  5.75144  -1.96691  3.74863  -14.98  -3.38995  -10.3202  0.0687666  36.4025  -0.505395  
1.02724  10.3475  -8.72783  -32.3008  47.6868  -18.2516  -0.680511  -322.493  -6.57324  2.49875  8.66134  -13.1308  2.84368  -0.437372  3.70538  0.321826  3.10071  10.5226  -4.05792  0.647846  26.6609  -107.597  18.9888  0.113658  -6.50321  86.7559  -6.00386  -1.44458  11.8856  14.2757  7.6787  -3.91346  9.91369  -15.7857  9.34482  2.2562  11.2133  -2.08522  -10.2535  0.307469  59.0627  2.89619  
1.74798  7.38981  24.5705  -51.5757  4.24218  2.92727  0.505467  -75.7761  -4.5227  3.19085  9.53998  21.3699  3.34813  -1.80115  3.22544  2.19638  4.81767  15.0336  -9.34826  4.64303  74.9522  -155.783  54.0039  -4.98759  -25.7924  -133.44  -10.7024  -4.86858  1.06703  19.4951  9.94576  -1.59928  11.4957  -16.7149  21.4329  5.25224  33.4334  0.840596  -9.07402  0.53355  102.39  3.16248  
1.47656  3.76413  95.6267  -27.7274  -20.2346  19.5635  -2.0161  -67.664  -5.52913  2.31165  14.6858  10.115  11.1534  -2.06847  4.64207  5.80241  4.38819  29.1289  -4.67957  6.61849  73.4012  -93.3116  81.6095  -18.3994  -31.4803  -141.069  -0.584985  -4.59255  -21.2007  18.47  16.3511  3.80754  17.9029  2.93603  19.571  12.2726  28.8121  1.8993  -7.1485  0.304536  167.437  5.81478  
0.495118  2.08671  140.681  21.5948  -15.2714  20.1492  -5.84817  -183.99  -8.02121  1.09443  18.3067  -27.6644  19.4069  -1.05799  6.85086  8.18546  2.22426  38.6373  5.4408  4.94186  32.1991  19.1974  80.6086  -23.0206  -18.2731  43.2005  13.6631  -2.03864  -32.6388  12.4513  20.413  7.94351  22.7308  22.2384  5.58386  16.3493  4.83269  0.385201  -4.16925  -0.163369  204.695  10.1334  
-0.19089  1.60368  113.144  36.3965  -7.19646  10.4166  -5.39604  -184.601  -6.48243  0.834175  12.8103  -34.9869  15.3072  -0.00978954  5.85527  5.87985  0.0258092  26.3238  8.86046  1.98296  -1.21609  60.5813  47.171  -5.85187  -1.64596  115.583  13.4063  -0.571384  -23.4239  4.42054  13.8038  5.602  16.6177  23.0943  -3.60231  11.8522  -9.48738  -1.39153  -0.532809  -0.230387  132.059  8.38379  
-0.200054  1.28538  21.2121  -0.888574  -13.0111  -0.995347  0.579172  7.09403  0.649258  1.48798  -2.1317  4.74759  -2.26099  0.235561  0.901206  -0.609346  -1.36517  -7.49702  2.33062  -0.412329  -6.96788  1.62901  -1.59984  28.9359  7.79824  -54.6546  -4.63493  -1.33273  4.56082  -3.39166  -3.27035  -2.90828  -1.06857  5.57181  -0.634455  -0.141195  -2.24791  -1.79869  2.98995  0.270227  -51.2219  -1.7548  
