-0.501723  -5.98353  2.41933  18.1202  0.479624  -1.65919  0.548882  -83.386  10.308  6.47445  0.297572  -2.91811  0.658605  0.587635  -1.50469  1.92877  -0.34772  -0.1973  -7.85278  1.90014  27.9674  -0.697912  11.8561  -0.540849  1.0826  2.97148  -2.35389  -2.13373  -6.71735  -1.00223  -1.44835  -29.7587  -0.340953  2.6456  26.1162  6.61682  -6.25849  -2.50486  0.175209  -216.34  1.56434  -4.13475  
0.198191  18.5938  -7.67718  98.4652  -4.07514  -3.63637  -0.148535  -138.719  -31.6997  -16.0224  -4.23863  -10.1006  -1.40337  4.26866  11.3704  -19.2088  13.2821  -6.00666  3.44966  10.0277  -45.0339  7.72191  -16.7065  0.160753  4.70321  5.5598  -2.63749  11.4581  13.8256  -5.11597  2.93398  25.5503  3.88435  -12.1348  -120.558  10.8029  5.33058  0.413326  4.24325  3591.41  36.7512  15.3913  
0.430038  30.2684  -11.1452  123.978  -10.4743  2.93898  -0.283416  -134.878  -47.3456  -10.8737  -4.13183  -4.88112  -0.103356  3.58509  14.0112  -18.504  11.032  -8.18463  7.0856  13.2315  -46.7762  6.7785  -25.6078  0.383726  12.2115  4.64672  0.775897  18.4628  25.0394  -4.64613  5.7183  35.8899  7.32906  -13.0082  -150.71  3.48557  -4.12241  2.03595  6.11809  4352.09  12.7715  21.2173  
0.127597  28.9995  -9.13009  95.3313  -17.4135  12.5482  -0.292198  -52.451  -35.6063  12.4145  2.19941  9.15421  3.51152  -2.91795  6.23219  -0.817041  -2.75387  -6.2243  5.12977  11.4571  -3.09657  -1.31952  -32.2791  0.0793805  15.1695  2.84011  4.99329  19.0687  25.2754  -2.34997  6.22773  19.5712  10.52  -5.87317  -89.7627  -11.6796  -23.5483  1.18087  4.41165  2357.21  -44.0671  13.9881  
-0.371825  23.1154  -7.27968  70.1645  -22.1054  13.8095  -0.697157  74.7989  -16.3209  22.8853  9.70727  17.1834  5.72147  -11.1082  -3.91534  8.86616  -10.9763  -3.13091  4.97692  8.98078  4.95711  -6.10338  -57.3852  -0.394973  0.771858  4.71043  4.40014  18.1806  19.9644  -4.16454  4.56569  23.2901  11.0924  -4.50677  -45.1599  -22.7802  -24.9522  -0.294491  0.504616  401.053  -53.4589  5.80904  
-0.66801  15.3008  -9.17405  80.5507  -20.1644  5.66269  -1.14083  120.852  -6.03387  9.69503  10.4701  12.3142  4.39531  -15.0451  -9.01549  -4.77107  -5.76389  -2.65865  9.5603  6.74781  -48.8422  -2.52675  -72.0986  -0.64163  -22.014  8.12444  -2.39107  18.1733  16.646  -8.46526  1.58481  55.0115  4.14428  -9.17308  -55.4545  -23.0545  -4.09182  0.827993  -1.9843  233.579  14.6465  4.76159  
-0.671504  2.23909  -12.7113  101.6  -11.8025  0.0467434  -0.650106  26.167  -4.07326  -7.55004  2.71327  2.36693  1.30598  -12.6965  -7.64742  -27.9818  3.56099  -4.99986  11.2442  2.18544  -105.909  3.62204  -44.7684  -0.613397  -22.8074  6.71985  -7.5185  15.3748  13.6795  -7.26606  -1.26086  74.8416  -6.60732  -8.70922  -61.4115  -16.9718  14.7037  3.88957  -0.775728  1044.74  97.8713  6.382  
-0.583677  -13.2775  -13.1921  77.4804  -0.841391  4.66375  0.656  -112.304  -1.34  -8.56431  -6.66507  -2.03908  -0.657353  -9.1428  -2.61944  -34.1773  6.19327  -6.563  2.03641  -6.50704  -108.526  4.29083  9.04673  -0.543455  10.399  -0.856662  -3.16162  7.30705  4.18156  1.8062  -1.99339  56.2317  -6.79611  -1.68052  -23.1919  -10.4146  10.8914  4.19835  0.915838  1189.85  114.491  3.30387  
-0.603603  -18.3351  -9.15306  7.17751  4.79291  11.5891  1.32752  -134.059  3.62073  2.04616  -7.69419  0.25797  -0.85978  -8.00315  2.9336  -13.6992  3.12107  -3.48644  -13.6937  -13.6034  -61.9371  -0.906198  27.9551  -0.609879  47.749  -8.67086  7.39794  -3.00359  -9.971  10.2351  -0.273254  17.9587  7.86113  0.167248  20.1986  -4.50016  -6.20355  -0.910373  -1.17982  339.785  63.7291  -4.68806  
-0.661779  -4.90899  -3.75757  -65.5644  0.529219  11.3353  0.503606  -5.44017  6.20069  6.93471  -0.418128  2.61397  -0.735469  -6.11063  5.60941  12.1332  1.79634  3.25716  -20.4366  -12.358  -7.60636  -5.48045  -9.62964  -0.690041  50.3402  -11.0929  12.0246  -9.93801  -16.3781  8.27846  1.81804  -2.14345  17.6435  -7.52532  19.3261  2.3321  -11.7206  -4.45142  -5.91372  -616.021  -3.87982  -9.84662  
-0.483365  14.9712  -1.66934  -75.3209  -8.16281  6.66845  -0.489593  140.695  5.99475  0.323618  4.91178  1.0132  -0.333192  0.550205  3.15056  17.5616  4.20636  7.93644  -10.0865  -3.7303  37.4734  -4.09221  -55.8558  -0.490422  15.8585  -9.02102  4.85965  -11.4909  -7.4289  -2.27437  1.92591  7.95332  0.689783  -11.4511  -5.17518  9.78121  0.165061  0.531041  -7.40491  -945.584  -48.1634  -8.1897  
-0.00144469  19.0119  -3.65748  -24.7911  -9.90158  7.2299  0.119984  186.001  5.58388  -6.37154  0.612808  -2.04533  1.74415  7.60457  -1.76797  7.34439  5.20219  6.04798  4.34051  3.69215  80.1525  1.65569  -48.1017  0.0254419  -16.4204  -7.08434  -4.42513  -9.16663  6.51419  -9.63306  -0.338699  30.0701  -31.8503  -0.80692  -2.21142  15.6607  11.3698  8.42429  -4.93894  -713.852  -70.3141  -4.04892  
0.464679  2.30088  -6.20949  29.2849  0.197978  10.429  1.96805  119.288  2.47164  -2.4892  -7.41874  -2.79901  4.90119  6.52371  -3.25341  11.8394  1.26271  -0.389734  1.25413  3.64178  108.977  5.67361  16.922  0.503743  -15.9319  -6.80192  -3.8868  -4.0232  8.6633  -5.46073  -2.69681  39.3932  -43.2954  13.9909  29.6142  18.5546  7.49431  5.79381  -5.51968  -251.277  -69.1191  -3.65518  
0.488493  -14.6107  -5.71693  26.0293  11.7332  3.30819  2.69925  -0.711849  -7.46204  7.22774  -8.19287  -1.31514  5.14015  -3.37182  0.876686  40.0686  -5.89476  -4.79304  -16.1986  -1.10907  93.1004  4.31419  85.4887  0.523137  6.24557  -6.19804  4.27348  2.73351  -1.3661  5.52064  -3.13896  25.0928  -17.6257  14.3236  47.1582  17.112  -5.10171  -8.33743  -12.4273  273.595  -31.389  -6.7729  
0.0648973  -11.3747  -3.85542  -24.6294  13.0922  -15.9665  1.04236  -119.15  -16.0176  10.3448  -0.75491  -0.556162  0.999133  -11.3006  5.04913  55.7831  -14.8086  -2.97298  -24.6225  -3.11913  32.4235  -0.439395  102.109  0.0929155  17.2678  -2.93577  6.79032  9.76429  -10.8265  12.4222  -1.82716  6.67272  17.2596  0.63988  27.1326  10.9468  -8.88843  -17.7769  -16.2368  671.739  38.537  -7.95985  
-0.388101  5.12661  -5.18923  -55.1115  3.60265  -29.1547  -1.64584  -180.152  -9.00666  1.3201  4.95403  -1.18957  -1.55813  -9.53514  3.28346  22.885  -25.1261  2.72653  -9.30876  -0.0295346  -21.7644  -3.67189  56.066  -0.370378  9.42559  2.19551  -2.41382  13.5072  -11.9415  9.16957  -0.741892  2.42069  25.6931  -6.68929  -7.38789  0.907564  0.084888  -10.0228  -5.82534  640.304  93.2605  -3.4472  
-0.547688  10.0868  -10.3925  -8.97832  -5.98971  -20.2769  -3.16516  -147.207  9.73474  -10.019  2.08223  -1.34699  5.23772  -1.74973  -1.91136  -33.1356  -32.4653  6.58544  11.5133  5.21168  -16.1873  -2.89458  -13.2969  -0.549609  1.98683  5.90249  -12.6164  11.9415  -10.6902  -0.800841  -1.0406  9.99998  8.67717  3.66872  -24.3734  -11.0857  6.65996  4.1569  12.5717  162.427  83.8784  4.15682  
-0.545361  -4.21106  -13.4407  59.7289  -8.58508  2.22242  -2.83149  -81.2246  17.7599  -12.6939  -2.75687  0.563445  15.4761  2.68482  -2.22144  -46.6591  -28.7162  5.4351  11.4588  8.44265  34.8065  0.00547028  -56.8814  -0.561726  5.44616  5.303  -11.4753  6.26914  -13.2291  -8.5889  -2.32163  4.48726  -4.90199  18.1462  -19.9821  -21.8067  0.673196  4.62421  19.892  -162.377  28.5974  9.11425  
-0.656221  -17.1964  -6.95837  64.0733  -6.4571  14.283  -1.16542  -74.5703  2.69011  -5.28852  0.246387  3.47608  11.8834  1.38854  5.3385  1.3298  -11.0674  0.697073  -10.9969  8.6917  57.5692  1.04321  -47.2486  -0.683357  8.43884  1.08084  0.0679752  0.442853  -14.3777  -8.09314  -2.88648  -24.1529  -0.80828  16.6875  -5.99331  -26.4887  -11.6789  -7.68342  9.7105  263.207  -6.73264  7.85595  
-0.85955  -8.24035  6.34947  18.0066  -4.17416  8.09041  1.19807  -113.552  -18.1971  4.72055  7.4427  4.40248  -11.3161  -0.225897  13.1366  52.825  9.29661  -2.73937  -25.5515  5.58856  9.3618  -0.308207  -13.191  -0.92748  0.603196  -2.95917  9.76196  -1.3796  -6.50115  0.828238  -1.55988  -50.1405  6.27943  0.369489  6.03286  -21.4123  -16.3977  -9.95036  -2.66601  1051.64  9.10763  2.54579  
-0.900689  12.2516  15.9337  40.5313  -1.11043  -1.35495  3.15928  -56.5329  -22.9768  11.0191  6.14594  2.51579  -33.3972  2.21131  11.8663  46.3911  18.0698  -1.36621  -9.68983  -0.0117085  -66.6764  -1.33135  -0.370901  -1.0406  -9.54088  -3.63344  9.59865  2.37854  6.7451  12.1099  0.785421  -41.5794  2.07306  -12.0929  15.6558  -9.30593  -11.9147  10.7981  -2.05197  1027.89  30.0103  -1.89464  
-0.733317  17.6072  15.0283  181.171  3.47355  0.318778  2.90037  137.306  -12.6893  11.2031  -6.41108  -0.410775  -29.1495  6.95514  1.26722  -4.62868  13.8611  3.85264  21.3266  -6.04465  -88.5666  -0.00908845  -21.5353  -0.902209  -12.9028  -2.01734  2.67322  9.25724  14.5228  15.9589  2.20011  2.88704  -6.3433  -8.96514  22.1391  1.19798  -8.72927  38.735  5.40503  -220.176  0.510553  -2.77303  
-0.602657  -0.243504  8.89624  298.588  7.24751  8.9186  -0.254885  263.509  -4.72117  5.42552  -16.6476  -2.24972  -3.34995  9.37552  -9.23241  -36.9204  6.93045  7.43893  37.3014  -10.305  -35.0652  2.55551  -41.2798  -0.690154  -17.443  -1.15061  -3.41486  11.6968  11.485  6.98943  1.94726  51.2  -6.22824  0.966549  26.0515  4.07446  -11.4714  50.6156  3.81047  -1466.86  -64.3122  -1.28272  
-0.667041  -17.7509  6.04204  193.866  6.68838  9.93487  -3.92281  132.275  -0.981672  -0.561151  -10.9112  -2.65483  13.6742  5.65369  -10.2855  -27.4358  5.11881  5.16213  27.2833  -12.3744  32.0197  4.25309  -26.5135  -0.623042  -28.6551  -1.22908  -5.6782  6.93801  1.23851  -8.91891  1.61403  60.9  -1.31633  3.0352  28.1248  2.84824  -10.6365  45.0428  -7.17802  -1303.81  -86.4815  0.11772  
-0.702256  -11.6898  7.31072  -87.3144  3.86901  0.974531  -4.48388  -123.318  11.261  2.775  3.98071  -2.26314  7.05489  -4.23271  -2.626  -10.6142  7.1162  -0.181887  5.19425  -13.333  50.8873  3.04123  15.9932  -0.622098  -30.6144  -0.141672  -4.38514  1.81203  -8.50017  -18.0541  3.34613  25.1748  -2.24449  -3.48327  24.2344  4.04499  0.39584  35.263  -11.6039  -147.698  -30.8875  0.218113  
-0.446199  10.1537  6.85554  -288.044  2.46357  -6.25639  -1.34121  -188.396  31.3303  16.599  10.099  -1.41196  -2.83164  -15.8564  4.58201  -18.4014  11.6431  -2.03416  -9.15209  -11.9612  31.9601  -0.879337  46.4838  -0.465477  -6.89057  2.30161  -1.43378  4.6588  -8.45828  -11.7845  6.04431  -24.7385  -7.68121  -7.53971  11.7563  7.4298  11.7211  24.0392  -1.45478  130.778  46.5994  -0.718725  
-0.0785965  19.423  1.18628  -232.675  2.3969  -2.77876  2.06789  9.83488  38.6996  19.9016  1.52919  -0.129753  7.84787  -21.0562  2.65908  -35.3933  22.6503  1.07296  -10.4947  -6.36264  17.8323  -4.56489  45.5171  -0.194936  22.1282  3.00494  1.57789  11.7907  2.60199  3.4241  6.26752  -49.2744  -6.65572  -3.36758  -5.52494  6.05891  8.35979  1.09856  10.7632  -1061.09  64.7872  -2.41542  
-0.0622454  3.99135  -5.61577  -29.7278  -0.351522  5.08717  2.56315  158.123  21.3839  -9.53352  -8.0652  0.492136  29.5889  -15.1819  -6.2412  -30.2671  38.377  3.49238  -4.34028  1.85449  11.2628  -5.39295  31.088  -0.133483  21.9285  0.272686  1.69776  8.42262  16.0845  12.9817  2.03144  -44.5899  1.77309  2.57708  -17.7288  -3.24911  -6.80511  -31.7876  9.72474  -1921.35  20.9772  -4.17647  
-0.551577  -17.6616  -9.51654  83.239  -6.67872  5.37015  0.844045  13.3983  -4.6293  -56.229  -4.2627  -0.315066  31.5045  -3.09027  -10.7606  -8.05305  44.4844  0.762623  0.882897  7.05245  -15.7201  -2.6707  19.8259  -0.483963  -10.6829  -2.90168  -1.76359  -10.4361  15.5385  9.27542  -4.28857  -36.4344  6.77293  2.067  -17.5125  -12.8536  -14.5947  -55.6641  -1.9934  -708.165  -14.7856  -4.28577  
-1.08407  -19.6619  -11.5988  32.0381  -11.085  -2.49515  0.0119169  -241.598  -16.1197  -69.5188  8.72361  -1.54202  5.05973  5.60312  -3.36718  6.40944  27.7937  -3.01263  -0.0250283  6.98296  -52.9001  -0.390801  11.1691  -0.959264  -27.2471  -3.24464  -4.72898  -29.5464  -3.76366  -1.14257  -8.55251  -44.9299  3.36141  -3.04356  -7.86178  -13.3975  -3.74148  -58.4874  -8.76571  1662.65  -5.98678  -1.32571  
-1.12583  0.391336  -13.9829  -54.3825  -7.77919  -6.47524  1.25118  -258.154  -13.0866  -24.3409  15.1126  -0.713079  -24.3965  8.5083  8.98689  1.8142  -3.90071  -0.879338  -10.1843  5.70715  -47.1447  -1.49794  -8.23567  -1.09655  5.06634  -1.90434  -3.77561  -28.2249  -22.8562  -7.02494  -8.94961  -50.7366  -0.851877  -3.76707  4.6027  -4.67463  15.266  -48.5714  -4.34003  2581.04  9.37616  3.38144  
-0.699963  19.1229  -13.8978  -81.4353  2.27564  0.56259  2.59313  -8.45853  -10.7606  38.3979  9.57078  2.12407  -30.622  11.5875  12.1678  -7.87702  -30.5288  5.97629  -19.7822  7.81677  19.0405  -3.73457  -26.4806  -0.798517  53.1588  -2.53512  -0.837758  -6.43558  -19.8322  -4.9111  -6.87709  -30.2836  0.959424  2.17963  14.4447  4.73353  24.1537  -38.4139  1.79684  1179.06  -6.80436  7.38044  
-0.312423  16.1768  -8.6157  -79.0681  9.80521  8.45942  1.83211  166.451  -15.1889  57.9094  0.358997  4.43604  -15.8098  18.5806  1.94062  -6.29721  -41.1062  8.83581  -20.2701  9.81993  85.5385  -0.977543  -26.6991  -0.423238  59.2759  -5.29838  0.133443  14.5802  2.55836  -0.5211  -4.33183  7.85397  4.5111  7.48379  16.4769  8.99496  20.0482  -24.4577  -0.860438  -656.887  -32.2205  9.03453  
-0.285912  -4.40435  -1.09095  -81.0312  5.08891  3.97566  -0.609363  70.2492  -15.6544  28.5648  -1.01241  3.50212  -0.312637  22.786  -9.91625  7.258  -42.6474  3.07845  -11.3518  6.49492  78.5749  6.30681  -10.2057  -0.299859  13.3307  -6.71464  -1.01085  16.8866  19.3519  1.40236  -1.84548  42.9158  3.39996  4.6698  10.7807  11.5831  12.6992  -1.04605  -8.99424  -889.357  -20.6452  7.73419  
-0.399747  -22.508  1.47435  -33.5145  -10.4919  -10.434  -2.34322  -104.108  -5.19067  1.40909  5.06964  0.514978  2.82608  15.0182  -10.4837  23.6505  -43.5373  -5.63294  -3.11706  -1.58957  9.36429  9.44265  -4.66825  -0.333611  -37.2508  -4.4135  -1.33256  2.54307  12.3551  2.43849  0.784098  66.1599  -0.278713  -4.07301  3.46687  18.0303  8.41914  19.9211  -10.0199  65.9654  14.2949  3.19905  
-0.286678  -24.2966  -1.71411  83.3594  -22.4509  -15.0784  -1.94417  -70.258  7.78327  8.53731  10.1911  -1.26581  -2.8406  -2.87914  -2.15182  33.8484  -40.0619  -8.9116  -0.145723  -6.63712  -46.8557  3.24041  -23.1086  -0.230435  -54.1618  -0.547281  -0.24868  -12.2583  -7.50711  5.3787  3.17367  80.2622  -0.437344  -10.3769  8.51612  24.8868  1.77172  18.5803  0.39384  245.445  21.8154  -3.48143  
0.0489616  -12.7409  -3.69271  164.017  -17.4723  0.762809  -0.132795  109.135  10.4542  23.4827  10.8257  -0.155986  -7.46903  -17.2487  3.35165  33.1148  -24.0279  -5.78464  5.18979  -5.4304  -43.8508  -6.57285  -46.2972  0.0493344  -43.5854  1.49035  -0.940606  -15.1502  -14.9633  7.29335  4.26564  70.8019  1.96723  -8.57137  26.0384  21.8855  -12.5205  -3.04776  12.1902  -1114.97  -7.92064  -8.10392  
0.28669  1.50675  1.98703  90.0097  -0.102148  20.6657  1.53446  136.097  1.14093  12.19  8.59957  0.946806  -3.56468  -15.641  1.24999  21.0629  3.18641  -1.10521  15.9656  -3.54449  -16.0509  -8.96534  -48.677  0.250812  -25.6609  1.48422  -5.01384  -5.82074  -3.93638  2.63321  3.85662  14.7018  0.480087  -1.24851  33.7388  5.92557  -26.5921  -19.4608  12.7572  -2608.66  -30.3275  -6.47133  
0.20885  12.1759  11.255  -82.596  10.9589  20.4308  2.48708  -66.8213  -10.4847  -7.74874  5.74093  -0.869765  8.93075  -0.877566  -1.39454  5.21123  29.727  1.55311  23.0663  -8.02682  -12.8236  -2.50682  -26.2009  0.153637  0.864964  1.63978  -8.44173  6.45119  8.32056  -7.96976  2.47482  -61.1433  -5.64085  5.28801  14.2186  -12.0853  -27.4988  -13.4746  2.66815  -2501.71  -16.8669  -0.245713  
-0.106706  15.3883  14.1198  -168.778  6.85735  0.0450886  3.00137  -241.922  -13.4204  0.243467  1.21084  -4.38451  22.2876  12.8618  1.83745  -4.81449  41.1488  2.68758  16.8434  -15.4841  -29.3172  3.77831  -2.28471  -0.201186  39.2567  3.08835  -7.19771  11.9474  3.47435  -15.21  1.04567  -79.9935  -9.39578  7.18221  -16.5998  -18.6046  -12.8922  3.71903  -5.7834  -751.638  14.4425  3.67636  
-0.46615  8.47049  5.81642  -101.896  -2.2695  -13.0424  2.96415  -164.723  -3.67906  22.4407  -3.5273  -4.9939  25.4927  14.3788  6.74703  -9.88599  28.6145  2.93288  2.97447  -14.9758  -23.477  1.60584  6.0216  -0.602684  70.6518  4.66849  -1.50381  7.41189  -14.392  -10.5597  0.164817  -2.69919  -6.03834  4.61698  -19.4277  -13.4984  3.37005  9.34902  -3.92528  1060.62  31.5153  1.32177  
-0.767357  -3.32155  -7.35016  -3.68016  -0.894799  -1.9632  1.65587  32.707  11.6906  5.01926  -5.66336  -1.15265  16.6025  5.75558  5.38398  -13.9293  -2.56368  1.80456  -1.78717  -3.26497  20.1585  -6.5574  7.09012  -0.886055  71.4417  4.51157  4.04436  -0.998427  -21.2213  3.89497  -0.262909  103.678  0.588036  -0.044704  15.7793  -7.53064  6.77073  -2.78208  3.42821  1558.21  30.7326  -3.39006  
-0.994934  -5.38904  -13.6246  5.84785  7.76416  18.7064  -1.02408  76.0632  18.6812  -58.9895  -4.5304  3.43471  5.35648  -2.55531  -1.55169  -19.5271  -31.5684  -0.368554  4.56724  8.63936  61.4103  -11.8005  13.7678  -1.02125  48.0745  2.13367  5.51153  -4.36889  -2.86941  15.4164  -0.828915  121.398  4.92693  -3.23727  44.9196  -7.22745  -1.97934  -18.1902  6.53821  868.5  24.2651  -4.52496  
-1.14389  10.4284  -8.79182  -24.1554  7.69536  22.0429  -3.8005  -70.3445  10.3918  -103.458  -4.54501  3.40885  -0.420991  -3.85194  -6.20724  -20.3639  -35.3816  -1.87927  7.28787  8.83962  54.4464  -9.9325  23.5358  -1.07202  20.2323  -0.889698  2.28015  -0.705272  26.7517  13.9308  -2.03553  18.6596  6.27641  -2.01004  29.6659  -6.30603  -8.9832  -20.397  3.71275  116.171  8.01113  -2.49442  
-1.23542  28.6822  0.372007  9.55023  -3.70459  4.23851  -5.19894  -179.245  -5.29069  -69.6766  -8.26674  -0.885035  -3.21597  -0.454556  -4.43578  -14.3246  -12.6264  -2.68575  -4.16171  0.444196  5.74184  -4.46763  19.7854  -1.13088  -14.4226  -2.788  -3.69684  3.73907  37.296  2.44639  -3.4658  -101.088  7.80565  2.82358  -10.2815  2.37288  -5.49953  -6.61147  1.01303  8.14332  -22.9754  -2.11141  
-1.28619  24.0014  2.21279  78.5471  -11.8551  -12.4967  -5.2546  -87.3737  -11.2386  10.9425  -10.2678  -3.6014  -9.22625  1.46977  -0.704388  -8.3092  14.0693  -4.17924  -18.8064  -2.00337  -38.6949  -1.33445  1.38791  -1.20492  -65.6408  -2.71988  -7.71269  1.30855  18.5208  -7.54306  -3.90774  -113.869  10.5701  6.68406  -15.9094  13.8043  4.15699  14.2425  2.02165  244.669  -56.2721  -5.72729  
-1.25312  -4.18076  -5.64419  59.4066  -3.52102  -10.1612  -4.97542  106.134  -1.5384  58.5989  -4.87203  -1.43457  -16.0137  -0.462271  -1.05289  -6.94218  23.2665  -6.25161  -19.9684  5.837  -46.1911  -1.03629  -13.1209  -1.19128  -117.065  -1.8754  -6.10476  -6.40772  -5.36627  -8.96232  -2.47837  -20.7888  12.6487  4.91655  29.157  16.6256  10.9544  27.4342  3.41557  170.938  -74.8218  -9.06417  
-1.07337  -27.2688  -13.4246  -56.7261  14.2376  1.54868  -4.64226  192.339  10.0786  46.4352  4.55663  2.42891  -15.653  -2.39271  -5.14675  -5.38927  19.8289  -5.79515  -5.98957  12.7517  -23.9963  0.588599  -16.1672  -1.00877  -128.061  -1.74792  0.24742  -13.2336  -6.93782  -5.79911  0.225395  61.4583  12.0248  -0.621471  69.4616  6.57499  14.971  22.7026  1.00914  -357.996  -71.9864  -7.82268  
-0.768685  -21.6302  -9.27441  -126.348  21.9177  2.50532  -3.30753  104.518  7.9178  19.4978  8.36075  2.88176  -8.3794  -0.678187  -7.98587  5.23248  21.7434  -0.35503  7.54575  8.39824  5.86291  5.36324  -15.437  -0.723088  -90.6354  -2.5822  4.10881  -14.9984  8.40247  -5.616  2.67638  44.8116  8.04987  -2.54433  50.6425  -6.83124  20.2799  1.93181  -3.84184  -894.552  -53.4381  -2.26081  
-0.493773  -1.62105  6.17111  -91.9998  12.1782  -10.808  -0.491896  -26.5895  -4.91954  14.3684  3.47564  -0.456976  -3.13529  3.9904  -5.81457  20.4175  31.3661  7.33445  6.6847  -1.0439  34.7265  9.0644  -20.4773  -0.52174  -44.9855  -2.92494  -0.154246  -11.2651  10.4456  -9.86953  4.05059  -27.7456  2.76121  2.61046  -9.80276  -12.0502  24.6172  -19.5547  -6.78528  -1004.24  -25.6757  3.20926  
-0.383381  3.07214  20.7656  -50.8095  -4.37528  -22.0713  2.27825  -71.6791  -11.4766  10.625  -0.504954  -2.46984  -5.2692  6.3266  -0.180091  25.0351  30.7892  12.5151  -6.67459  -3.38689  59.3933  7.04428  -26.5111  -0.497942  -20.5025  -1.91355  -8.51975  -6.17221  -12.8703  -11.9931  4.22461  -55.4657  1.66184  8.4292  -48.1449  -7.40919  20.1272  -25.4723  -6.31507  -680.341  -1.11732  5.38102  
-0.398255  -9.07599  23.7047  -91.1495  -11.6048  -16.9563  2.93159  -38.3599  -2.67419  -21.7732  3.79855  -0.313677  -9.36738  4.1754  4.6319  13.3549  10.5185  12.9858  -17.6905  1.86786  55.8822  1.33702  -24.492  -0.547321  -0.885543  0.0820343  -10.8627  -2.28763  -34.9435  -5.40143  2.70922  -20.2832  9.03982  5.94101  -34.2022  -0.0179104  6.04692  -13.9092  -4.0583  -231.791  12.4605  5.58011  
-0.378687  -12.6111  14.4575  -120.17  -4.02724  0.596737  1.53855  -10.0688  11.9247  -63.6739  13.1945  3.41708  -7.37808  -0.23839  4.96782  2.43792  -14.2467  9.84239  -15.8225  4.50782  11.5505  -1.04158  -23.2429  -0.498888  39.0167  2.32046  -2.27626  1.49105  -27.1688  8.29355  -0.607972  6.35573  18.571  -4.09338  2.48995  4.53169  -8.47927  0.362004  -1.68922  80.3344  15.9034  6.17288  
-0.31527  4.13321  1.54437  -16.5376  8.87477  15.3254  0.439249  -18.148  16.0763  -67.5576  16.3262  4.26375  1.03473  -3.35702  2.16775  8.56699  -23.5733  4.79725  -1.84735  1.63796  -40.4065  3.19571  -33.4077  -0.394683  81.1999  3.63424  9.05516  7.5357  3.09513  19.4288  -3.86481  -19.3234  14.0421  -10.5624  19.8078  8.12157  -14.9763  2.23235  -0.0613116  189.898  19.6501  7.50041  
-0.419863  18.4921  -6.26445  148.092  12.5703  16.4061  1.18617  -34.4175  6.11511  -27.1595  11.318  1.37221  9.17897  -5.59646  0.925151  21.521  -19.2723  -1.62346  12.0576  1.75849  -45.8006  8.21641  -42.9261  -0.480658  89.7205  2.69405  11.5253  15.4915  24.2886  18.4185  -4.33329  -52.9214  -12.1574  -5.77884  9.19446  13.2002  -17.4168  -7.40997  0.290396  206.566  17.0058  7.54351  
-0.836972  10.1887  -5.5049  178.571  1.7308  5.99588  2.31023  -24.2747  -6.88984  15.3248  5.03289  -2.51077  11.8667  -10.2316  3.92718  14.7629  -15.5885  -7.63259  14.0511  8.07187  -3.55534  7.59997  -35.401  -0.874913  63.8774  -1.25309  4.02235  18.8885  20.9457  4.88093  -1.60445  -37.5221  -42.8365  3.1006  -8.24535  16.1446  -22.0501  -15.3608  -0.712855  204.241  -4.70637  4.80608  
-1.37306  -6.81457  0.8015  52.7733  -14.9656  -4.10724  1.39173  -27.7841  -9.21775  25.6556  4.36981  -4.96886  9.09271  -17.3118  8.03438  -17.3227  -12.4346  -10.697  3.88903  9.16123  26.4896  1.39302  -15.3302  -1.3514  37.5874  -5.80382  -3.86596  10.3133  8.25444  -10.8721  0.92249  -1.56679  -48.5274  4.19904  -19.652  10.4724  -25.1618  -12.047  -1.57601  163.105  -31.0939  -0.397949  
-1.69143  -4.95532  5.12382  -49.9339  -21.5503  -4.50694  -1.01673  -69.9814  2.14039  12.9365  7.44454  -5.17331  4.14292  -20.3272  7.71505  -42.8098  2.4506  -10.3391  -4.27902  -3.71128  2.39732  -2.87588  1.12932  -1.6205  26.2364  -6.70172  -3.72623  -8.41284  1.70095  -17.3005  0.212129  -7.91938  -20.9703  -2.93354  -25.1903  -0.344906  -17.4808  -0.200663  -1.03861  16.1703  -26.8442  -5.36918  
-1.79684  12.7265  1.55578  6.28067  -11.6874  2.73644  -1.42342  -78.9036  15.9609  5.25679  8.47049  -4.78984  0.371112  -13.0556  2.4244  -31.5148  25.5687  -9.35237  -0.877425  -21.3558  -39.8842  -1.89313  18.1273  -1.77249  13.7261  -2.37168  1.84666  -23.4513  -2.57775  -12.3771  -2.68067  -50.308  12.08  -8.18109  -25.8371  -3.70988  0.192817  10.307  0.0151138  -174.881  13.909  -7.16995  
-2.13115  16.148  -7.0125  108.004  4.95569  5.9745  1.39608  1.21928  18.5635  11.1765  4.64773  -5.81035  -1.48289  0.183865  -3.37624  7.73312  30.2782  -9.29954  7.27175  -26.4119  -38.3425  -0.299393  51.4568  -2.24196  -8.54732  3.20049  3.52009  -23.3468  -13.4694  -3.75213  -3.99865  -53.4172  17.4987  -5.81517  -18.0146  5.6193  11.2762  13.4624  0.0486195  -274.189  44.0533  -5.67508  
-2.84025  -6.54078  -11.292  107.182  10.7035  -3.75517  3.60133  117.065  6.57292  16.6737  -2.92448  -7.34473  -2.75214  7.49907  -6.87241  35.2536  3.95939  -7.76467  5.20203  -15.098  11.2217  -3.47566  88.7786  -3.03566  -25.7604  4.67272  -2.51683  -11.5043  -23.9681  0.804385  -2.12652  13.8376  -3.34145  -1.36806  -1.52456  15.8253  4.60015  8.78139  -0.917956  -270.035  23.2597  -4.21547  
-3.23387  -28.8962  -6.83449  17.2932  -1.9498  -18.9596  0.800769  124.762  -10.4529  10.9795  -11.1392  -3.49926  -5.53303  1.8458  -9.27814  25.8858  -24.6428  -1.9774  -6.86717  -1.27173  50.2701  -9.21377  79.7636  -3.34041  -23.1652  1.35587  -10.3985  -2.33063  -18.0974  0.687643  0.445109  85.2096  -17.8691  0.00952509  13.1711  12.0716  -10.3388  -1.3448  -0.982626  -300.19  -22.2166  -5.83724  
-2.33881  -22.9029  1.52882  -38.1262  -21.7013  -23.7333  -4.98891  16.4706  -19.1904  -2.14575  -16.8731  9.86426  -8.93148  -9.20993  -10.2134  -3.11413  -15.4172  6.00141  -12.7998  3.65919  41.1084  -10.9638  11.4266  -2.25507  -13.8984  -2.3497  -12.4457  -3.73354  1.1211  -1.36479  1.05839  81.3685  -4.3866  1.09994  17.0199  -1.69313  -13.7737  -12.8154  0.364081  -421.016  -32.1567  -8.74244  
-0.0961071  3.3413  4.76513  -16.5558  -30.8418  -12.1186  -6.80864  -66.3714  -16.3236  -11.6352  -15.514  26.1257  -10.3867  -13.0457  -5.66713  -14.5064  26.9649  10.4068  -1.00657  1.73589  8.25919  -6.14738  -55.4118  0.0761246  -15.447  -2.59381  -8.08397  -8.62698  13.9026  -3.44122  0.558804  9.92907  21.7407  5.40213  14.0661  -6.92041  0.63489  -18.5273  2.00837  -453.26  14.3425  -7.81227  
2.29171  16.5373  1.40507  5.13416  -21.7021  2.49313  -1.59079  -26.2032  -6.16809  -11.1433  -6.52191  29.3414  -8.87724  -6.76149  4.91071  1.07748  50.4677  8.532  14.8133  1.82868  -8.50929  0.712007  -46.3181  2.36246  -23.5207  -0.282869  -2.12811  -6.51866  6.69253  -3.5249  1.61726  -42.4644  31.1218  9.11362  11.4434  3.86325  16.335  -13.0677  2.42042  -255.436  67.9744  -0.850456  
3.43243  1.68971  -2.41216  -9.28772  -4.22402  4.41938  5.1624  11.6486  4.58188  -2.87936  3.32124  12.8865  -6.12816  0.229273  13.2521  18.6732  19.4755  3.36183  12.9436  6.70451  -1.86745  4.80099  22.087  3.35697  -22.0944  1.31038  1.71263  1.37566  -9.7817  0.787236  4.24456  -20.5761  18.1017  7.02473  10.9129  14.6879  16.0898  -0.186597  1.74401  21.659  71.8754  6.94428  
3.06601  -21.0908  -1.75662  -48.6063  6.96382  -4.72142  6.22409  -96.1179  12.5833  3.34257  5.3215  -8.82647  -4.37305  0.819966  10.2689  14.2745  -38.2149  -0.368254  -5.04697  11.8941  4.40332  4.94941  51.8622  2.98704  -7.70764  0.696621  3.93177  5.9524  -15.9718  8.26471  5.28318  48.6849  2.55793  2.51865  4.27769  9.19064  3.20597  8.16523  1.37872  151.973  18.2689  8.49009  
2.11576  -23.2367  1.8052  -105.791  8.46065  -9.3674  1.70124  -249.717  14.7048  -0.388501  -2.32758  -14.8209  -3.44519  -0.457623  -1.09435  -3.75757  -63.2363  -1.12379  -17.2964  13.4089  -5.50283  3.2567  -10.1307  2.1679  9.06674  -0.67106  5.99624  3.3572  -6.01961  11.2805  2.79786  94.804  -0.426674  1.92881  -7.67958  -7.59084  -3.71102  4.7175  1.30655  178.903  -50.9157  2.99043  
1.56371  0.238394  5.35947  -151.197  7.67099  -1.17635  -1.89106  -205.224  7.636  -9.32631  -10.9632  -4.0868  -1.94565  4.21703  -7.72377  -8.79098  -35.1616  0.409221  -10.9802  10.492  -26.8951  1.2029  -97.3099  1.70341  19.968  -1.24851  6.23908  0.230555  8.88252  3.24979  -0.840476  74.7922  3.11553  3.09601  -10.7221  -15.6608  4.01378  -5.49633  0.99231  298.799  -86.0295  -2.9368  
1.52464  28.6614  6.40006  -113.288  9.30928  10.7513  -0.56914  44.2762  -3.67586  -7.61905  -11.6967  3.43641  0.393604  12.4421  -2.742  4.88501  9.07885  3.65186  1.54  4.39575  -41.6986  -0.360442  -106.568  1.60728  19.9604  -0.82525  2.46565  1.35274  14.8984  -11.5773  -2.51575  11.4895  1.42838  -0.403716  6.85385  -9.30186  13.5713  -12.0417  0.854897  533.14  -66.4805  -2.4504  
1.44077  37.8984  4.5  42.7444  11.6859  14.2302  2.96136  215.954  -9.76629  9.91562  -3.41876  -5.49035  2.42166  13.7259  6.4074  10.6666  23.9168  6.71969  1.53394  -2.30426  -37.9409  1.25701  -36.5273  1.40794  11.558  -0.211952  -3.12328  4.94622  10.8329  -20.3121  -1.90705  -33.5774  -4.94938  -7.13853  32.8186  -2.92455  11.1505  -11.5288  1.60112  596.285  -13.7975  2.77313  
0.896596  20.7688  -0.541918  205.77  10.3041  8.45871  4.10103  148.828  -5.75859  28.1693  5.68718  -18.0725  3.64515  5.38312  8.02402  -9.29714  5.80108  6.05636  -9.42067  -7.00693  -15.7763  5.56802  20.2141  0.833296  1.09682  -0.213939  -5.66757  7.64882  3.56002  -15.6104  -1.52001  -16.2167  -8.50666  -7.8403  39.6005  -10.0461  1.51479  -9.25292  1.59051  323.712  14.7545  6.14954  
0.155114  -9.65758  -5.53586  208.235  4.60064  1.92704  2.21056  31.3837  -0.361099  25.5031  8.40445  -13.8548  5.42398  -2.27732  0.62931  -33.911  -14.0269  0.0591143  -13.9616  -8.28247  13.7419  6.98488  3.16815  0.166666  -1.75229  -1.02523  -3.3823  9.7512  -3.66082  -1.86698  -2.17876  38.8298  -8.58137  -0.697228  14.4069  -22.895  1.28015  -8.2287  -1.61672  -65.684  -20.6632  4.57763  
-0.154524  -30.6095  -4.87368  57.7064  -1.83118  -2.30273  -0.0526085  116.615  -2.65757  2.09546  5.54778  7.14158  7.25165  0.0412669  -6.96227  -31.6205  -11.7149  -6.82654  -6.81419  -7.584  35.7105  0.955075  -34.3077  -0.0614362  -1.15404  -1.91295  0.862949  11.9483  -8.99832  9.06772  -1.66594  56.9428  -9.28717  4.5016  -24.1099  -22.7756  10.4139  -4.64342  -6.47839  -277.419  -94.3507  0.95898  
0.236931  -29.9851  3.16058  -52.1016  -6.70295  -8.60633  -0.617413  306.47  -11.0015  -20.1827  3.02119  24.0058  6.56802  9.09209  -8.06791  -1.44375  5.16022  -7.83468  1.40712  -6.98258  43.4844  -9.08668  -15.8724  0.328501  -6.25666  -1.82266  2.12984  10.1918  -11.454  9.22379  1.04866  -0.657536  -8.61888  2.02374  -44.4826  -3.7317  11.8045  5.01987  -5.99509  -270.716  -121.559  -0.778501  
0.962356  -13.4138  11.6063  -26.0975  -4.55363  -18.9508  0.510154  330.473  -13.0811  -22.7523  3.38519  23.2531  1.92762  13.3884  -4.26501  23.5828  15.0157  -2.16668  4.39458  -7.50546  42.8661  -13.7144  46.9108  0.969733  -15.9318  -0.323343  -1.56275  1.52754  -7.72873  0.728446  3.73846  -83.587  -0.978403  -0.0240247  -28.4512  18.4762  -2.79212  16.1068  3.94312  -258.741  -50.7369  -0.852335  
1.36223  3.99313  11.9241  15.4125  9.2003  -26.0407  2.27415  128.523  -3.03466  -8.27496  7.16505  12.7816  -2.75071  8.4695  -0.0940304  20.3538  9.27836  3.06306  8.47773  -8.23423  34.3598  -8.78912  70.1157  1.27214  -12.8249  1.79814  -6.37671  -8.85543  1.65236  -6.41469  3.08061  -106.572  10.5762  6.67972  12.0542  23.9936  -15.657  20.2896  16.0026  -348.313  61.7935  -1.09786  
1.10131  13.6317  4.41931  -49.1262  27.6364  -22.2594  3.04241  -77.1398  12.7848  7.50017  10.701  7.16976  -1.75286  0.755591  3.0877  3.51271  -3.09397  2.03055  16.9144  -7.38159  11.3566  0.293517  21.0214  0.979901  11.1967  2.92585  -6.89121  -11.7781  10.7604  -3.59592  -0.713478  -52.5029  14.6303  14.2743  43.3232  10.1402  -7.63548  15.429  17.3187  -468.731  108.521  -1.07244  
0.461044  16.8792  -2.6654  -147.789  34.3917  -9.51497  1.65756  -123.98  22.0352  13.7565  11.1276  8.50391  4.35111  -3.22606  5.86867  -3.43109  -11.1728  -1.98224  21.4423  -3.24831  -28.953  5.49229  -40.8606  0.398099  34.8542  2.23294  -0.278895  -6.20239  11.9411  6.85393  -4.11003  9.97805  6.51629  9.36629  41.015  -6.78118  12.4233  8.12503  4.50525  -544.284  54.7803  1.3458  
-0.0483677  14.9521  -4.12955  -123.685  19.7916  3.19759  -0.998903  -83.9605  18.661  8.86442  8.55347  8.55092  8.25028  -3.00481  7.5576  2.62763  -12.4288  -2.11173  11.2011  4.09095  -70.6892  4.83168  -45.9128  -0.0223305  36.7919  0.318265  8.67871  0.447372  3.66525  12.7042  -4.33274  23.9213  -5.01193  -5.93568  8.90963  -9.59331  18.3544  4.27165  -10.0337  -534.123  -7.89668  5.68992  
-0.12462  4.70914  -2.76362  30.1135  -3.77805  11.6984  -1.79842  -70.2991  7.35215  -4.27474  4.66446  2.87027  4.12175  -1.81352  6.31203  7.77664  -9.21228  1.98522  -5.57098  10.705  -90.0767  2.06904  -6.54709  -0.0723067  24.9077  -1.53208  10.825  1.42791  -6.68883  5.28829  -2.11867  8.66435  -8.51355  -13.9996  -19.2982  3.07627  1.74564  3.77581  -12.5088  -413.138  4.16892  7.82298  
0.0959371  -12.4803  -1.66661  172.938  -14.9641  17.5024  0.751711  -63.483  -0.487455  -19.0658  -0.101442  -5.08052  -5.46759  -1.56788  1.76303  7.12004  -3.25468  3.38841  -10.9101  11.4335  -74.8817  1.41899  14.4578  0.0934776  24.0586  -2.61202  2.18041  -1.82948  -11.1155  -8.28952  -0.0655056  13.9294  -3.14268  -6.15125  -15.1792  17.206  -15.7707  2.98832  -3.82579  -120.155  62.5363  6.27095  
0.248004  -22.3664  0.736757  207.416  -8.98979  20.3987  3.42454  -27.3965  1.7788  -22.3936  -5.47434  -10.6667  -12.8092  -2.22144  -4.08388  6.96506  5.03245  -1.21627  -0.165182  5.74739  -36.2553  3.18516  -8.26034  0.204697  33.7347  -2.73647  -10.3028  -4.3286  -5.27783  -13.1353  0.141078  31.4263  2.02593  5.03213  8.41586  18.7787  -14.2117  0.0704228  3.61687  278.738  63.8206  3.45217  
0.092799  -15.2602  4.6179  166.662  -0.78534  14.7977  1.79127  -1.0337  9.38938  -4.65981  -10.4907  -12.6848  -14.2005  -3.43373  -8.30641  6.49276  10.8031  -5.21723  10.5233  -2.43905  -0.0718982  4.68027  -25.3705  0.108554  29.3091  -2.04304  -13.2276  -4.00325  6.04937  -5.41863  -1.01772  13.5823  0.45368  5.42941  18.0297  8.34784  1.13004  -3.09411  1.95862  580.698  -20.4869  2.28875  
-0.181984  -1.02694  4.46169  96.6886  -4.42759  -0.077095  -3.3104  -40.3041  9.7854  23.9395  -12.7916  -10.9195  -11.8382  -4.41312  -8.50087  1.10256  9.82433  -0.933481  6.28993  -9.57417  16.2997  2.52138  12.476  -0.0572829  4.07063  -0.310243  -2.90065  -1.45811  13.5863  3.1895  -2.13949  -39.3885  -5.30132  -1.41975  4.40691  -2.57443  10.9476  -1.94656  -3.71164  574.524  -99.5327  1.92856  
-0.114669  0.421804  -3.02667  -6.38736  -15.1324  -14.5733  -5.9294  -85.8347  -0.600552  36.8262  -9.18833  -5.38439  -8.73728  -2.92938  -4.92227  -4.88013  6.42072  8.57343  -8.65367  -16.1342  21.1822  -3.87454  85.4592  0.0354011  -21.3165  2.38817  9.70671  1.88164  11.9805  2.34958  -1.9263  -67.3545  -7.84449  -1.74799  -9.84697  -5.92074  8.39653  6.31877  -4.96354  223.921  -79.7885  -0.487492  
0.474845  -13.555  -10.0302  -116.241  -19.9331  -13.8056  -2.89393  -51.8897  -9.18169  18.6989  -1.80254  1.27432  -5.69855  1.23988  -0.491456  -0.204057  7.56392  12.015  -15.9946  -21.9727  29.8102  -9.54789  125.268  0.534096  -28.797  5.52876  11.3186  3.10244  5.68546  -2.67922  -0.276997  -28.9862  -3.28667  5.62764  -2.26107  -4.4151  1.71466  17.1172  -1.83485  -327.808  12.5844  -4.67533  
1.12895  -20.1588  -7.31787  -152.197  -12.7491  3.39583  1.4886  51.1402  -4.36201  -12.2687  3.86867  3.90507  -2.13731  4.79496  1.43725  17.1973  11.6553  4.83255  -6.55547  -22.0158  43.2206  -8.64634  92.0103  1.10249  -27.3752  7.82529  2.30909  -1.83499  1.77616  -0.483487  1.28655  36.1069  5.03865  8.29725  14.1139  -5.16149  -3.97252  19.1784  -0.25579  -737.978  72.1661  -6.93376  
1.31054  -3.6355  2.66569  -86.4758  1.4803  22.1524  1.44722  111.065  8.38032  -21.1161  3.72309  1.21969  2.01247  3.43566  0.419839  29.4149  9.33511  -4.10273  6.40515  -11.2122  40.5781  -0.543156  24.522  1.31556  -32.8489  8.04406  -4.75818  -10.6098  0.900317  9.1109  0.731431  66.1423  10.0595  0.194997  16.9718  -7.95237  -10.7749  5.10934  -2.73057  -678.677  39.676  -5.64528  
1.177  19.8733  7.31453  11.8919  13.3743  25.4173  -1.73607  75.7511  13.6896  3.32739  -0.622306  -2.10468  6.93789  -2.74385  -0.74776  25.2899  0.318453  -4.1118  8.28582  7.06197  11.8997  7.75203  -8.14918  1.26914  -38.0062  5.97485  -3.13396  -14.9924  -1.75104  14.2332  -1.48568  46.4986  7.67689  -8.39243  8.92636  -5.95446  -16.1115  -16.7759  -4.28346  -116.733  -36.7127  -2.01448  
1.36326  21.9196  0.751575  66.4109  15.7528  13.4486  -1.50881  0.323093  10.9031  32.9511  -2.80126  -1.8111  10.9766  -8.41642  0.0287717  13.5328  -3.44664  3.06654  -1.83747  20.3198  -28.7705  9.48684  16.2879  1.44152  -20.6594  3.1614  0.741987  -8.03215  -7.39611  8.74193  -1.93338  16.9395  1.15346  -5.94782  3.74711  3.68666  -11.4703  -25.624  -0.736279  462.043  -68.2058  2.34552  
1.88752  1.1056  -8.13448  87.9579  8.65481  0.546745  3.94775  -28.8111  12.7923  31.27  -0.88418  0.888636  12.1806  -8.54067  2.41604  8.01341  2.34828  6.24525  -11.1798  18.1718  -55.0556  5.00858  44.4862  1.81921  19.0659  1.53819  -1.47899  4.93335  -9.06395  -0.134811  2.01111  5.75951  -2.48128  3.9023  3.72426  14.6422  2.50704  -10.4183  4.9424  423.201  -26.1554  6.82166  
1.82809  -13.5029  -8.63205  103.906  -1.17438  -2.8766  8.15535  7.92193  21.9928  -4.81115  1.02638  1.00429  10.7291  -3.79453  4.43867  9.85042  4.47844  0.306112  -9.67007  4.46033  -58.8841  0.224248  25.5652  1.63089  48.7003  1.5478  -8.02258  12.5566  -4.4911  -2.69775  7.62243  5.16473  1.06165  8.20675  -6.00336  16.9726  15.7957  14.7207  6.3758  -281.773  36.4254  9.83441  
0.551942  -3.24099  -0.958482  76.7663  -3.79781  -1.479  4.89821  70.6778  23.9357  -40.2345  -1.82567  -2.86179  9.58716  1.45886  5.57752  5.90086  -6.80015  -7.61926  -0.696877  -6.04932  -47.8144  -0.870381  -30.168  0.396262  39.4482  1.28316  -11.29  11.3046  -0.138126  0.223613  7.97331  -6.82791  7.71206  2.79226  -18.5018  9.60111  20.1515  23.938  1.85977  -878.074  53.0297  7.7831  
-1.1307  16.4481  5.13735  -36.0144  4.0633  -5.9744  -2.91632  103.217  10.8343  -39.4339  -7.94143  -6.91795  9.84813  4.3312  5.7583  -6.93127  -16.819  -8.40191  4.79315  -4.03592  -35.617  0.920809  -65.7587  -1.11275  3.55359  -0.921834  -8.9611  8.80449  -2.64466  0.450488  0.565496  -25.9328  10.3643  -4.06306  -17.3328  -2.06123  18.16  9.68913  -3.21506  -651.213  19.4667  -0.0742811  
-1.72914  19.2602  3.67614  -159.156  12.3789  -14.742  -6.75463  77.0837  -4.59977  -3.42767  -9.99899  -7.88756  7.14047  5.42805  4.05031  -17.0606  -5.56238  -2.76673  3.65415  5.51297  -24.5246  2.20501  -52.6973  -1.58711  -19.8504  -4.85428  -3.60652  10.7487  -8.35119  -4.68513  -8.00225  -34.8086  5.48029  -3.61967  -0.544343  -9.40754  14.3963  -8.1717  -3.2862  133.175  -12.186  -8.46369  
-0.874822  3.10994  -3.21722  -168.12  8.39549  -17.6179  -3.73861  7.27466  -7.64412  30.952  -3.32172  -5.78473  -3.06173  6.21877  0.210804  -11.1883  15.9928  1.69961  3.33355  10.1657  -12.5135  1.75648  -14.4819  -0.760292  -9.89406  -8.0657  2.33532  11.636  -10.3848  -9.69775  -7.99163  -21.6481  -2.6489  2.65915  10.9696  -8.98189  8.31828  -7.70222  0.983372  480.334  -1.14295  -11.0506  
0.268676  -10.2277  -9.43485  -54.2274  -5.63778  -10.8143  0.48247  -62.3544  -4.71645  30.5584  7.78962  -2.54977  -16.1805  5.73358  -3.05695  8.66407  14.7167  1.32193  7.06522  5.63677  4.9417  0.663606  15.4835  0.286525  7.31649  -8.41287  8.93163  3.37038  -8.97606  -10.2912  0.863306  4.33391  -7.14566  7.32984  6.59404  -3.69552  -1.18352  9.68536  4.05572  -82.425  27.9818  -6.88014  
0.511704  -7.39055  -9.89101  69.8953  -12.5096  -2.40143  0.222309  -88.4266  -10.3967  -0.476048  13.2333  0.353076  -20.9841  1.42353  -2.50579  24.7512  -16.8567  -0.42369  10.2407  -0.538764  34.1847  0.379431  30.5777  0.50363  0.0676204  -5.44538  11.6777  -12.248  -7.914  -8.05795  8.19142  22.4062  -4.96016  6.20792  -4.04164  -0.259814  -8.10473  22.3481  1.93902  -938.312  29.8363  -1.6759  
0.0433994  2.95061  -4.04706  104.23  -0.76834  -1.64225  -2.6927  -55.1866  -22.9696  -26.2991  7.8435  2.29419  -12.0877  -6.30885  1.08954  20.476  -42.2594  0.549447  6.35978  0.247075  67.4573  -0.7568  40.0138  0.0979876  -24.7181  -0.443922  6.22893  -23.1236  -5.95331  -5.88944  5.11956  15.6858  0.797471  0.845279  -8.33156  -1.59862  -8.3239  16.4373  -3.54248  -1122.31  5.63884  -0.958345  
-0.13069  5.47418  2.22611  78.0692  18.2406  -5.26215  -2.71492  11.4511  -24.9181  -18.0123  -0.918807  2.59903  2.38674  -12.2733  2.808  -3.68532  -28.2722  3.54548  0.0090622  6.27157  80.8558  -5.80261  38.8034  -0.0282952  -26.5424  4.1109  -4.18666  -20.1471  1.12069  -3.17254  -4.66262  -11.0762  4.87113  -4.39669  -10.341  -4.04694  -5.79897  0.0024405  -7.1412  -514.884  -8.38194  -4.28358  
0.393394  -3.68436  2.355  53.049  24.1772  -4.12743  0.841216  53.1437  -10.7043  14.3062  -3.13694  1.02235  9.52714  -12.2521  -0.976733  -28.4752  10.2516  4.75652  1.46506  7.62074  52.2024  -13.9312  31.1497  0.472536  9.04464  5.33992  -9.98643  -6.61718  11.0547  0.692371  -9.82993  -31.8911  5.02943  -5.99784  -13.496  -1.42962  -7.75875  -9.12784  -5.86881  158.58  -8.67813  -7.73775  
1.07491  -14.8352  -3.6419  22.8056  9.08204  2.54171  3.45355  52.5059  6.88308  32.5006  2.88853  -0.712399  6.09886  -6.12801  -6.82292  -36.574  32.9634  2.52802  12.8683  -1.40307  0.288048  -18.2142  33.6255  1.11528  45.9034  1.87465  -5.671  5.13824  13.5884  2.61794  -5.78372  -30.9625  2.7601  -2.79403  -10.885  5.48206  -12.4674  -5.19105  -1.83979  246.725  -32.6303  -8.00025  
1.33136  -14.4758  -9.75284  -5.69635  -12.7183  5.64706  2.40037  36.0695  12.7796  13.8947  8.85379  -1.17967  0.0981922  1.85268  -8.3339  -26.476  27.7989  -1.12049  20.4362  -14.5266  -25.7249  -12.4877  55.6703  1.38801  41.0352  -4.22313  2.48829  5.77334  5.51771  0.287735  0.674636  -19.2057  -0.111914  2.2977  2.73301  8.2703  -11.8112  4.03564  0.528084  -97.4455  -81.3253  -5.90369  
1.26269  2.07782  -12.2829  3.79437  -20.839  0.249345  0.440482  43.5992  8.40457  -22.2141  10.19  -0.947056  -1.15708  8.51587  -4.07207  -12.2159  16.7355  -3.11503  13.7313  -20.4545  0.299387  1.08457  67.6489  1.35333  3.39939  -7.99891  6.76274  -2.34579  -3.76604  -2.30333  1.66731  -17.8997  -1.85324  4.92593  15.6052  2.63012  -2.70109  9.02084  0.162328  -260.853  -92.571  -4.01115  
1.22577  20.9772  -13.3719  69.4682  -10.3743  -7.9243  0.906531  52.6862  2.6284  -36.9316  10.4417  -1.42458  1.73382  12.986  0.470026  -4.40413  13.7213  -2.84872  -0.382256  -13.2381  42.968  12.053  31.2574  1.28522  -28.6683  -5.99177  6.18222  -7.99351  -2.8841  -0.00210526  -1.55181  -25.6312  -1.64874  3.7311  16.0753  -5.69344  8.49411  9.16288  0.933307  116.563  -31.7397  -3.68832  
1.16333  23.8745  -13.1336  101.849  4.65371  -8.15054  2.29822  27.0969  -0.10852  -17.4534  14.9833  -2.80486  4.509  14.8423  0.123863  -0.280701  6.95679  -2.84924  -7.69166  1.07025  42.5157  12.1849  -36.2307  1.13625  -34.8897  -0.0357184  4.72522  -2.17397  6.84573  4.98192  -2.04899  -21.9996  0.196344  2.95154  8.88271  -8.28211  14.9305  7.91508  5.66216  789.626  48.1349  -4.32001  
0.700831  6.41885  -5.15067  13.5048  7.4605  1.34255  0.926746  -29.864  -0.501977  8.26591  19.1091  -3.16313  3.69139  13.2133  -4.02145  8.61628  -11.3619  -5.64379  -5.30448  11.5935  -12.7861  4.79026  -69.7711  0.637318  -35.1721  4.26046  3.6413  11.6665  11.0425  4.89215  2.11304  -3.87719  1.62749  5.57694  6.79118  -5.3154  12.7691  5.65685  10.6622  1154.72  65.5674  -3.45437  
-0.194166  -10.7847  11.0661  -152.336  -3.48783  12.3618  -2.91415  -36.0475  0.359366  8.52502  12.2135  -1.02072  0.00520815  8.70127  -5.68226  21.0204  -26.3242  -9.29319  -3.43813  12.8364  -75.463  0.126476  -43.468  -0.200935  -40.3106  3.40955  2.61881  20.525  2.18546  -1.2049  5.64655  3.62188  0.66923  7.84756  13.3819  -4.04953  3.2502  0.0695918  9.24365  798.539  27.7326  -0.572779  
-0.949945  -6.53011  21.1982  -241.257  -14.1825  14.4663  -4.68575  10.4428  0.884104  -12.0658  -5.53581  2.40481  -5.27584  4.06598  -1.56176  32.2987  -20.2407  -7.99632  -7.30489  8.65524  -90.7808  3.13721  6.65994  -0.898192  -29.8748  -0.334331  3.18989  15.9189  -11.5834  -4.42265  3.91  -18.7207  -2.1175  4.11014  20.1391  -8.39721  -8.84494  -8.91351  1.24831  -86.7458  10.5395  3.12172  
-0.990076  11.8326  12.5748  -157.472  -10.6423  6.09093  -1.96338  46.5345  -0.648062  -19.5803  -22.0101  3.99242  -8.88648  2.19646  4.72121  38.0934  -1.15558  0.577555  -10.2375  5.63515  -54.6111  8.27825  20.7968  -0.977312  11.4493  -1.96672  6.17118  2.49496  -15.1995  1.19208  -0.673816  -58.9306  -4.55899  -4.37788  21.1527  -13.9667  -14.1521  -15.353  -5.36013  -837.957  33.5987  6.19066  
-0.413458  15.5749  -6.77511  -4.75323  5.49552  -3.97287  2.03388  11.6577  -1.98953  3.71848  -25.1308  1.67789  -7.23066  3.2483  6.86331  37.3281  9.34229  10.2943  -6.31629  5.38325  -2.80014  7.70041  -7.61343  -0.499252  57.31  0.148688  7.06611  -9.73774  -4.78011  9.40555  -2.66472  -80.6642  -5.46396  -8.17703  16.0943  -13.5695  -7.52979  -13.4066  -4.13517  -960.97  46.2248  8.44353  
0.121287  -7.71147  -13.99  48.2421  18.3947  -5.46423  2.79361  -33.7876  2.13465  35.6017  -14.945  -3.33451  -0.263115  5.03713  2.88588  24.0029  4.74259  12.0221  -1.65174  5.2313  33.2247  0.471907  -31.9623  0.00480279  66.1213  2.16281  0.275258  -14.8117  8.44843  10.3909  -0.622571  -65.259  -5.6173  -1.91327  -0.152828  -6.5932  3.77818  -3.68845  1.22753  -567.635  19.925  9.65434  
0.139872  -37.4456  -2.26171  -34.4902  17.6806  2.36465  0.411074  -11.6136  11.7609  41.0602  -2.43845  -6.92418  7.41233  5.52941  -2.70608  -0.772935  -3.35391  4.97092  -1.68347  3.95511  51.1408  -6.68715  -19.3536  0.102357  30.436  -0.581333  -12.3428  -15.1927  10.1666  3.51311  1.72406  -24.3871  -5.1444  8.22728  -24.0447  0.943355  7.49287  5.95915  2.15622  -79.3436  0.700068  8.7164  
-0.168649  -43.9205  8.79163  -115.336  7.64609  10.1296  -1.36612  61.4535  19.6715  14.7264  2.31126  -5.92501  10.5664  3.66099  -4.25902  -25.4404  -7.92305  -1.67141  -3.07803  4.54374  59.6792  -8.58233  18.9844  -0.107488  -12.8649  -6.99345  -19.7912  -13.3718  -1.24404  -2.19285  0.654117  14.5352  -0.903478  10.2857  -40.3012  1.85293  0.774925  7.06369  -2.63809  317.382  29.4636  4.48129  
-0.276561  -21.0698  -0.764916  -47.4599  2.84692  11.0815  -0.678037  83.9429  17.464  -15.7581  -2.04453  -1.45797  8.5541  -1.14792  -1.25751  -33.2413  -11.3036  -0.275611  2.40925  6.85663  61.0443  -6.20474  51.3835  -0.190103  -27.9788  -10.5832  -14.8439  -7.82978  -13.5854  -1.52469  -3.13275  35.4425  8.92302  1.48289  -35.7263  -3.62519  -7.54775  0.383132  -6.2704  629.56  68.9117  -1.07361  
0.0041302  10.4041  -22.2503  126.759  8.03575  5.92393  0.445977  27.2789  7.48001  -25.5693  -8.53055  1.37405  3.8972  -8.24063  1.7489  -23.2834  -13.6518  5.46339  13.6915  5.90541  45.8835  -3.0776  60.0555  0.0551082  -13.61  -6.55792  -1.80762  1.44108  -14.0549  0.731474  -5.71105  40.9861  21.0191  -8.47239  -23.1161  -8.63344  -11.0546  -4.13057  -3.78297  765.032  55.1343  -4.19124  
0.391362  29.5379  -29.5591  239.258  14.7624  0.868239  -0.0228913  -49.828  -3.18835  -17.8154  -10.6509  -0.199651  -2.11757  -13.6092  0.539353  -11.1071  -9.32724  6.11224  20.107  -4.71089  7.08093  -0.987154  38.0894  0.413465  11.5521  1.90747  8.23509  9.6846  -1.89938  -0.425001  -4.24809  42.5005  26.2307  -8.76778  -23.48  -5.64353  -9.62021  1.73872  1.66797  534.595  -6.48264  -2.57364  
0.560712  28.3138  -11.318  182.544  11.1903  -2.5041  -1.12574  -70.4218  -9.09645  -9.31319  -7.0491  -2.73366  -8.05933  -11.7367  -3.86323  -9.73709  0.0819419  -0.698668  14.8228  -20.1078  -43.0522  1.65631  -5.7917  0.583087  24.9478  6.63575  9.10708  10.4751  10.9774  -3.57746  0.512317  41.1731  17.1793  0.766347  -38.3328  2.13602  -5.62084  14.1051  4.44123  16.8552  -47.9375  1.96956  
0.518084  11.6369  15.9088  53.7035  -2.24887  -6.05568  -0.798325  -37.3604  -12.5122  -4.99441  -0.991619  -1.4816  -10.8537  -2.05826  -6.96847  -14.458  3.66678  -7.42416  3.40239  -26.5974  -71.0803  5.59723  -45.8789  0.544788  14.9773  4.02118  2.61876  3.32179  10.3923  -4.32097  4.61657  27.3328  -3.40333  9.24469  -38.3871  3.9694  1.02325  20.3891  3.7417  -388.601  -49.785  6.2837  
0.477229  -10.0595  29.6176  4.90957  -12.7642  -7.93969  0.681337  17.5382  -15.5689  1.92732  3.42983  2.7981  -8.08425  7.65495  -5.12638  -10.906  -2.1219  -7.06243  -6.36843  -16.8608  -46.0527  7.43244  -42.1051  0.498675  -12.66  -0.57941  -4.55344  -4.60953  -5.8971  -2.56717  4.85547  -4.39633  -22.5999  7.81257  -6.45729  -4.96061  8.2221  14.4936  2.43262  -455.277  -55.1421  7.60714  
0.509947  -23.3707  25.6839  21.8214  -8.15799  -4.74196  1.40796  86.1199  -16.6772  12.4594  5.12442  4.10125  -2.59897  7.9612  0.547584  1.80826  -6.07197  -1.09509  -11.4797  0.35259  21.7929  3.31315  11.5682  0.522019  -34.0768  -0.433381  -6.84011  -6.444  -21.5587  -1.09496  1.88268  -34.0942  -27.5248  -0.571323  35.6884  -12.1867  10.1206  3.30955  1.49129  -372.246  -94.106  5.1805  
0.50991  -21.5388  17.0735  -31.3788  8.23592  2.47741  0.684219  138.944  -11.8296  16.8762  4.48807  -0.804508  0.288966  -1.07554  5.59099  11.6285  -0.530736  3.67825  -11.9152  9.01622  74.8001  -5.03093  69.1971  0.5113  -25.7658  3.76748  -2.44118  -1.58133  -17.4326  -1.532  -0.956584  -37.3442  -16.0724  -5.20451  54.3409  -2.99074  6.47608  -2.56839  -1.13531  -388.769  -119.463  -0.176207  
0.419732  -10.9999  15.5961  -199.586  21.4188  6.97037  -0.156202  119.799  0.128874  9.77672  1.53367  -6.73564  -0.220964  -9.4372  6.34177  11.4268  4.306  4.07341  -9.80502  4.09317  66.3107  -10.2249  67.4712  0.403639  5.33381  5.26001  5.5079  4.9443  5.38902  -2.54472  -1.41089  -16.776  0.797511  -1.26836  42.6289  18.8608  5.86905  -1.96347  -5.42174  -508.147  -77.0776  -6.06559  
0.312935  -3.75188  19.3359  -321.111  19.5314  5.76895  -0.0525512  9.10852  14.9681  1.1877  -1.32375  -6.94149  1.23442  -8.55366  2.31428  13.5675  -4.41579  2.21893  -4.44281  -4.02408  12.2828  -6.47663  1.47373  0.284185  25.7683  1.25077  10.0308  10.2362  21.1266  -4.05757  -0.18769  5.65104  9.19858  4.5814  21.8387  31.9129  11.7043  -2.15967  -8.13369  -591.581  14.5594  -9.41919  
0.299139  -1.99654  18.9768  -257.555  5.43779  2.63946  0.435015  -102.783  22.7578  4.01292  -0.339265  -2.24955  6.36377  -0.921586  -3.1364  26.0891  -18.8116  0.942913  3.44648  -3.22002  -22.7969  2.14276  -62.3071  0.279584  16.162  -3.57743  6.65016  16.5367  10.6006  -6.25665  1.1628  19.8914  5.39142  4.81776  9.49309  22.716  15.4666  -5.70207  -7.0372  -618.659  73.4123  -9.04797  
0.392914  3.46314  10.5123  -65.9453  -6.01029  2.0107  0.465858  -112.01  16.5707  15.0002  5.69491  -0.640671  9.68734  4.07528  -5.63444  37.8443  -18.4674  0.92209  11.2221  5.18958  4.54363  5.75298  -58.5107  0.388959  -5.97621  -4.08713  -1.13093  24.0431  -12.4121  -7.01395  2.60673  28.6938  -1.82181  1.28991  5.81403  1.93526  7.13265  -6.64423  -3.20707  -622.721  57.8347  -7.66225  
0.489796  15.7089  -0.214471  67.445  -5.67979  0.814525  0.373631  -14.9414  0.917737  19.2792  11.6783  -5.98421  4.92201  1.7562  -3.26435  29.9063  -0.657753  1.46254  16.493  10.3519  68.8055  -0.865966  5.82071  0.473744  -6.05552  -2.07202  -5.85566  25.8912  -16.7481  -2.4217  3.94  28.0619  -1.21872  3.23676  5.60253  -9.74065  -7.59095  0.0935666  0.603756  -573.822  11.5914  -7.06723  
0.477141  22.9856  -4.90222  72.5182  2.45212  -4.6874  0.952023  72.2157  -9.28374  6.27904  11.1071  -10.2681  -5.12867  -1.87866  1.57883  4.41582  13.8996  1.51184  17.3586  6.21248  102.511  -10.6606  54.5487  0.425527  19.3214  -2.03102  -5.17231  14.1183  2.58097  7.46357  3.08613  10.6156  7.56306  11.344  4.44871  -6.59754  -13.8547  9.17769  3.26511  -517.492  -4.35015  -6.64523  
0.324125  12.4776  -2.86982  21.5878  4.80468  -10.8247  1.88819  66.3407  -5.74668  -16.282  4.01787  -1.27733  -11.3353  0.219631  3.84706  -15.9261  11.6924  0.276065  14.2011  -1.68427  63.2198  -11.8157  40.6258  0.266904  31.7935  -3.51523  -4.20328  -6.96703  17.8198  16.7397  -1.81021  -15.6831  13.5634  15.4922  -3.12724  -0.32764  -8.29904  11.9886  4.72737  -562.285  5.30473  -3.9715  
0.168187  -11.248  -0.726964  -33.391  -5.23399  -9.36064  1.88211  8.4539  5.16709  -30.4151  -5.02891  20.4565  -8.08284  7.52815  0.849314  -18.2289  7.05262  -1.67908  8.97532  -7.56689  -21.9113  -1.89019  -1.08411  0.169945  5.09295  -2.02418  -7.22092  -23.462  6.54815  18.2054  -8.01621  -27.9447  7.93344  8.39624  -21.1504  0.908081  -0.0633214  9.59684  3.82892  -644.007  -4.36208  -0.259103  
0.169479  -27.097  -2.59242  -100.862  -18.468  -0.386718  0.281093  -14.7667  10.2691  -25.9972  -11.3514  36.0048  0.54214  12.3824  -4.83864  -13.0805  19.1783  -2.52181  3.45727  -11.0909  -79.6045  8.65044  -3.75091  0.257722  -43.4574  2.62533  -8.66406  -26.8707  -15.4739  10.5706  -9.88932  -23.0515  -4.82886  -3.78719  -33.8124  1.02003  3.06734  9.02348  0.640899  -456.641  -45.359  0.955752  
0.257611  -20.8147  -5.19582  -180.117  -16.5115  5.06918  -1.96517  27.799  5.3534  -10.513  -15.7447  24.4633  5.74392  9.95512  -8.37449  -15.0925  38.6717  -1.44176  0.43117  -12.4954  -67.2232  9.03983  34.94  0.3855  -63.4055  4.82241  -0.506595  -22.2428  -17.396  -0.619008  -4.97403  -21.1846  -12.0674  -9.82974  -20.4213  5.89826  5.7356  11.1534  -1.95064  100.266  -62.8838  -0.615316  
0.251842  1.65141  -2.68422  -176.261  8.00502  -2.34237  -3.47661  90.9622  -0.64682  0.000966382  -18.6375  -13.4094  3.68231  3.32482  -7.07467  -21.8236  36.9927  -0.641163  -3.83413  -6.72315  -13.5749  2.07308  44.0622  0.34561  -28.2744  1.56602  16.9297  -17.5153  3.56792  -7.17812  2.97821  -33.256  -8.22556  -8.66668  17.703  11.2395  12.5571  7.93981  -0.0883855  594.177  -11.4784  -0.631732  
0.160842  19.725  5.84693  -49.7487  37.0604  -16.3299  -3.61505  118.771  -2.34915  0.879075  -18.8458  -48.9178  -1.11863  -0.855456  -2.1236  -22.4161  6.49184  -2.50841  -8.92624  8.30811  16.3208  -1.73383  -13.9378  0.188693  29.2069  -1.62627  31.7176  -13.4827  20.3839  -4.82257  7.97543  -42.7276  -1.26578  -8.28416  49.3565  8.60227  18.7848  -4.33894  5.31301  617.342  72.5469  3.71213  
0.321983  19.7894  16.2362  104.619  40.1145  -20.303  -2.66913  80.2795  -2.91373  2.35374  -14.6435  -50.3121  -1.06407  0.335551  3.52438  -21.5468  -24.4069  -5.61626  -15.0083  23.1199  -1.46391  2.35239  -80.7248  0.308522  45.1229  2.67382  32.1507  -7.61776  16.1841  4.1249  8.13245  -28.789  -2.51375  -12.9054  48.6116  -2.53787  15.6821  -16.5484  8.73929  433.288  115.815  7.70349  
0.893368  4.82137  23.0431  144.762  7.1653  -8.08019  -1.31376  -14.8564  -8.44155  14.6387  -8.39457  -15.157  5.98362  4.10083  6.99444  -29.2104  -26.619  -5.69236  -17.7783  25.3657  -31.8374  8.74799  -77.322  0.877895  -1.9021  13.5984  19.2647  -1.71778  0.438221  12.849  5.73753  0.876303  -12.3568  -16.5664  19.1996  -12.3162  3.52633  -17.0478  5.81373  541.438  88.7895  5.34421  
1.40684  -10.1431  22.5513  70.7487  -32.1597  8.30455  -0.23018  -96.9861  -13.735  27.9461  -2.87389  23.5872  12.6119  5.68949  6.92155  -38.5907  -6.23489  -2.16011  -13.2218  14.3255  -38.1685  10.19  -12.5976  1.40961  -62.1056  20.8088  3.97974  1.12359  -8.71612  15.2451  3.2139  22.7366  -19.7314  -14.0169  -9.15097  -13.2379  -7.59569  -7.20025  -0.568257  860.958  29.5549  -1.17908  
1.13101  -11.9613  13.9484  0.197609  -37.2706  11.1749  0.122268  -82.3739  -8.41715  22.2993  0.853365  30.0645  9.66483  2.58577  3.74328  -26.6445  6.47161  1.24613  -3.91712  1.16579  -19.8089  6.51396  27.959  1.15033  -62.4519  14.7083  -3.7435  0.730028  -7.41309  10.0466  0.68225  24.6569  -14.309  -5.99685  -17.7093  -6.4199  -8.79107  0.952827  -3.95794  690.335  -6.75261  -4.11742  
0.0154992  -1.09923  -0.634269  1.70391  -3.1601  -1.8932  -0.161318  22.3575  8.70375  -5.34591  3.85346  2.27306  -4.05218  -3.88914  -1.28258  11.9551  -0.621472  2.3291  7.63723  -6.88345  6.58391  0.839341  9.61412  0.0457444  4.39853  -3.14085  -3.76651  -1.38654  -2.70082  -0.178481  -2.46199  14.8128  2.98836  3.26069  -8.58661  3.45086  -1.16252  1.70206  -2.46042  -181.666  -8.95439  -0.515508  
