0.00836092  8.93178  -7.33617  -1.28672  -1.94064  -2.86205  1.24897  -6.83564  -52.6305  -0.751497  -0.926779  0.498292  0.296424  0.423339  -7.14649  16.9978  -0.0470301  -9.66901  1.65687  -18.4813  0.0745243  -18.867  -7.43833  -0.051536  -0.864303  -3.38418  -5.69557  -14.1667  0.809676  -2.49294  7.29025  -0.300141  8.00267  11.8122  5.86943  -1.9401  9.51276  0.718357  -0.5205  0.82285  -0.631737  2.3353  
0.274602  -5.85367  16.7823  0.486461  1.5768  2.58944  1.32976  -23.6665  621.148  2.17314  -2.4627  7.41204  -4.07202  1.00908  31.9179  -23.6305  0.442862  13.496  -8.37078  -127.991  12.7956  -7.51526  12.817  2.09549  -0.293856  -18.1968  10.7959  26.914  0.154556  -1.73894  -57.7596  8.84254  -19.6047  -9.7569  11.3066  15.4341  -9.40365  -8.95748  -1.67198  -0.97125  5.09892  -1.38712  
0.356662  -21.7791  24.8824  -1.84069  3.74697  3.67896  4.00153  -19.6817  653.454  4.21234  -1.58828  8.59365  -4.61802  -6.42339  48.2017  -24.8588  0.575339  18.8894  -10.5557  -237.988  16.8596  8.75136  16.3571  1.96722  0.668772  -25.7865  21.625  40.1122  -3.03081  0.357283  -74.8921  6.34277  -2.28547  -24.6122  8.41213  15.7684  -28.4303  -11.4415  -2.59789  -1.14825  2.52563  2.98858  
0.3788  -41.7312  17.3012  -6.79671  3.49093  -0.122387  8.35746  3.25437  70.3767  5.74173  1.81569  3.9854  -1.82132  -15.8199  43.8738  9.40621  0.362992  14.0727  -6.71601  -330.521  8.73534  38.142  9.39286  0.115513  2.09541  -19.1031  24.9085  16.8166  -6.67085  1.69218  -47.3197  -4.87527  50.1475  -30.0961  -2.98716  3.41051  -32.1156  -6.9804  -2.79727  1.00449  -3.28958  12.7382  
0.526185  -61.6672  5.43099  -8.16941  0.542541  -4.45528  10.7883  22.8173  -514.236  7.27289  5.92566  -1.65915  0.551424  -15.194  34.4  44.0597  0.122377  16.7864  -3.63664  -370.036  -6.25421  73.8288  7.41997  -1.13645  3.09786  0.64237  21.4287  -19.2377  -7.29849  0.934661  -18.0121  -11.1635  81.6048  -27.4465  -15.4929  -3.86804  -10.2627  -2.65156  -1.87544  3.9913  -2.55559  16.9368  
0.617439  -61.7031  2.07743  -2.70194  -3.33648  -5.96939  8.91049  25.0367  -560.712  7.29214  8.01561  -4.23487  0.401318  -4.21506  27.1792  53.7995  0.0521601  25.4515  -2.67873  -285.822  -15.8667  89.3376  6.5061  -0.872427  3.06521  19.6642  12.8525  -33.9195  -4.50554  -0.160151  -11.5308  -4.80154  58.9819  -19.8611  -21.8134  0.182132  17.0237  -3.92732  -0.382507  4.6131  4.03636  9.11734  
0.349351  -25.8791  8.40753  5.17357  -4.94983  -5.07667  4.39492  12.7329  -174.25  4.2954  6.781  -3.83293  -1.01726  5.3365  17.0414  31.9844  0.068662  19.8174  -0.45872  -55.7975  -13.5726  69.6892  -5.8979  -0.86025  2.00532  23.8843  1.6188  -14.0308  -1.43239  2.61436  -19.405  6.4776  13.4738  -15.196  -20.7491  5.01251  19.3907  -7.51246  0.28738  1.6732  6.46061  -5.45547  
-0.169941  28.5739  17.6328  8.07398  -3.19763  -3.85856  0.811129  3.96557  122.663  -0.443779  2.85447  -2.79264  -1.64118  5.47543  6.29414  -14.2041  0.0445164  -4.57514  4.17978  235.675  -4.81457  43.9343  -24.4864  -2.62963  0.60827  14.1783  -11.132  16.8703  -0.0746648  8.21833  -25.1928  9.38679  3.90648  -19.8488  -14.8576  -1.35456  -7.008  -5.8123  -0.85377  -2.13047  -0.204671  -15.2873  
-0.379314  56.3255  21.0122  3.82608  0.208072  -2.58004  -0.415456  0.0119529  41.2946  -3.25267  -1.21981  -2.28079  -1.14267  1.46131  2.94955  -60.1407  0.0824172  -25.0716  7.68574  420.578  -3.12618  38.5803  -27.9625  -4.74176  -0.683792  4.70441  -19.1607  23.3872  2.12495  10.2286  -26.8657  2.11111  32.0106  -27.8893  -5.29198  -17.5984  -25.1354  1.68154  -2.7891  -3.08619  -6.30849  -14.7216  
0.0185488  31.9048  17.3803  -2.73155  1.72705  1.16222  -1.1443  -2.75645  -206.044  -2.3881  -3.27757  -1.90353  -0.667826  1.39435  5.04711  -75.1726  0.323984  -21.9448  7.57691  429.529  -10.5707  46.1613  -13.8994  -3.98888  -1.84604  5.42778  -17.1769  0.705448  7.59591  4.25552  -26.1062  -6.23872  35.1099  -21.4014  5.57353  -32.6162  -8.8705  6.71549  -3.21042  -0.838887  -3.46479  -7.56922  
0.633313  -15.5268  8.50261  -5.43887  0.620802  7.03258  -3.65444  -7.01147  -279.066  -0.232056  -3.14204  -1.21187  -0.730669  4.76408  0.66454  -47.4676  0.645643  -3.37784  6.00144  365.572  -15.2199  36.2057  -4.72157  0.446644  -2.79849  11.9885  -5.88374  -24.3106  13.5609  -6.377  -17.4126  -7.42511  -30.5599  5.62434  12.395  -39.0881  24.0175  3.41723  -0.94631  1.58007  3.37012  -0.873962  
0.800096  -30.6367  -0.698754  -4.92727  -1.54596  9.8276  -7.19903  -3.26106  -154.381  -0.0356047  -1.94849  -0.186585  -0.921943  5.35763  -11.021  -7.24186  0.709157  6.59478  6.05057  347.625  -6.02578  7.20296  -9.98068  5.23704  -2.92158  14.6942  5.18003  -26.7236  14.2578  -12.5024  0.539929  -2.92784  -117.411  32.228  9.97156  -32.8531  31.2294  -2.44327  2.26973  1.51933  3.37922  1.93307  
0.381699  1.05289  -6.68799  -3.72696  -1.64264  4.64697  -8.89412  9.35722  -21.6323  -1.90969  -0.921215  0.906089  -0.484109  1.47455  -16.0343  7.93143  0.419301  1.09532  6.09749  304.225  10.5611  -21.3532  -10.0336  6.4792  -2.08351  10.8007  8.08615  -10.2765  8.09804  -8.3991  14.5666  0.813983  -139.518  30.4112  0.632045  -13.0655  2.05072  -1.07969  3.52258  -0.562221  -3.54479  1.91733  
-0.142513  34.4434  -9.61604  -2.89216  1.2635  -5.34408  -7.27562  16.7211  50.311  -2.93693  -0.286157  1.68296  0.472008  -1.91421  -8.80193  7.1703  0.0270824  -6.40802  3.47244  107.809  18.7201  -36.9283  10.8606  4.08691  -1.27798  5.23047  3.98131  3.06149  0.349694  1.45174  16.0689  1.72093  -75.1457  -0.442764  -7.45955  17.2043  -26.2931  7.14855  1.97814  -2.0994  -7.09086  0.909994  
-0.40646  21.3564  -15.1006  -1.22107  5.27442  -10.2712  -4.26502  4.06669  152.336  -1.42764  -0.201735  1.63779  0.993077  -1.1344  -5.46072  24.4915  -0.304456  -4.89938  -1.92229  -136.62  13.377  -37.2423  27.501  1.42045  -1.12316  2.3471  -0.562189  1.83242  -3.52796  7.38865  14.6151  1.84512  4.33978  -26.1443  -6.3675  44.8579  -19.3527  10.7126  -0.0854708  -1.58102  -2.35436  -0.173826  
-0.635148  -24.9099  -24.7593  -1.46775  7.1797  -5.76756  -2.32848  -20.9128  234.386  1.25982  -1.03831  0.591308  0.0396821  1.14365  -18.1876  57.1541  -0.748709  -2.4807  -7.33436  -131.937  6.03302  -27.5043  5.88267  0.851238  -0.957873  1.6301  -0.740275  -5.32174  -3.20876  4.01653  19.0847  1.64363  33.5843  -17.8019  1.79748  53.4653  10.2277  3.48096  -0.269843  -0.253472  3.71796  -0.929514  
-1.16975  -45.2463  -28.9933  -5.61787  4.70967  0.382312  -1.3311  -37.2953  103.205  2.49772  -2.53077  -0.62055  -1.89965  -0.114844  -36.5648  57.262  -1.40717  -7.39436  -10.0717  165.457  7.01455  -16.1403  -42.7241  1.23311  0.267132  0.698415  1.60881  -4.0521  -2.94047  -4.27812  19.1162  -0.778954  22.1694  18.0746  8.04593  40.1545  23.326  -7.25125  0.865629  -0.361517  1.77796  -1.57888  
-1.73554  -10.5805  -12.4261  -9.45027  -1.50115  -2.22924  0.293174  -34.1168  -250.004  1.17891  -3.36362  -0.799113  -3.23638  -5.06084  -38.0205  6.85976  -1.88139  -14.8877  -8.86993  357.906  9.87347  -20.5432  -69.6862  0.403642  1.42442  -0.527253  3.57864  6.10407  -4.21189  -8.46953  3.081  -4.5337  18.2599  47.4818  6.94132  16.633  4.44147  -10.3044  0.721447  -1.80827  -5.56738  -2.15296  
-1.62644  37.7906  20.8678  -4.57348  -7.50402  -12.2401  2.70839  -20.5982  -528.027  -1.43608  -1.94998  0.313251  -2.29295  -8.56704  -20.0471  -43.3961  -1.65745  -11.2598  -3.12743  91.7622  3.01744  -42.4485  -45.6949  -1.41991  0.315726  -0.688345  3.21616  14.0542  -4.60406  -4.01027  -16.2817  -5.33326  33.6003  50.3463  1.80364  -0.546316  -19.6361  -4.51675  -1.52557  -1.67738  -8.84051  -1.50819  
-0.712881  38.7925  44.8353  8.49488  -9.51065  -15.6141  3.75549  -8.22414  -464.986  -2.90266  0.212317  1.50598  0.32312  -5.58193  0.518396  -40.8179  -0.871978  4.08903  4.61735  -411.075  -13.9506  -51.4802  0.409992  -2.05646  -2.49719  1.02476  0.448012  11.5713  -1.80136  4.34633  -14.2811  -2.74258  39.0182  34.8599  -0.921168  -6.6604  -17.1748  1.7221  -3.79621  1.84141  -4.45752  1.16718  
0.288758  -10.3645  35.2794  16.8328  -6.92164  -5.03817  2.30212  5.65144  -163.529  -1.47694  0.267169  1.23544  2.62278  1.94447  9.96533  -2.16515  -0.155645  16.2772  8.57995  -551.782  -24.8383  -26.0305  25.2344  -0.638371  -3.57401  3.04761  -3.24272  1.75584  2.24108  10.7285  3.27769  -0.819342  21.7736  20.3255  0.335698  -6.58195  7.99252  2.65133  -3.6297  5.84848  2.71657  4.76613  
0.726741  -48.0194  4.22277  10.341  -3.15558  10.5635  0.0685767  21.6715  50.7157  1.90959  -2.45839  -0.195757  2.74556  6.5233  12.6688  12.7592  0.241114  12.4111  5.77165  -162.104  -17.8387  7.58312  17.3203  0.911449  -0.66296  3.09881  -6.37907  -7.60006  3.20717  11.4806  4.49509  -2.94827  8.12775  10.8069  1.73158  -7.39336  24.6326  -0.0210873  -0.980979  5.70821  4.91466  5.87385  
0.740273  -26.998  -15.2722  -2.4805  -0.211045  15.401  -0.742318  26.8499  44.3395  4.00338  -5.85023  -1.19722  1.21272  3.02615  16.9228  -13.2398  0.609309  -2.14394  -0.0419215  238.172  2.69141  6.44185  -1.16788  0.453945  3.28627  0.388982  -6.19469  -15.6769  0.269549  7.03424  -23.8866  -6.39392  17.8769  -1.63584  0.466876  -6.17966  13.7965  -2.76215  2.21185  1.40307  1.93034  2.91611  
0.773066  25.0531  -7.71707  -6.95644  2.05193  8.2667  -0.373448  5.93749  16.0625  2.48509  -5.83302  -0.716877  -0.470273  -3.57661  21.551  -35.0026  1.01452  -9.07062  -2.79414  108.91  17.1204  -17.7113  -8.98075  -1.18811  3.58157  -3.46922  -3.63319  -28.0036  -3.4369  -0.445779  -50.1703  -6.24332  31.3448  -19.9005  -1.91145  1.47738  -11.3986  -4.44859  4.27214  -2.0254  -1.4927  -1.15573  
0.84859  40.7758  6.50437  1.41495  3.96025  1.53499  -0.536416  -24.0664  182.409  -0.200722  -1.7233  0.739968  -0.963568  -3.00244  19.5614  -17.7137  1.02866  0.423483  -0.121379  -380.341  14.3758  -15.0712  -2.55826  -1.32906  -0.243097  -5.61163  -2.00109  -47.5332  -3.92194  -6.55852  -42.0711  -2.07408  15.5058  -35.2118  -2.11931  12.1814  -23.5955  -3.20503  4.94281  -1.08059  0.488712  -2.10103  
0.795717  -0.517176  1.24146  9.95878  3.2479  4.53217  -1.12767  -28.736  472.163  0.31734  3.22496  1.51554  -0.621776  7.13105  8.68582  17.8647  0.591645  15.2028  3.15417  -566.171  2.54539  27.2144  5.253  1.2189  -3.39033  -4.82427  -1.05681  -64.5358  -0.959096  -6.88544  -11.6097  1.65135  -19.4193  -36.6978  -0.251723  16.647  -15.3207  3.44122  4.46989  1.84261  6.65868  1.02382  
0.829375  -44.9508  -19.8214  8.17841  -0.470759  10.5943  -0.508959  -1.04471  611.338  4.46676  5.22037  0.887454  -0.685329  15.1699  -6.7685  34.332  0.455289  16.6476  2.53582  -213.349  -1.72562  58.5534  1.40815  4.19219  -1.96028  -2.3296  2.56009  -62.9601  1.94571  -1.28891  1.35512  2.14984  -41.0072  -22.9088  3.54435  6.94091  -1.64758  13.8487  2.55444  2.6253  11.1273  5.1322  
1.07187  -33.4477  -32.4076  0.997614  -4.38081  7.72717  1.45615  27.6805  433.039  6.40821  3.23868  -0.547377  -1.88709  8.63167  -16.6238  25.8266  1.02324  0.692554  -0.788525  190.928  6.0054  38.8272  -16.908  4.52445  2.90687  0.178777  11.0807  -37.681  2.03767  3.86828  -9.68934  0.0463824  -35.4115  -4.27292  8.5823  -11.5891  -1.90181  19.1154  -0.644986  0.586275  9.13738  7.3785  
0.857168  23.723  -24.6347  -0.708088  -4.88705  -6.64753  2.72779  19.6113  36.6906  1.10635  -0.116949  -1.6699  -3.57063  -7.92319  -11.225  19.8283  1.3719  -17.1614  -1.70679  108.447  10.4983  -9.5917  -33.1183  1.9554  6.38425  1.85289  16.5928  -0.798309  0.0132521  2.9236  -12.208  -2.70523  -24.2973  8.80743  10.5499  -27.5127  -15.0825  13.1107  -4.05337  -2.54218  1.95069  7.5865  
-0.610514  58.5997  -10.0481  2.55701  -2.34019  -19.1136  1.87439  -16.0612  -328.276  -8.33799  -2.10303  -1.80611  -4.11157  -15.4294  7.9606  28.2029  0.247255  -16.8347  2.05211  -299.87  0.607709  -34.5419  -26.8731  -0.883307  5.75014  2.44062  8.32374  27.3723  -1.32665  -2.46347  12.8376  -4.42262  -22.0835  11.9305  4.37014  -31.1755  -22.9084  1.09122  -5.94526  -5.94263  -5.01598  6.8702  
-2.72353  30.3928  -0.665059  2.43924  -0.320304  -18.5266  0.068061  -35.9907  -465.597  -12.961  -2.26569  -0.846116  -2.53767  -4.23505  24.4658  39.3319  -1.95618  2.21095  6.90814  -426.242  -13.5296  -14.7189  -3.32051  -1.64273  2.3627  1.19345  -11.1259  39.122  -0.390895  -5.39542  37.3686  -3.80773  -13.054  7.51801  -8.32432  -23.5523  -10.64  -5.03381  -5.46204  -8.89737  -7.27258  5.42982  
-3.69449  -27.6689  9.04151  -4.44996  -0.354537  -6.91613  -1.13685  -20.399  -380.253  -8.61389  -2.39099  0.430178  -0.0710202  11.2756  20.9304  36.5019  -3.32454  22.2066  6.38316  -49.2874  -11.7738  39.0143  7.68849  -0.569157  -0.677507  -1.65116  -23.3943  44.8508  0.692937  -4.26246  27.4821  -0.398392  16.012  -0.23794  -15.8768  -11.6807  15.9819  -1.06294  -3.55726  -8.90904  -4.53445  2.9166  
-2.68238  -51.4217  28.5142  -12.7417  -0.445827  1.55938  -1.70552  6.97892  -225.725  -0.445227  -3.66864  0.930967  1.28323  9.71592  2.72049  20.6753  -2.721  22.9707  -0.870789  360.957  6.78606  106.728  -8.19431  0.592223  -2.18839  -3.41516  -14.4258  53.2682  -0.804659  -3.54619  -11.7398  3.86178  43.7258  -8.79215  -9.79189  -2.95721  38.0291  4.54777  -1.94064  -4.59552  0.828437  -0.948219  
-0.943479  -19.7298  44.7408  -14.0591  -0.086127  0.470073  -2.28338  11.7737  -158.779  3.87348  -5.14805  0.0132597  0.987901  -8.43163  -6.7311  2.71821  -1.15649  2.88814  -8.42926  288.753  18.0712  161.886  -27.0428  1.04068  -3.54783  -1.51269  7.68928  59.2374  -4.48453  -5.10167  -41.1965  4.27983  38.5103  -14.2633  1.82304  0.131901  39.1238  2.97428  -1.08524  0.676368  6.23419  -5.09572  
-0.179508  30.653  37.5862  -7.02348  -1.20439  -3.35018  -2.24347  -3.20634  -131.282  2.65698  -5.21392  -1.55966  0.0666305  -20.0216  5.90114  -12.7193  -0.314505  -21.4854  -8.95721  -148.405  8.19866  152.925  -17.5689  1.17488  -6.26702  3.24546  18.4624  48.0667  -6.82565  -2.88778  -37.0501  0.62075  4.04119  -9.23415  3.12855  1.50768  22.2844  -3.81164  0.212359  1.91728  8.33489  -7.05382  
-0.421243  53.5337  10.684  3.00868  -4.00873  1.2083  -0.59546  -16.8853  -7.9273  0.181638  -3.66093  -2.02743  -0.517234  -9.75618  20.037  -22.3077  -0.45243  -30.6061  -3.53479  -402.31  -7.60726  53.6754  13.5484  1.52078  -7.96688  5.94097  6.63311  20.3381  -5.04581  5.22808  -10.8532  -1.40256  -25.2524  7.76832  -8.86376  2.41685  0.788824  -6.09795  2.95799  -0.812932  6.34329  -5.30069  
-0.301134  38.0181  -8.10944  7.57161  -4.34688  12.1034  1.72573  -16.4867  194.165  -0.0249637  -1.22006  -0.677656  -0.658059  10.264  10.1041  -20.8968  -0.428707  -17.5099  0.519151  -217.522  -7.89383  -75.0468  29.4377  2.20197  -4.5731  3.62762  -11.1948  -0.984264  -0.290759  11.5781  12.861  2.5496  -21.5221  24.6132  -17.2492  0.497185  -11.7397  0.37329  5.83545  -2.18764  1.28461  0.552656  
0.867896  3.66448  -1.97568  3.045  0.188441  17.1857  2.6652  -12.4062  242.314  1.93378  1.25981  0.753703  -0.485944  17.7614  -19.9295  -7.68274  0.489359  3.19362  -1.40959  86.2122  4.14915  -129.549  13.175  3.30411  4.04875  -0.848864  -12.12  3.08855  3.72414  6.28968  23.5368  8.96339  14.8495  24.6887  -8.32069  -7.41916  -12.638  8.73879  6.33948  1.06825  -3.10067  7.07445  
2.14325  -25.164  13.5703  -6.11357  6.35567  10.4566  1.56422  -11.6637  -1.32025  4.01834  4.31553  0.423599  0.505584  8.60888  -40.6505  6.18649  1.61987  11.7541  -4.51178  136.576  8.02879  -73.5709  -11.3924  4.33467  11.36  -2.60907  4.20513  23.074  4.13084  -7.2954  22.528  10.0671  56.1557  5.36576  8.72377  -16.5978  -4.57181  9.2122  4.05785  5.7395  -5.14656  9.73373  
2.11414  -34.0551  11.2998  -10.2227  7.50385  1.13977  -0.102102  -8.61865  -304.348  3.9754  7.8682  -1.15457  2.06746  -2.19104  -31.2261  0.302184  1.69034  2.84083  -2.10321  -10.8294  -2.59789  -5.57853  -15.9529  4.13226  10.262  -0.829619  17.4711  28.7577  1.78041  -14.015  12.5761  3.48647  64.8029  -15.2245  14.9539  -14.1357  6.06752  0.434798  1.37266  6.65234  -4.12201  6.62153  
0.516657  -21.7722  -8.74367  -5.83913  2.03624  2.71317  -0.630768  -1.66766  -292.468  0.304847  10.6147  -1.50761  2.39106  -3.64428  -5.71226  -22.5953  0.291296  -9.49814  4.04648  -25.4173  -13.4576  -27.6188  -3.98868  1.90794  1.89241  0.457739  11.7541  7.18762  -0.977757  -4.77346  0.1546  -5.44434  16.3551  -16.7635  5.38459  4.47142  9.51262  -10.1759  0.46642  3.28561  -0.197403  0.604909  
-1.46695  0.0367659  -20.7318  0.452264  -3.82392  11.6748  0.0651392  -0.155808  41.7347  -6.03934  10.5781  0.298385  -0.0690153  -0.469042  7.01616  -39.7278  -1.59966  -7.6774  5.83633  130.302  -11.6118  -112.86  2.62813  -1.22417  -5.1169  -0.935132  -5.14839  -22.4021  -1.99403  12.5284  -7.00372  -10.3616  -60.759  -1.41092  -7.22892  26.4947  -1.042  -13.7432  0.677389  -0.313389  4.39298  -3.89124  
-2.32667  6.71937  -10.9463  1.64353  -4.47116  10.5294  0.9508  -8.55109  324.545  -10.3755  7.32801  2.22511  -3.44473  -1.04971  -2.28799  -29.4813  -2.45808  6.07389  1.75791  125.891  -3.98377  -105.791  -6.27025  -3.19269  -4.90647  -2.94489  -13.312  -31.0671  -0.967107  20.1648  -7.55736  -9.81166  -90.1547  9.18382  -11.201  31.6112  -17.8618  -9.44077  -0.0546082  -1.09323  5.32733  -5.04419  
-1.57904  -13.4732  0.0661684  -0.172949  -0.941259  -12.3475  1.47398  -15.2136  295.692  -8.09826  1.89006  2.19002  -4.11468  -4.47713  -17.2931  -2.05545  -1.6331  14.0919  -1.50229  -268.857  -0.872784  75.5399  -17.8992  -3.16417  -1.36904  -2.04976  -5.89916  -15.5423  1.2399  9.68195  -8.56111  -6.25383  -31.1493  -0.725026  -8.69221  16.0113  -28.3641  -2.86612  -2.11288  -0.0629842  1.19963  -4.42673  
-0.117834  -39.2345  -16.132  0.26113  2.25402  -42.2635  1.739  -10.8037  169.738  -0.572465  -3.05335  0.866789  -1.32007  -5.16624  -19.2061  14.983  0.0286182  3.80598  0.754705  -784.402  0.634074  309.419  -20.3425  -2.40945  -1.3763  1.22927  6.77114  3.28671  2.88496  -10.829  -15.724  -1.96705  53.2924  -18.2819  -7.45948  -3.02024  -21.2164  0.330279  -3.766  0.242744  -4.5636  -3.6287  
0.754904  -35.7213  -56.5759  1.34005  2.4021  -50.1199  1.68788  0.632785  245.738  5.39195  -5.34529  0.525452  2.08958  -2.70626  -5.9582  14.9546  1.0808  -17.4482  4.31021  -949.941  7.60393  368.142  -15.1585  -2.0805  -4.83085  3.00845  9.5129  7.20402  1.89087  -23.9709  -21.3558  1.10564  60.4315  -20.6452  -6.74569  -8.69656  -1.7432  0.32137  -3.65351  -0.814838  -6.93761  -1.78791  
0.634061  4.74384  -81.3262  -1.84688  0.559784  -25.4978  0.830522  3.67119  493.932  5.17795  -4.80123  1.52805  2.72073  -1.09852  8.56682  13.8124  0.970954  -28.8399  2.93626  -613.154  17.8137  183.64  -12.1308  -1.71964  -5.85247  0.856368  2.29134  -0.712703  -1.32679  -18.3254  -15.2709  2.94689  -19.394  -2.55053  -0.134672  -2.37567  14.9307  0.684191  -2.30257  -1.74712  -6.47221  2.23039  
0.190154  45.2496  -57.4971  -7.65702  -0.122971  6.61909  -0.857499  -5.93668  572.38  1.07242  -3.59172  1.94442  1.18637  -1.21322  14.3842  24.4239  0.404299  -20.075  -0.941185  -83.4667  22.0284  -73.4044  -13.9863  -0.58646  -2.03949  -3.45558  -2.78938  -3.58404  -4.17037  -0.533941  -0.012029  4.32895  -81.3848  18.1352  11.7106  0.190084  20.1125  3.05122  -1.02451  -1.44817  -7.10481  6.53187  
0.145706  47.5775  2.35978  -6.92618  1.27894  11.8974  -1.72172  -15.4427  304.846  -1.96914  -4.09629  0.680756  -0.0819402  -0.000538206  12.9298  36.8503  0.260042  -0.577166  -0.708511  280.7  19.6334  -196.642  -17.5495  0.888089  1.96612  -5.91391  1.47286  3.29714  -3.83011  12.0187  14.3811  5.50354  -58.9609  20.7485  18.8546  -8.5987  16.6375  5.64583  -0.285041  -0.629353  -8.64007  7.38394  
0.368261  15.716  51.6677  -0.387026  3.3547  -12.6566  -0.0765495  -13.4608  -179.986  -2.54337  -5.56025  -0.913365  -0.349052  2.09145  12.1394  38.3297  0.501147  11.1234  4.09788  378.966  16.474  -163.201  -16.804  1.67024  1.52907  -4.59357  7.3572  10.0685  -0.890124  6.32427  23.0903  4.94055  -12.9671  3.19772  14.7674  -24.987  13.294  5.63202  0.0358511  -0.641602  -7.36881  3.18758  
0.249694  -11.8383  57.1206  1.74798  4.1854  -33.442  2.84881  2.49508  -627.626  -2.3153  -5.35802  -1.12536  -1.04142  1.36203  13.776  27.2176  0.427186  7.84646  7.11609  326.655  13.975  -107.786  -10.0397  1.52492  -1.30172  -1.23819  4.76574  3.39035  1.41109  -8.05203  26.1716  1.04301  -27.647  -19.4337  6.63297  -37.6257  10.6869  2.5718  0.124267  -1.38468  -2.46844  -3.58518  
-0.381422  -12.97  26.6117  -3.57723  2.76888  -20.782  3.69008  19.3101  -838.534  -1.861  -2.56022  -0.165776  -2.55344  -2.95349  12.2353  11.2273  -0.297809  -2.34747  4.97721  204.152  5.07103  -108.354  1.08431  1.28377  -1.49493  0.275462  -3.27475  -11.8492  0.762417  -11.5641  20.6611  -4.11255  -72.5531  -28.6588  6.14317  -39.1683  6.13525  -1.56383  0.0287783  -1.40811  1.0904  -7.98549  
-1.0182  -5.48936  -2.62239  -6.6472  0.0261478  14.6739  1.52083  24.5055  -709.743  -0.0136926  0.342659  0.10029  -3.01314  -6.29249  4.78683  -4.14946  -1.19958  -7.14081  1.48662  14.7628  -11.3024  -106.721  8.4113  1.57296  1.31467  -2.12991  -6.99051  -22.2211  -1.4313  2.68208  1.68513  -6.46027  -45.3304  -16.619  14.9532  -26.4505  -0.70821  -3.7069  0.0824796  0.0712193  0.225498  -7.78614  
-1.17182  -15.1408  -7.479  -1.90132  -2.4855  35.2835  -0.180034  15.4479  -336.795  2.69159  0.588821  -1.16413  -1.31999  -5.2545  -4.97687  -11.6369  -1.60596  -3.59326  0.86183  -194.653  -24.8516  -40.7535  5.9552  2.52081  2.45495  -5.53329  -4.00656  -21.8459  -2.7123  19.1364  -18.2988  -5.07532  70.2342  6.62971  22.2483  -5.77329  -5.99326  -2.36757  0.250814  1.82414  -0.823544  -4.70361  
-0.899443  -35.9767  6.51469  2.68233  -3.4803  24.0231  1.06494  2.81108  -4.96808  3.79346  -0.627633  -2.31843  1.22309  -2.29249  -12.257  -10.3603  -1.36323  4.3601  1.47883  -312.161  -23.1085  39.7388  -2.66798  3.97684  -0.462962  -4.57212  -1.58355  -17.2429  -2.27567  17.8303  -18.0154  -3.54033  166.797  20.9156  15.9346  11.559  -9.54699  1.77754  -0.176631  2.12608  1.96037  -2.375  
-0.544554  -41.6722  17.909  -0.298409  -2.83233  0.719794  2.10482  -7.07528  35.1203  2.37373  -0.253607  -1.06256  2.21687  -1.72812  -15.304  -8.92215  -0.798621  11.0352  -0.42168  -289.762  -8.06232  56.8178  -8.10834  4.89599  -3.75633  2.00993  -4.21098  -19.05  -0.418592  -0.516754  4.71698  -4.32881  154.622  13.4503  0.0197513  13.1743  -13.9143  5.60686  -1.44506  0.926484  6.55195  -1.29051  
-0.240639  -24.9971  17.0857  -3.18765  -1.65069  -5.60985  -1.32893  -10.0691  -107.328  0.363177  2.13025  2.24683  1.42553  -3.52933  -13.0794  -21.8342  -0.237815  12.8734  -2.58399  -204.983  5.36362  15.8247  -6.00284  3.82092  -2.8162  8.50162  -5.04202  -23.1562  3.62571  -17.1336  20.5539  -4.93565  57.7531  -3.93824  -10.2647  -0.457684  -18.3566  6.82519  -2.60543  -0.131906  6.91621  0.591192  
0.148163  -5.38908  9.36118  5.87011  -1.29347  6.24768  -6.35329  -10.4068  -85.693  -0.170931  3.14006  3.83888  0.203998  -4.00216  -4.6476  -42.8013  0.257422  7.80323  -1.06464  -160.382  6.20321  -20.5901  -5.75698  1.0668  2.15213  8.16671  1.85176  -18.089  8.79296  -16.6604  4.58973  -2.72364  -32.7979  -8.23088  -5.90838  -11.8485  -18.2385  6.20616  -2.24531  0.136258  3.09377  4.31743  
0.642976  -1.40684  4.4275  20.8129  -2.3046  14.346  -5.07357  -13.6767  199.09  0.122252  1.58729  1.50128  -0.296616  -1.24249  7.50087  -42.9937  0.701215  -2.59601  3.10046  -142.845  -2.1321  -37.8216  -14.9411  -0.492362  5.96751  1.04121  7.25787  2.71054  10.8108  -4.23186  -26.9524  0.0340298  -60.8572  8.37942  4.96832  -6.8271  -13.364  5.27659  -0.444113  0.991834  1.56714  7.94411  
0.986645  -2.03623  5.29898  22.6736  -3.27333  6.38557  3.11576  -18.3519  431.564  -0.294582  0.662905  -1.18411  0.0328332  3.27956  12.298  -5.61929  0.990744  -11.0662  4.505  -97.0061  -6.21942  -81.4991  -24.1145  1.28691  5.12077  -5.85533  1.18391  33.5373  5.42375  6.25372  -32.7973  -1.95458  -30.5276  26.543  7.80533  10.7387  -9.71412  3.44857  1.23489  0.779345  5.00378  7.97971  
0.917938  12.1358  12.0651  4.97143  -2.1546  -6.81299  8.17875  -20.4552  355.554  -0.889623  3.77612  1.69638  0.942128  6.65591  0.941577  42.0888  0.97935  -10.2807  1.03259  -8.87639  2.43717  -132.555  -15.687  3.69524  1.04043  -6.89337  -12.0362  62.6637  -4.23425  7.29167  -1.82492  -7.50609  20.1115  25.9326  -0.821793  22.3318  -10.7593  -0.329187  1.49479  -0.816205  8.78878  5.18237  
0.566141  38.2088  17.6372  -16.3694  1.90083  -8.70771  2.52231  -15.4416  97.0946  -0.117386  8.2664  9.40747  2.2732  7.58951  -20.3904  57.8779  0.738378  -0.712768  -2.76829  81.4662  17.9741  -108.414  11.3252  1.61055  -2.43967  -3.46717  -15.6176  77.6585  -8.91619  3.83435  28.6642  -8.0893  37.4497  12.2956  -10.2948  15.3123  -11.0607  -3.61459  0.789257  -2.17813  6.84516  4.0615  
0.247528  50.0651  13.8673  -23.9046  5.3365  -1.03642  -7.2248  -7.65684  -54.0168  1.76574  7.42802  12.854  3.22273  6.04822  -31.2395  36.8747  0.428901  8.33188  -2.86336  113.63  23.3401  19.7779  33.7842  -5.85031  -3.78038  -0.679475  -3.819  70.6457  -3.92812  1.84499  21.4927  0.512145  -13.7421  3.85409  -10.3869  -2.29632  -4.31781  -2.00522  0.399486  -1.6117  0.432213  7.48223  
-0.0241532  32.7909  -7.11254  -15.4861  3.80486  2.08912  -8.31839  -7.36242  -36.7866  2.51996  -0.733572  5.53348  2.75395  2.88267  -20.9933  16.0883  -0.00119403  9.0445  -1.52736  77.3483  8.40024  142.923  31.5968  -12.4972  -3.81838  -0.909517  9.13305  41.0929  5.06194  2.18783  -11.3274  12.5904  -97.8285  3.17874  -1.57701  -14.1696  6.91522  3.82041  0.654882  0.450129  -4.52357  11.6457  
-0.575024  -1.05741  -33.4053  -4.62771  -1.69596  -5.09744  0.900601  -10.9742  6.03739  1.22944  -10.4018  -6.7188  0.915911  -0.803869  0.201535  17.8902  -0.770079  0.322198  -2.76274  29.9008  -17.2404  146.22  11.4972  -12.1005  -2.6161  -2.37745  6.69349  2.09571  7.65925  1.95721  -24.7296  18.9772  -127.04  -4.30776  5.95428  -13.8883  14.7203  6.74893  0.615313  1.78572  -5.72182  10.6467  
-1.37857  -25.0769  -41.0365  -0.048961  -6.12929  -11.8317  8.3976  -16.2773  27.9048  -0.208651  -13.2675  -12.1939  -1.1309  -3.2109  11.7734  22.8331  -1.67995  -10.7635  -5.67954  38.3381  -29.8815  61.4595  -3.50942  -5.38901  0.5712  -3.37818  -7.18004  -27.0884  1.55824  0.490003  3.15828  17.2224  -64.7855  -21.4527  5.7699  -10.2805  14.3346  1.8549  -0.34052  1.1562  -5.78901  2.6527  
-1.73716  -28.2827  -18.7967  0.0200949  -5.06699  -8.2155  4.73141  -19.5546  90.1421  0.457856  -7.00958  -9.03053  -2.24312  -3.28601  7.44295  6.87316  -1.96589  -15.9092  -4.93418  113.729  -19.7245  19.3231  -6.15721  1.15395  4.76952  -3.33075  -15.968  -37.3379  -5.93585  -1.25548  41.6625  10.5516  23.1855  -31.5954  0.697662  -8.02001  10.0275  -6.66526  -1.74225  -0.0365397  -7.66811  -7.29443  
-1.08313  -22.0925  13.2126  3.29609  -1.05648  0.656256  -5.73721  -22.2687  191.702  2.56322  2.88701  -6.50703  -2.21892  -1.64257  -2.53366  -23.545  -1.13995  -10.5041  0.711265  177.446  -0.654034  56.7645  -3.47041  3.00558  6.28673  -2.04456  -10.6895  -37.6504  -7.22221  -3.78685  47.9086  1.81773  53.8296  -19.4742  -2.13298  -3.43876  4.42626  -9.37895  -2.59749  0.283836  -8.77793  -11.7948  
0.0936088  -23.8787  18.9463  12.6049  1.5466  1.71018  -12.0161  -20.2891  243.122  3.06824  9.77053  -10.1178  -1.96367  0.170889  -7.25105  -33.2053  0.187139  1.06315  6.54034  173.474  6.86622  77.4667  -1.14616  1.7243  2.9838  0.241023  0.833697  -39.379  -3.01262  -8.26441  17.4738  -8.56433  27.4136  3.41195  0.147105  6.3366  -1.4617  -4.1925  -2.54972  1.8847  -4.44207  -9.27565  
0.706317  -35.7431  -8.58324  20.2386  1.79428  -7.81804  -9.75045  -7.93981  211.405  0.529159  11.084  -12.3081  -1.78256  1.00944  -8.73318  -15.8418  0.875504  7.81  6.45418  171.732  0.191973  8.93418  1.05322  1.52272  -1.98329  1.12084  6.54758  -43.755  0.726089  -13.7873  -15.3325  -16.5594  9.4699  16.2564  4.10017  16.201  -5.39612  2.30724  -1.90052  2.34605  3.99554  -4.59098  
0.412961  -44.2299  -35.6967  18.0224  2.77748  -16.7452  -3.75492  8.05431  91.1266  -2.89437  8.37829  -4.31844  -1.50268  0.694947  -13.9686  2.6306  0.604503  3.69855  0.683632  293.695  -4.95975  -56.7016  -2.86604  3.74754  -3.82803  -1.83505  4.81393  -39.9591  1.22946  -16.8278  -21.7269  -15.9051  27.4831  16.2945  3.60381  18.8192  -2.80298  3.67961  -1.12445  0.469621  9.2577  -3.24989  
-0.0238693  -31.7938  -23.4492  7.62805  4.89309  -14.375  -0.253437  14.4991  -126.197  -3.84282  4.17294  8.95773  -0.447609  -0.273852  -15.9107  -6.79846  0.174106  -5.63249  -4.10285  486.117  2.12748  -5.70144  -22.7219  6.14404  -1.97339  -6.36627  1.57674  -22.892  0.341437  -13.4161  -8.88416  -7.85104  46.1927  14.1555  -1.14353  12.8835  4.89684  2.57845  -0.678849  -1.93171  5.07509  -6.46343  
0.103675  4.24203  23.6439  0.481166  4.39878  -3.4076  -0.528992  9.82063  -409.526  -1.55293  0.284761  13.8948  1.13094  -0.987542  -1.10949  -34.1691  0.30011  -9.1598  -3.56593  527.382  13.3237  117.514  -50.8668  5.89755  -0.101511  -7.48726  0.572485  1.6894  0.622712  -2.00558  -0.333373  -0.952405  36.9171  9.69594  -5.84033  4.60519  7.69829  3.8057  -0.730029  -2.41298  -6.10325  -9.12621  
0.51362  43.6359  57.0185  3.73738  -0.433104  4.56838  -1.79372  10.5565  -537.674  1.44801  -2.46309  6.50232  1.69992  -0.530001  25.4437  -43.4462  0.682148  -2.17005  0.917341  238.669  14.452  141.971  -56.5362  2.88709  -0.573097  -4.35694  -1.52197  17.2658  1.72623  10.2191  -2.56052  -1.50287  11.6891  -6.33048  -5.19968  -4.26769  0.25593  6.29093  -0.739469  -1.0562  -14.4354  -6.38954  
0.553054  60.533  40.4695  9.52615  -4.91729  2.55904  -0.886486  28.1428  -290.458  2.47893  -3.85392  -2.95081  0.112864  1.2076  36.3233  -16.523  0.628336  7.9267  4.37597  -256.983  5.57289  12.2253  -26.3108  -0.421079  -1.38176  -2.94446  -5.34478  12.6733  1.83698  13.0237  1.80302  -4.46488  -11.2146  -28.5528  0.933451  -14.5067  -11.8108  4.51764  0.495632  0.174028  -13.0383  0.733895  
0.267221  46.4704  -7.733  6.27598  -3.40116  -6.23084  2.45458  44.3153  174.154  1.38674  -4.79472  -4.06369  -2.36563  2.7664  13.45  23.8358  0.18508  10.9245  4.79651  -629.279  -2.47398  -125.72  11.6325  -1.86811  -0.0520566  -6.82951  -4.79026  -11.7579  0.301511  4.3708  19.7101  -2.06957  -37.4502  -35.86  7.13489  -20.2413  -17.2285  -1.86206  3.15467  0.417922  -3.58083  5.55934  
0.281047  16.0844  -37.9779  -4.37164  2.52914  -12.545  5.24803  36.8843  391.061  -0.113973  -5.36634  0.856679  -2.75405  2.70276  -23.8026  39.4305  0.0673381  6.51208  3.9362  -673.338  -2.45631  -119.486  20.8353  -1.48435  2.50162  -9.47864  5.59447  -40.0823  -1.90276  -4.91186  33.4904  3.84717  -65.7826  -17.45  7.18888  -12.6451  -10.9221  -5.74893  5.43577  0.562642  5.80805  2.99336  
0.709323  -9.68013  -29.4514  -10.9817  6.43138  -8.44511  4.11781  9.94767  168.461  -0.77415  -5.14046  2.98007  0.0204491  1.08933  -36.5802  18.6935  0.521062  2.24382  3.25593  -491.511  2.36622  -18.1467  2.85867  -0.953063  3.50679  -1.96797  19.8409  -51.058  -3.59885  -2.46652  18.272  5.26008  -74.1711  9.56341  0.523923  4.7369  3.45358  -1.94578  5.15985  0.946352  9.39375  -4.20238  
0.879628  -22.9543  -4.41342  -8.27613  4.59493  5.72803  -0.367953  -5.75322  -166.638  -0.426431  -2.49911  -0.129441  2.99794  -0.195773  -13.1069  -12.4772  0.880583  5.02166  0.44758  -300.677  5.15143  7.9333  -8.52101  -1.39941  2.05614  13.3419  24.5301  -31.5532  -4.03848  8.52727  -20.0346  0.311004  -50.3289  24.3517  -6.3703  14.5764  18.0092  4.76555  2.45061  0.453387  8.3517  -7.88645  
0.35806  -22.3609  7.90098  -1.19138  -0.783614  20.3008  -2.90161  3.78419  -160.998  0.631523  2.2186  -2.97942  2.44676  0.217491  16.0303  -19.58  0.531006  12.0257  -3.97491  -219.637  3.06667  -92.4309  4.90416  -2.39959  -0.369411  21.807  12.8567  7.40261  -2.33893  12.7062  -47.0331  -2.68352  -18.5139  27.896  -5.51554  6.2344  26.5383  5.97775  -0.353414  -1.22957  7.16458  -3.4981  
-0.364446  -5.45687  7.71459  2.55858  -3.97659  23.3751  0.617458  20.7839  183.904  2.03517  6.68922  -1.48341  -0.9777  1.58746  18.6608  3.8476  -0.243724  14.3506  -6.26149  -192.063  0.186  -172.016  23.6177  -3.0709  -2.10901  14.3474  -5.2099  40.1141  0.64057  3.0659  -38.2084  2.38328  -5.85103  32.7018  0.782919  -9.00796  24.0588  0.0110105  -1.39396  -2.21484  8.69384  4.97809  
-0.55793  25.7733  12.4769  3.29442  -2.84877  14.0169  7.10902  20.241  425.522  2.76302  7.62077  1.69941  -2.87019  1.70622  -3.4982  29.2377  -0.670135  4.72095  -3.8591  -131.39  1.45558  -82.9489  23.3384  -3.41633  -2.97276  -1.60579  -13.4332  46.5601  2.50845  -8.55079  -8.1859  10.5953  -7.71245  37.6332  2.36913  -14.5  9.37465  -5.96764  -1.24335  -0.837403  10.52  9.87842  
-0.282807  50.509  23.6064  2.99355  0.695757  3.39169  8.78783  6.50582  291.219  1.41864  4.9769  2.0419  -1.02788  0.00313704  -21.2402  30.3411  -0.519986  -10.7005  -0.390188  30.4306  6.76418  119.311  5.4759  -4.09  -3.51645  -11.7057  -6.29081  31.2422  1.31508  -7.53683  10.1681  12.5252  5.46977  27.7659  -4.84948  -7.78667  -7.75467  -5.04987  -1.47044  1.49408  8.42105  7.26933  
-0.189005  41.6154  27.0948  2.61499  3.37606  2.93193  2.69989  -1.1275  -42.0288  -1.73544  1.73209  -0.449077  1.92254  -1.36717  -17.5621  6.88237  -0.259297  -18.3868  -1.80674  318.555  8.87158  231.115  -8.72503  -5.33086  -3.91717  -11.7485  4.27412  16.4338  -1.20906  3.20937  0.931369  5.54195  36.0683  -0.655774  -10.9673  1.12706  -15.1744  1.17191  -2.4451  1.98195  1.47015  1.20198  
-0.475556  5.18909  14.1118  3.62333  2.37403  10.9592  -5.16132  1.38718  -200.736  -4.44251  0.668676  -2.22705  2.01874  -0.410718  -4.20714  -19.3066  -0.265125  -11.5053  -6.24192  587.183  2.40449  152.82  -7.53088  -6.50268  -3.68917  -8.59834  3.36258  19.3135  -2.35487  7.85818  -23.0091  -3.02091  56.1532  -28.5271  -5.44353  4.89848  -10.0266  5.79679  -3.09065  0.471796  -6.61185  -2.42217  
-0.604393  -17.2295  -6.41776  8.38639  -0.845745  15.4918  -6.82448  -0.909913  -16.7316  -4.37238  1.43194  -1.42121  -0.684691  1.92622  0.00826025  -31.1495  -0.332688  0.809431  -5.65526  572.526  -7.68461  5.50315  4.75111  -6.50253  -2.28883  -8.47756  -9.65229  32.4208  -1.44401  0.428383  -36.0683  -5.97033  47.5748  -37.1305  8.4772  5.66945  -1.04611  4.54529  -2.60107  -0.350676  -11.0271  -0.95203  
-0.243933  1.48697  -25.6889  14.752  -2.77351  9.7917  -2.14216  -14.1199  243.712  -1.91752  0.889043  0.28278  -3.13871  3.09483  -7.07736  -27.1464  -0.177091  5.18675  1.7164  170.547  -10.3893  -34.1832  20.1844  -4.79328  0.966063  -10.0818  -19.2824  36.5315  -0.216317  -8.11282  -25.7147  -3.51347  21.1378  -27.2217  14.972  3.38554  0.554661  -0.283028  -1.51097  0.811414  -9.28842  3.03537  
0.189642  30.558  -42.8408  15.72  0.204833  2.05175  1.69365  -26.2417  236.199  0.26776  -1.30383  0.550962  -3.52498  2.31258  -12.3681  -16.1363  0.104525  -0.888955  7.90672  -348.639  -1.22747  27.678  32.0043  -1.99413  5.17608  -11.0946  -12.8888  18.3704  0.8248  -7.08829  1.67734  -0.557034  3.44824  -14.2697  6.65207  -5.07587  -6.73181  -3.11504  -1.0448  1.78437  -3.16429  5.14555  
0.186591  19.8801  -56.0037  8.62501  6.41326  1.79057  0.0342049  -23.0974  -69.4884  0.252821  -1.97385  -0.33224  -2.42059  1.34403  -7.79  -6.65465  0.249926  -6.5235  5.80978  -569.183  8.61629  13.9885  33.0428  0.28644  7.87604  -12.9191  4.98333  -13.3765  2.86727  0.48326  23.82  -0.835967  2.8389  -5.93256  -6.43906  -17.6431  -15.8048  -1.12254  -1.55593  0.357939  1.95391  3.47755  
-0.0559139  -26.5904  -56.6867  -0.282653  10.4245  6.97553  -3.24413  -10.99  -308.963  -1.19079  0.81441  -0.510134  -0.767894  1.33808  1.91848  -0.992035  0.272657  -2.64563  -0.234972  -367.582  9.1732  -159.525  20.5073  0.947627  6.10635  -14.902  17.8644  -39.0454  5.27321  5.62765  28.0433  -2.92476  6.63525  -1.46697  -10.9253  -19.5628  -18.8379  4.2708  -2.0784  -2.06572  1.88858  -0.215982  
-0.0124678  -51.68  -42.3279  -4.84411  7.8741  6.68463  -1.98513  -3.32528  -135.176  -1.69112  5.43976  0.94808  1.81993  0.289176  8.70257  4.44807  0.33778  7.22611  -1.88487  -85.8654  1.22999  -328.921  2.44655  0.378558  0.310583  -11.8198  15.7196  -42.8287  5.52472  5.72472  19.2683  -3.71256  1.2698  2.77638  -6.39209  -5.20458  -10.6204  7.84852  -1.57014  -2.49104  -3.4552  -2.1491  
0.323049  -21.0453  -29.4095  -5.6083  0.873051  -1.6035  3.10915  -1.44761  341.28  -0.213904  7.75428  2.44967  5.12787  -3.36466  7.53668  13.5067  0.434024  12.7985  1.59352  -44.1816  -3.82654  -265.078  -8.93175  -0.0143667  -5.30361  -0.44251  3.52319  -26.9982  2.81908  4.80224  16.989  -3.02918  -14.2713  5.63428  -2.39228  11.665  5.6246  4.9298  -0.3956  -0.860581  -8.2545  -0.00537998  
0.534677  25.762  -32.8006  -4.94626  -5.08511  -8.52651  5.12262  3.07094  670.379  1.94883  6.16824  2.13659  7.18863  -7.1936  1.11709  21.0465  0.514072  10.9218  2.96036  -156.995  -2.63831  8.62951  -7.56412  0.717912  -6.34332  13.0442  -7.16741  -9.23734  -0.0663263  4.75208  24.1897  -3.02455  -31.5821  1.79577  -2.56941  11.4958  21.4971  -4.07387  -0.107139  0.00273927  -6.1146  3.43228  
0.55705  31.1014  -42.3124  -2.88168  -7.46566  -5.89689  0.159504  13.1406  576  2.78789  2.33987  0.0504008  6.50566  -6.60177  -4.09979  17.3387  0.731223  6.79812  -0.56329  -100.957  -0.341268  216.051  0.719887  2.3883  -3.00483  18.765  -9.53927  -7.25309  0.171451  3.7095  22.3318  -3.20387  -37.6718  -8.58435  -0.223282  -5.76728  27.6403  -11.9412  -1.17405  -1.11621  2.30969  3.71451  
0.694564  -3.7709  -34.5424  0.575605  -6.83231  0.280811  -7.75609  22.236  242.451  1.46518  -1.49942  -1.99422  3.97516  -1.21769  -2.9427  -0.125392  1.1288  4.0484  -4.33187  188.93  -2.56787  168.36  9.74637  3.93838  0.0174311  15.0298  -6.00133  -24.2697  1.72359  2.07937  0.290779  0.0674243  -26.9084  -16.0548  8.46308  -17.1788  22.022  -11.2346  -1.65941  -2.07888  8.39061  0.178688  
0.848054  -28.1998  -3.66357  1.5478  -4.73398  -2.3943  -11.9576  26.7481  -2.06381  -0.872071  -4.97613  -2.7556  1.83204  3.35427  4.54582  -17.108  1.19401  1.22894  -4.81958  445.808  -5.33607  -12.4332  12.6205  3.88701  -0.103957  9.38712  -0.679756  -46.4234  0.577175  1.20253  -20.4816  7.27254  -8.67648  -11.0582  15.5328  -4.88573  12.1545  -1.59753  0.416195  -0.731854  5.29165  -2.98008  
0.475714  -13.3736  28.4077  -2.80488  -1.99371  -14.8109  -10.562  27.6709  -116.484  -2.08957  -7.33514  -2.36018  1.3132  2.95382  9.7662  -13.1065  0.369163  -3.75903  -5.11352  458.114  -3.0162  -68.6208  8.41368  1.68592  -1.11819  7.95256  2.68453  -51.9992  -3.81036  -0.610673  -10.9721  12.0754  -0.958746  4.30319  9.4269  21.1883  5.84739  8.11137  4.05599  1.81044  -3.48261  -1.22212  
-0.412462  12.6596  37.3313  -6.76522  0.667783  -22.7992  -6.34144  19.5848  -230.947  -1.10077  -7.07875  -1.64935  1.65435  -0.75303  6.77043  12.0265  -0.91544  -8.6482  -8.22743  331.478  0.951422  32.1829  0.0048539  -1.457  0.927621  8.84396  3.37406  -33.1606  -6.94057  -5.34925  18.5596  7.42435  -8.6862  15.9984  -6.8725  34.1623  0.476632  9.79926  5.91243  2.829  -8.23211  3.43906  
-0.903738  15.0497  20.6389  -3.32378  2.13041  -14.4295  -2.33573  -1.75145  -359.096  1.1241  -4.31703  -0.92179  1.42753  -2.8286  -2.72802  36.4949  -1.40168  -8.77235  -10.2742  273.032  0.433826  97.5633  -3.0908  -2.78355  5.87744  6.90584  3.30404  -0.144164  -4.92989  -9.78219  24.1674  -5.18014  -18.4797  13.1932  -16.7178  21.6257  -6.6217  4.57163  4.204  1.7537  -3.66088  4.20557  
-0.425444  -1.77247  -10.5608  6.65948  1.94058  3.60465  0.137732  -24.8211  -335.801  2.1448  -2.04254  -0.168464  -0.0847412  -1.81377  -11.8039  38.3768  -0.612741  -5.31585  -6.62727  273.002  -5.5098  -1.09303  5.93292  -1.29176  8.83925  1.81709  6.53181  26.9831  0.0455366  -9.67617  -12.1506  -15.8233  -18.2121  1.68998  -9.71556  -3.99367  -15.9332  -0.0148895  0.980763  0.393245  5.99067  -1.69087  
0.200858  -7.33864  -47.391  11.6686  1.34305  15.1872  0.681939  -28.2364  -138.482  0.564298  -2.28885  0.417758  -2.54736  -0.483971  -16.0849  17.4295  0.263771  -4.0525  -0.169277  167.834  -8.70301  -155.989  22.187  0.829559  5.83874  -2.46925  11.5697  37.9766  3.27075  -6.22499  -51.5143  -16.8964  -10.5731  -2.70847  4.56229  -19.8507  -22.266  0.0328127  -0.670068  0.0247994  11.0242  -9.38207  
-0.21344  10.0993  -76.7797  5.71311  2.08823  13.7013  -0.827703  -10.1071  31.2715  -2.15679  -2.89106  0.450035  -4.52853  -0.296404  -16.0718  -6.66669  -0.166381  -6.54642  0.651401  -57.5427  -3.09662  -190.104  31.2348  0.338776  -1.29865  -3.61372  10.7706  35.9275  2.83118  -5.60009  -49.1634  -11.0908  -5.69084  6.665  9.91488  -17.3535  -22.475  1.23542  -0.176714  0.0735695  7.17073  -11.8403  
-1.3788  29.1843  -77.6475  -5.45059  2.93346  7.22893  -2.84938  10.2092  26.7171  -2.94727  -0.257233  -0.0156155  -4.64223  0.451467  -10.4716  -16.0213  -1.47566  -7.3125  -4.87336  -189.826  8.27435  -96.2967  24.0625  -2.66399  -7.15252  -3.0657  0.648942  29.5532  1.02903  -8.31903  -15.8744  -5.13763  -1.55949  17.5714  3.10761  -4.27148  -15.0294  -1.23706  0.464295  -0.331222  -1.52667  -8.00925  
-1.69423  28.5778  -45.8886  -9.70781  2.46651  4.5043  -2.73332  13.1463  -73.6682  -0.79673  4.8414  -0.433062  -2.92082  3.05067  2.74879  -13.2135  -1.81352  -2.14069  -7.8908  -84.69  17.9244  -3.0036  5.17376  -4.62746  -7.75864  -2.67239  -11.1621  22.174  0.523378  -7.50796  -1.56759  -2.59476  9.04072  17.1445  -2.63211  10.643  0.819634  -5.0312  -0.188869  -0.867191  -6.8016  -3.167  
-0.460609  11.1896  -15.4303  -4.60573  0.846345  4.62039  0.483383  2.22268  -124.955  1.98469  7.97903  -0.479762  -1.06962  5.69424  17.191  -11.3196  -0.409568  5.34056  -0.74665  115.456  22.0157  18.6705  -10.409  -3.04718  -3.89466  -2.48315  -15.0929  12.5785  1.29663  0.982988  -20.1799  -1.45257  20.8435  4.97427  2.85018  25.1954  16.1127  -4.54164  -1.67861  -0.918394  -4.36743  -1.54335  
1.01219  -3.05081  -25.3289  2.55644  -0.572509  3.46587  4.25336  -4.48458  -78.3191  2.36566  7.06755  -0.328085  -0.643114  6.10025  18.641  -19.9977  1.25008  7.04711  10.877  105.333  21.2067  19.0281  -12.4621  0.514834  0.680409  -1.90796  -10.0005  0.634845  2.12621  10.359  -31.9492  -0.0455335  17.48  -8.75968  12.8424  39.1908  18.0954  0.213133  -2.58555  -0.676429  2.08328  -1.92355  
1.11628  0.236157  -57.2524  3.65261  -1.03996  2.46719  4.87421  -2.47898  61.9617  0.268767  5.28067  -0.225421  -0.869915  4.52983  0.67856  -33.6774  1.37313  2.46433  16.2066  -160.972  15.0259  52.9946  -0.0274577  2.21382  2.83262  -1.34451  -4.72689  -8.03908  2.35328  10.9706  -3.07526  0.840432  2.2971  -14.6475  13.9268  45.6385  4.24963  3.01769  -1.94047  -0.873409  5.59813  -0.932704  
0.0940236  13.4162  -47.5721  -0.952528  -1.73327  6.70877  1.55644  1.04169  243.03  -1.37811  5.51117  -0.124513  -0.443882  2.64905  -22.9825  -34.8585  0.210547  -1.94199  11.6035  -384.376  3.4358  83.819  16.5284  -0.0526977  2.06666  -1.55553  -3.35611  -7.83485  1.39294  3.1494  42.7617  0.876485  -5.54224  -9.77269  5.26352  38.4413  -11.1516  0.618044  0.344693  -1.33665  3.82097  2.23808  
-0.443936  17.4051  29.8121  -4.22888  -2.8467  14.6155  -2.41826  1.94546  370.685  -0.494894  5.5094  0.263607  0.836271  0.869838  -31.0058  -16.6785  -0.475479  -2.40301  5.25106  -262.322  -11.4437  60.3868  26.5739  -4.64185  0.00823383  -1.94718  -2.86466  -2.04626  -0.764759  -4.36653  53.1814  1.09534  5.10322  0.547461  -2.84629  21.916  -15.5874  -2.39706  3.11955  -1.01259  1.74431  6.24006  
0.166631  4.24302  108.658  -4.3908  -2.57236  18.2643  -3.11093  4.17638  333.846  1.55259  1.027  0.780554  1.66851  -1.34908  -21.5408  7.99974  0.0780721  -3.46986  4.18236  112.175  -21.553  -2.28863  24.7625  -8.07433  -1.07979  -1.11194  0.127634  -2.19741  -2.93843  -4.17496  22.9109  2.17723  17.7246  6.3593  -4.99384  5.11159  -11.3334  -0.815196  4.20601  0.520435  5.34557  9.18881  
0.785511  -18.8452  106.918  -4.66883  0.483918  14.044  -0.231638  9.63634  183.263  1.86129  -6.47708  0.679613  0.910018  -3.13481  -11.5604  17.8651  0.687489  -8.58106  6.56943  350.617  -19.8152  -40.1761  13.5236  -7.70449  -0.474234  1.05196  3.20454  -14.6515  -3.06103  2.41517  -0.179155  2.93659  12.2516  2.12827  -5.76286  -7.79845  -6.52219  3.68604  2.11593  2.1491  12.8001  10.3942  
0.183569  -41.4336  27.9103  -8.36032  3.45852  5.97505  2.36991  15.26  97.3744  -0.190316  -11.1292  -0.775241  -0.15972  -2.73016  -9.65037  8.28158  0.0609285  -11.477  6.29042  286.527  -6.1036  -28.7552  1.28088  -3.54962  0.703271  3.11743  4.48266  -28.9424  -1.06818  7.32461  19.308  2.96452  -5.9248  -7.62363  -9.93981  -17.9943  -1.62315  4.26397  -1.9663  2.2889  14.8437  8.43922  
-1.17055  -56.4405  -46.4259  -11.8532  2.10909  -1.61426  1.05648  19.6883  140.14  -2.27533  -9.40673  -2.87675  -0.188854  -0.0418795  -3.51142  -3.21692  -1.31917  -7.28949  1.51623  138.662  8.45414  13.8311  -4.71284  1.45273  0.823984  4.02795  5.34227  -25.6599  0.204939  4.05881  54.3954  3.37545  -17.6575  -10.6233  -14.2169  -25.2163  7.49888  -1.39713  -4.51843  0.895152  6.03784  2.90498  
-1.71005  -56.9891  -54.856  -8.56939  -3.97731  -9.95703  -3.7186  21.9716  163.407  -2.1679  -4.16261  -3.74629  0.884395  2.53602  19.7193  -0.139473  -1.84212  -1.47547  -4.17974  154.429  10.7359  53.1967  -1.39566  4.00464  -0.637511  3.87198  7.56981  -0.562749  -1.28752  -7.39778  50.6156  5.06391  -18.4713  -1.08831  -10.5908  -26.8047  13.4576  -8.32092  -2.95231  -0.376827  -8.48311  -4.10275  
-0.797595  -36.4203  -18.5461  1.32015  -8.67659  -19.9711  -7.83658  19.369  45.9559  -0.340097  -0.728812  -2.29867  1.87723  2.55967  44.0679  14.9551  -0.878963  -1.85375  -7.81343  202.489  -2.53174  64.1614  6.23585  2.98679  -2.5939  3.85005  8.33074  24.1193  -3.5293  -19.3361  -1.23646  5.18216  -18.7373  9.16382  0.74055  -25.0389  7.22261  -10.4792  1.70701  -0.216664  -16.4985  -9.39842  
0.638929  -3.77024  15.26  10.2696  -5.78222  -24.5823  -7.82518  9.51072  -97.7056  1.08797  -1.06493  0.194948  1.6892  0.194243  42.3442  20.0759  0.609721  -4.70873  -9.48505  20.9144  -18.634  28.4189  11.2923  0.643325  -2.90156  4.02195  5.63946  24.0759  -2.86631  -21.0859  -53.4495  1.87144  -21.6001  7.90246  11.8062  -25.5535  -3.28989  -7.63076  5.87156  0.693579  -12.9274  -11.4369  
1.30597  13.0648  32.9463  11.8357  3.65344  -18.3293  -4.35013  -1.18917  -79.1737  0.95471  -2.39361  1.1969  0.81984  -2.42884  12.4872  3.54523  1.32551  2.08572  -9.34897  -335.627  -21.9359  -53.7101  8.53265  -0.172158  -1.25545  3.13309  2.55705  1.38017  1.17883  -9.53652  -58.1951  -2.61092  -18.3106  -3.3278  15.8356  -28.5768  -3.8157  -2.78356  7.01659  0.666048  -5.71427  -11.1018  
0.927524  -3.47503  47.7008  8.22402  11.4337  -7.11256  -0.875278  -2.34872  64.108  0.098691  -2.23743  0.105536  0.0677938  -3.38942  -16.5577  -14.8041  0.997917  18.1383  -6.72101  -482.143  -10.8057  -126.384  1.04379  1.16009  0.522749  0.560345  4.19807  -14.9087  4.87752  7.04763  -19.6916  -3.43362  -4.85288  -9.0495  13.4169  -22.0518  5.29214  0.873135  5.28729  -0.63141  -4.70325  -9.41543  
0.284809  -30.3673  55.8002  7.10637  10.9732  -1.60162  0.301619  0.754382  86.9647  -0.316291  0.0496656  -1.32808  0.139479  -2.22585  -21.7233  -7.3643  0.391566  26.1544  -1.94624  -233.625  0.550937  -126.728  -2.11751  2.68823  0.496156  -2.97344  9.44625  -8.35071  4.66958  16.3174  17.55  -0.787342  5.17579  -2.8683  10.7286  0.759204  6.29269  1.94319  2.45095  -1.65268  -9.20221  -5.08068  
0.236828  -24.6678  45.908  11.703  4.68747  -4.2456  0.526322  -2.32389  -112.406  -0.318286  3.48255  -1.35639  0.992999  0.164045  -11.0962  22.259  0.356126  14.0101  2.50479  150.354  3.97777  -48.1492  3.37629  2.56607  -0.410183  -5.74315  12.978  5.43452  1.49475  14.5956  20.2511  0.672275  -1.72194  7.74269  10.1406  27.488  -6.13949  0.604666  0.044165  -1.10619  -10.321  2.36275  
0.846581  21.3171  21.7988  15.1946  0.933755  -4.34567  2.60863  -11.632  -351.432  -0.459131  6.12796  -0.183063  2.02701  2.70297  -5.69776  38.9768  0.979622  -4.30863  5.43434  290.289  5.9351  40.6  11.8031  1.05828  1.24911  -6.94185  11.0513  0.659797  -1.6951  8.56501  -2.92537  -2.71133  -21.8971  12.9973  9.47303  36.2539  -10.9587  -1.37987  -1.28757  0.211702  -4.05252  9.34151  
1.30743  66.9481  5.38795  9.00146  3.55506  3.43647  6.56154  -17.0744  -428.984  -0.664932  5.71435  0.902123  2.06158  4.04471  -6.98239  19.77  1.4546  -9.67085  6.05385  174.723  13.0164  72.989  14.3967  -0.357837  6.02087  -7.74182  4.50867  -23.8197  -3.12347  6.37267  -20.3799  -7.08594  -37.1869  10.3996  5.40139  19.7293  4.53785  -1.16279  -1.54553  0.557411  2.25398  11.2231  
0.71015  72.7398  3.39847  -6.07166  6.96452  12.436  8.58509  -7.84283  -308.031  -0.401012  1.8956  1.04979  0.195214  3.02142  -2.87103  -17.3592  0.815825  -0.448043  3.80902  61.8971  17.0122  47.5096  10.4959  -1.2376  9.16727  -9.62267  -3.68544  -41.9804  -3.90872  9.06668  -17.698  -6.14191  -39.2081  1.22803  -2.84377  -4.75566  23.2122  1.63021  -1.41418  -0.399663  0.126267  7.83398  
-0.900058  44.0079  4.39645  -16.7307  4.55695  11.458  5.08189  6.4969  -110.637  0.281525  -3.12672  -0.388725  -2.69535  -0.0456575  6.73289  -39.3056  -0.917025  6.43722  -1.61881  67.2189  6.98933  8.03889  5.70878  -2.11088  6.0213  -12.076  -9.54478  -35.7486  -4.82411  11.2868  -6.77863  -0.179044  -28.8171  -14.7376  -8.89061  -14.9419  22.5275  3.93127  -1.67928  -1.26754  -6.65006  4.22292  
-2.32777  17.0798  4.18694  -13.1372  -2.45247  0.902747  -2.22175  16.9956  57.5495  0.494456  -6.0159  -3.65712  -4.5224  -3.14466  5.71772  -35.1282  -2.45724  0.080534  -6.495  48.5571  -10.2313  -13.1004  6.69538  -2.66265  -1.88868  -12.624  -10.1351  -13.1528  -5.25094  7.4134  -1.97102  5.13655  -14.6329  -31.544  -7.27102  -8.09561  6.11406  2.97346  -2.23268  -0.987937  -8.05109  3.54678  
-2.31625  9.44818  11.3621  -1.59488  -6.87052  -8.22493  -7.15661  19.9906  216.613  -0.277895  -4.69254  -6.58712  -3.64505  -3.89279  -13.3488  -18.2359  -2.44675  -8.70327  -5.9295  -128.136  -15.4835  -20.6274  11.4773  -1.48304  -7.34102  -8.63177  -4.40152  -0.736807  -4.04208  -5.71013  2.26751  5.42277  -0.330027  -35.6581  -0.0281933  1.06523  -6.56266  0.914785  -1.92268  -0.0945763  0.538017  2.26253  
-0.959084  5.53006  27.4581  3.87523  -4.26599  -7.55392  -5.8505  18.5276  366.447  -1.29078  -0.450505  -5.14079  -1.01292  -2.03892  -31.9278  -7.50063  -0.993133  -5.64792  -0.508053  -311.819  -4.16691  -27.4648  15.9699  1.35161  -6.14628  -0.50739  3.74831  -17.4963  -1.45437  -24.7102  16.5247  3.00339  8.87812  -18.4492  3.87599  1.84847  -11.3117  1.3563  -0.188297  0.106524  11.1085  -3.65711  
0.340124  -9.25278  37.7442  -1.04509  0.257528  0.164719  -1.3968  12.5832  451.575  -1.2562  2.74475  1.44002  0.820105  -0.123174  -27.1572  -6.93977  0.406363  5.48089  4.00572  -261.061  7.24055  -38.2276  15.7916  3.045  -1.74354  8.25631  9.71647  -57.3085  0.971222  -38.5838  31.0325  1.05802  4.71848  6.60679  1.53971  -1.46394  -21.0289  3.88741  1.51129  -0.739147  15.5698  -12.2484  
0.475587  -25.4221  32.8652  -4.15977  -0.418915  7.23215  0.0325626  8.69036  420.588  0.592463  2.51598  7.20361  0.639684  -0.0909054  -2.52152  -13.2625  0.604107  9.96292  3.36117  47.0137  5.48405  -57.2884  9.98527  1.04507  -0.0253423  13.6046  12.6038  -88.9924  1.73213  -33.9843  21.5812  -1.52814  -9.27014  19.0383  1.01935  -1.98099  -33.6829  4.66488  1.15466  -1.79378  12.4424  -16.3249  
-0.180201  -22.8685  22.7762  3.91069  -5.92938  8.99895  -2.66141  11.9462  320.273  3.40854  -0.828306  4.94093  -0.380271  -1.06233  16.4943  -20.3007  0.00676161  2.5713  0.318352  343.727  -3.40103  -73.361  0.628218  -3.0371  -1.4122  13.8272  15.7269  -82.0881  0.917883  -9.78764  -13.8726  -6.32615  -14.1739  12.9962  8.49092  -0.293874  -28.8876  1.51468  -1.30042  -2.12589  7.58048  -12.1538  
-0.415078  1.31091  19.1746  15.4677  -9.69927  7.47443  -4.29238  16.114  227.557  5.29287  -4.69455  -4.51191  -0.214922  -0.616239  10.2  -19.8396  -0.189856  -4.24644  -1.5102  363.152  -6.81494  -56.1521  -5.63994  -4.70474  -1.20912  9.69083  18.5543  -33.0881  0.685549  15.9827  -41.9283  -9.28174  12.4248  2.53203  14.93  -2.56514  -2.42567  -2.57231  -3.48372  -1.3884  3.61882  -4.07083  
0.238238  28.2811  20.5069  15.3972  -6.71554  6.70953  -0.567949  9.02675  124.814  4.66923  -6.43579  -11.4216  1.55866  1.97021  -10.4887  -8.60224  0.382893  1.05535  -2.0273  152.455  -3.68209  10.035  -0.639328  -1.74647  3.22663  4.0242  15.5444  22.8969  2.12552  21.7943  -32.1351  -3.99909  54.0197  1.6398  6.49805  -8.78764  22.1846  -4.22841  -3.27278  0.156219  -0.248891  1.09009  
1.09252  32.7887  19.5729  1.19956  -0.337845  8.67391  5.61751  -10.195  -44.5117  1.99111  -4.98069  -8.18706  3.05815  4.31249  -20.2309  3.09158  1.00825  10.6468  -3.04552  -1.48567  -1.82638  70.4971  12.0142  2.91558  8.3546  0.19893  4.85593  52.5218  3.65093  5.82045  6.54665  7.44281  75.0104  10.1031  -13.4195  -9.22228  27.2734  -3.9348  -0.460971  1.76932  -3.90878  1.63164  
1.40639  9.69142  15.6127  -12.4786  2.75909  10.4122  7.95993  -17.0161  -262.03  -0.909608  -1.56405  2.52909  3.18677  4.1178  -2.93007  2.50812  1.08409  7.60229  -3.77663  105.674  -3.9749  41.0512  17.0189  4.95521  9.13329  0.324289  -9.12427  56.8678  2.54034  -10.1273  38.1879  14.7815  51.5117  18.2417  -23.6791  2.49296  27.3917  -4.94803  3.4508  2.60396  -4.65625  0.121088  
1.32605  -20.839  10.3258  -13.3415  0.47461  9.16857  5.41564  2.23101  -447.665  -2.74665  1.74232  11.1151  2.51716  2.1582  28.6378  -8.83199  0.949472  -10.0628  -1.99972  385.428  -5.97404  -61.9053  6.20217  3.78365  4.57729  3.31314  -20.6646  61.4834  -1.11534  -5.65977  49.2128  12.4925  7.36455  22.3619  -13.3282  19.2269  38.3714  -7.35282  6.42139  2.32228  -0.982622  -1.05634  
1.51497  -27.6555  -3.65806  -7.38239  -2.44682  6.36129  4.00486  24.4811  -566.976  -3.97585  3.2291  12.0583  2.63078  1.49782  47.9976  -14.9811  1.29872  -21.2892  1.86465  550.982  -8.13098  -105.883  -7.59593  2.56908  -1.28368  5.26895  -30.293  76.6257  -2.98418  15.1554  61.9316  9.10014  -8.74625  21.4946  -0.535397  29.6202  45.226  -7.3715  6.62253  1.56884  2.58763  -1.59751  
2.08294  0.552386  -27.3805  -5.76527  -1.11285  4.41309  8.04297  15.1937  -630.083  -5.42389  2.85779  7.66824  4.01303  3.1964  40.2396  -5.00008  2.09008  -10.7369  3.95923  456.118  -13.7743  -0.831206  -7.41599  3.2176  -4.36269  3.78089  -40.0708  85.7816  0.307246  31.1972  89.8276  14.0337  20.7347  17.0027  -7.18197  27.3399  22.7372  -2.45891  3.78407  1.23579  1.95976  -1.66256  
2.2816  35.0068  -42.9737  -9.39771  3.04592  3.92457  12.7395  -14.046  -583.634  -6.2162  1.49757  3.22839  4.90477  4.84759  17.1529  10.6837  2.40598  10.479  3.0862  211.673  -18.9619  150.336  5.31774  4.23207  -4.12005  0.769987  -42.5488  71.6907  5.51726  29.3898  105.774  21.4327  57.0024  8.30472  -25.3225  16.6383  -16.0195  3.26012  0.107031  1.29936  -2.0598  -1.40443  
1.30378  37.8801  -26.3737  -9.04958  4.5018  2.06606  9.31958  -20.4639  -313.423  -4.53175  0.31421  1.18888  3.25743  3.18183  -0.250216  13.2383  1.38396  16.4396  1.65526  52.6783  -13.7706  147.306  12.1721  2.66372  -2.46777  0.404413  -25.7266  40.2003  6.15531  14.632  70.3294  16.1419  52.4556  0.907824  -23.7104  6.13892  -28.7694  3.96903  -1.3525  0.927959  -3.90045  -1.0933  
-0.739559  2.6956  22.8943  -0.437039  1.5636  -2.78046  -3.3859  10.4051  168.709  -0.2943  -0.40056  0.758671  -0.995759  -2.1317  -4.11811  -1.39623  -0.806624  0.248893  1.9425  36.8646  3.97527  -47.5111  5.34549  -1.80331  -0.959949  3.60508  9.5317  4.64763  0.757902  -3.842  -17.5217  -5.28737  1.03064  -3.36056  6.79202  -0.993043  -1.98771  -1.13613  -0.0191579  -0.185523  -1.94312  -0.835937  
