-0.0141811  -0.815157  1.75195  0.314733  1.32298  -17.7599  -0.28602  -0.385242  12.4125  -21.0209  16.6323  0.48489  2.53438  -0.7286  -2.7494  -2.34034  0.58547  -1.62044  3.14565  1.91714  0.100085  -1.01031  6.23007  0.240997  1.77453  -7.07509  -1.55017  -1.96211  0.910522  1.0917  0.312859  2.65696  -3.7027  1.7848  -2.68321  -60.8484  5.43599  0.129329  -0.865384  3.88512  -43.9709  -4.30264  
-1.19333  -20.5016  5.97206  32.1146  -3.51914  7.18614  -0.358202  5.83088  -35.7448  377.793  56.7265  -2.65602  -16.5618  -6.48598  3.31541  -4.96438  -0.712522  1.76455  -8.4733  5.91379  -24.6149  9.91264  10.0363  -1.27357  -2.95589  -10.8486  5.14181  13.6466  -3.39654  -0.151487  -1.70329  -16.6218  6.1856  3.93641  -0.809485  -164.983  -6.40364  2.02747  -4.12783  -15.1837  126.939  0.886447  
-1.22681  -20.9186  4.73285  31.8164  0.0101443  16.5273  -0.0548638  21.2748  -34.52  705.94  59.5158  -9.37363  -22.7054  -8.5685  1.85222  -9.9707  -0.727781  3.13302  -9.20053  6.78224  -26.4598  13.9176  18.9175  -2.28253  -4.60263  -19.9204  7.4791  16.2743  -4.5556  -2.11843  -1.99609  -19.6007  9.01834  -1.1025  3.77873  -140.147  -18.3071  2.23557  -3.03974  -17.9125  86.0245  4.36534  
-0.272386  -2.30588  4.93407  5.18393  6.68585  6.22993  0.485868  36.0412  2.54591  851.525  -3.61497  -15.5215  -18.1307  -5.55673  -3.46984  7.82574  0.365827  2.44256  -2.22414  4.15003  -5.03038  9.95377  29.9798  -2.34463  -4.09057  -30.7467  5.71661  6.45648  -3.22682  -3.6348  -0.674591  -9.79743  6.22013  -6.46837  8.83271  5.48275  -23.2819  0.751726  1.06954  -6.64449  -45.5969  4.6289  
0.474323  21.0678  13.6884  -13.7471  4.59613  -18.4947  0.65567  32.0241  21.677  723.918  -111.619  -14.2398  -13.4974  0.151884  -3.52315  52.5339  1.02462  1.51885  0.586012  1.79109  20.0708  5.16799  34.1527  -1.2778  -3.74775  -33.6257  3.52112  -2.70994  -2.19282  -3.45307  0.694734  -3.05077  3.86469  -3.24619  9.74564  132.654  -13.9675  -0.526143  2.16913  3.14798  -14.2951  5.06704  
0.255629  37.1491  24.5598  -6.21726  -6.67038  -36.511  0.09895  10.6527  -0.743317  369.724  -174.934  -6.3955  -10.8544  4.32153  3.5432  77.0187  0.40903  1.70116  -4.45916  2.55023  30.3523  4.10499  27.6632  0.409883  -3.4976  -22.5308  2.33668  -1.75319  -2.6688  -2.44894  0.949676  -5.43583  2.78993  3.01224  5.34574  137.697  3.35053  -0.558932  -2.59708  3.2005  189.597  10.7176  
-0.441602  39.3938  25.3902  12.7083  -15.3352  -38.3554  -0.763382  -7.47697  -35.1437  -14.4826  -123.362  -0.0302502  -4.61721  5.0461  9.70022  26.9083  -0.674484  2.25685  -9.90088  5.0192  21.4265  4.55372  15.1499  1.80585  -1.13323  -2.72472  0.866362  6.74275  -3.47714  -2.52904  0.330407  -8.3482  0.545299  0.832287  -0.277927  69.8159  12.8498  -0.362785  -8.78435  -0.355484  308.196  18.5032  
-0.580447  20.6428  15.1195  19.1415  -12.2775  -29.4329  -1.06888  -8.89088  -46.5425  -206.938  8.66034  -0.0414473  5.00108  4.64971  8.3439  -75.6972  -0.806152  1.58322  -8.54365  4.98295  -0.967889  0.787091  6.83318  2.40809  4.34128  14.2739  -1.33638  13.2189  -2.94093  -3.04375  -0.103688  -4.00627  -0.942828  -7.50277  -2.15941  49.245  6.83745  -0.398889  -8.41477  0.824915  175.035  20.3551  
0.180787  -15.0684  3.34703  9.30321  -1.92414  -18.4134  -0.445482  -3.36477  -34.1616  -182.34  81.6664  -2.97299  8.88812  5.19432  1.77709  -138.832  0.455511  -0.537591  -1.45284  1.28479  -28.1589  -7.79393  2.59471  2.686  8.18032  20.8354  -2.06263  12.1719  -0.799895  -1.5856  0.148184  3.72508  0.0469206  -7.14076  -0.128371  102.439  -5.14944  0.212314  -0.0574069  5.7711  -67.195  9.82099  
1.20082  -40.1992  1.28523  -2.67615  5.94108  -8.23094  0.584679  -2.47152  -16.1086  -92.9781  34.5962  -3.51231  2.06577  5.23166  -3.70085  -107.614  2.22047  -2.36635  5.1332  -3.11164  -48.2036  -15.3309  -1.71001  3.42451  5.86446  18.2414  0.202401  5.55244  2.10849  2.11887  0.528029  6.58197  -1.18529  4.79576  1.71201  164.016  -6.62689  2.11564  7.9472  7.95264  -185.018  -5.00587  
1.61571  -26.5176  8.6357  -5.83474  6.70659  3.26695  1.15895  -2.79977  1.09286  -91.4323  -45.0896  -1.58067  -6.55837  2.66082  -5.86925  -32.7576  3.11636  -2.08227  7.1468  -4.73031  -51.0997  -14.9741  -3.87711  4.26037  -1.13337  13.4717  3.50913  -2.30651  5.40434  4.35754  0.373508  3.46716  -11.0009  12.2938  0.455384  159.345  3.10508  3.30532  7.00485  5.39815  -153.294  -13.2656  
1.20899  11.3841  16.8255  -2.12787  4.2233  14.287  0.967061  3.74125  16.6569  -171.478  -4.97989  -0.616733  -4.49235  -1.58554  -6.57472  0.0112092  2.87064  -0.13662  4.26156  -4.18324  -36.3731  -8.43788  3.83731  3.82936  -5.69182  11.8479  4.62099  -9.04442  8.05046  1.88787  -0.22033  0.141263  -23.0469  4.20216  -2.68025  126.079  10.784  1.1649  -0.992243  2.15186  -66.2439  -12.9656  
0.437133  25.3765  18.4163  -2.72483  2.25769  28.0887  0.381893  11.1978  20.3505  -210.298  158.253  -1.73811  7.88636  -4.40303  -6.15567  -20.5229  2.06105  0.628142  -0.970785  -4.79701  -13.9708  -2.86193  21.434  1.57058  -3.17001  12.2844  3.11981  -12.477  8.44687  -4.00711  -0.501921  0.341206  -22.4515  -7.79707  -4.18585  109.094  6.59281  -2.77966  -5.29266  1.54356  -16.4728  -11.3425  
-0.106274  -7.04504  14.1863  -9.87259  0.537766  48.9591  -0.0772574  6.88817  5.51418  -153.953  277.699  -2.63409  17.6601  -4.31557  -3.15982  -35.6222  1.39349  -1.22838  -4.53975  -7.5202  5.96329  -3.0114  32.3038  -1.07224  2.083  10.0146  1.63354  -10.2507  5.8258  -7.52319  -0.0330042  2.42203  -4.53479  -5.8618  -3.45425  94.8666  -2.93659  -3.53201  -0.117559  2.65908  -8.05637  -11.373  
-0.162418  -43.954  11.5305  -13.1359  -1.82215  67.0414  -0.154494  -6.04327  -9.01304  -71.7107  200.439  -1.73487  13.7609  -2.46284  1.54664  -11.8994  0.766829  -4.0101  -3.08015  -10.2663  21.0906  -4.31037  21.6184  -2.14753  3.93992  2.44475  1.40765  -4.42845  1.62922  -4.24832  0.626559  3.22436  16.7631  7.15846  -2.72806  -7.69086  -6.45984  -0.295978  7.81723  3.28357  -4.55319  -8.47538  
0.139391  -32.0522  18.4322  -1.55034  -4.04296  59.8276  0.10776  -9.89199  2.6589  -51.4524  -26.5215  -0.249331  0.262575  0.345237  5.05141  28.1018  -0.576882  -4.60679  1.5205  -10.8478  31.5621  -0.135586  -4.98947  -1.42631  3.05132  -5.85351  1.0016  -1.27237  -1.95567  4.06862  0.813157  2.30774  23.8139  11.7455  -3.55003  -181.369  -2.7685  1.97109  7.3431  3.13735  13.3054  -1.77275  
0.449499  20.5015  29.9106  20.316  -3.27478  14.0506  0.440826  -0.833713  32.5769  -92.5608  -184.956  0.165814  -7.44401  3.75072  5.93426  61.6229  -2.7479  -1.94529  4.33827  -8.6372  34.5663  8.14201  -28.1565  -0.467082  6.74622  -8.11409  -0.609817  -2.72214  -4.17602  10.7091  0.732502  0.520228  14.835  -0.308354  -4.06954  -291.094  -1.05219  -0.843903  -3.02694  3.12128  56.3269  -1.05536  
0.394562  48.9711  30.055  28.6999  0.11154  -41.4561  0.403401  6.34964  42.8882  -118.346  -149.917  -0.417718  -1.13508  5.84985  5.01489  90.585  -4.85257  1.104  2.98878  -4.21578  30.2791  11.2158  -33.4778  -0.398324  16.834  -3.80617  -2.24801  -4.04273  -5.16304  9.67973  0.945836  -1.57949  2.61819  -13.7234  -1.81203  -222.773  -5.55339  -5.0362  -12.3638  3.38614  85.295  -11.9472  
-0.124059  18.7291  9.25411  13.5386  2.82618  -67.9535  -0.219347  1.90472  15.636  -64.5925  -17.4234  -0.955965  11.6842  4.54578  2.43291  113.647  -5.58836  1.72396  0.483343  1.33302  26.312  3.74208  -26.7846  -0.719232  23.7851  0.421407  -2.18483  -0.875586  -5.13501  1.14551  1.13291  -4.23372  -1.93658  -11.2003  2.1007  -57.9602  -9.57283  -3.73711  -10.7214  3.40437  38.0481  -24.7195  
-0.733463  -28.7014  -16.5739  -7.86135  2.64844  -61.8566  -1.0181  -1.73862  -23.0538  75.9601  32.0649  -1.09323  14.3386  0.94916  -2.05856  88.0284  -4.35536  0.443096  0.135673  7.34707  28.7445  -7.11015  -18.0794  -0.409837  16.8777  -1.31404  -1.13376  3.86019  -4.04512  -7.96914  0.508372  -6.9386  -0.72188  3.38326  3.5732  43.658  -5.38627  2.72313  -0.595734  3.19932  -66.8973  -21.9717  
-0.819778  -31.5123  -27.6127  -8.26073  1.06885  -58.6851  -1.15955  6.95986  -39.2843  252.094  -36.2866  -1.14769  -1.01986  -1.34375  -6.28711  -5.75246  -1.56886  -0.493278  0.41749  13.34  26.7755  -7.3301  -10.8493  0.349065  -0.775414  -6.29266  -0.445614  3.84262  -2.36615  -10.1182  -0.678643  -8.24693  -1.91595  12.4803  1.42652  13.9429  3.30188  6.59887  5.98142  3.20058  -124.404  -2.66733  
-0.169032  8.08717  -22.3741  13.3128  1.1377  -73.7208  -0.288084  15.7767  -31.2988  350.764  -94.096  -1.258  -23.7116  -1.61463  -5.64512  -108.594  1.75014  -0.658829  -1.59108  17.3011  5.52667  4.40846  -2.14426  0.533987  -16.3971  -7.43609  0.156249  -0.400547  -0.663138  -3.87116  -1.25006  -6.29028  -7.61376  7.41905  -1.32081  -56.8242  6.85116  3.31574  1.40564  3.18235  -41.347  15.5269  
0.689016  29.4532  -14.3691  26.8048  2.73134  -73.4358  0.96247  6.95938  -19.4248  269.636  -30.6307  -1.24118  -32.6246  -2.345  0.55999  -145.313  4.18314  -1.64618  -4.6285  16.5476  -28.0936  15.2645  4.95032  -0.165023  -21.7956  -1.54117  1.64182  -3.33172  0.691395  4.49662  -1.00883  -0.838986  -13.0713  -2.49196  -1.19773  -77.5903  1.88603  -1.2008  -9.36911  1.98103  120.725  16.4978  
0.950074  -1.54963  -10.2031  10.3847  2.33431  -22.102  1.50968  -11.0694  -8.14976  41.3313  98.4003  -1.13211  -16.5988  -3.41255  5.75277  -109.783  4.65909  -3.22684  -4.17345  9.77708  -46.2645  11.3035  5.19035  -0.763988  -19.6884  6.48895  2.91297  -2.92982  1.50938  6.87647  -1.16906  5.41101  -12.2542  -5.49641  1.14878  -72.7795  -4.74608  1.29831  -14.985  -1.08124  222.579  5.62742  
0.384948  -46.2723  -0.898796  -18.0847  -1.69672  51.7566  0.889386  -11.7814  11.5532  -142.606  161.585  -1.2618  15.482  -1.15611  2.87936  -68.5395  3.775  -2.44012  0.505861  0.242849  -32.4703  -5.3202  -1.52685  -0.423892  -13.5237  10.175  1.90333  -1.85765  1.37336  1.82606  -2.19469  8.17632  -5.46023  -1.50119  2.3114  -77.9379  -4.21252  9.19833  -9.81479  -4.22386  166.652  -1.98212  
-0.420334  -45.4983  19.8914  -28.6677  -6.27099  74.9331  -0.378069  7.87139  34.7102  -120.302  114.574  -1.77444  39.2455  5.4615  -5.47367  -53.3104  3.62721  1.21363  5.10114  -5.95509  -1.62309  -17.2821  -6.18491  0.50046  -3.0316  8.31981  -0.834552  -1.30438  0.889782  -4.90036  -2.5139  5.60144  2.92322  1.87266  0.155769  -70.6612  2.63045  11.681  1.00763  -3.47642  15.7197  0.25565  
-0.696922  3.79889  37.1006  -17.6888  -7.62615  16.2193  -1.34132  19.4658  42.2772  16.6296  25.4194  -2.1549  35.2631  11.6811  -9.09678  -34.1971  5.04301  3.40264  5.3798  -6.58573  12.8629  -14.5127  -3.11074  1.16266  8.44926  4.42287  -1.90786  1.53583  1.2012  -6.8177  -0.864749  0.49294  9.07748  1.78668  -3.83365  13.5164  6.60116  2.86882  8.52245  3.48558  -93.5818  4.71723  
-0.263963  46.0902  35.0098  -8.92864  -4.8724  -66.2344  -1.45022  5.75426  28.0887  9.75573  -20.5807  -1.85333  8.3574  13.584  -1.36933  24.6421  5.59504  -0.128965  2.27921  -4.78971  0.681131  -3.40718  6.36332  1.46396  8.45259  2.19766  0.0940297  5.59324  2.73722  -2.70836  1.35469  -1.6991  10.4321  1.85198  -6.07975  127.612  2.78487  -9.1814  8.69731  13.4689  -69.9592  2.79931  
0.40366  35.1617  16.0411  -14.5643  -1.18167  -84.0671  -0.854168  -13.2281  6.3979  -204.146  -29.1885  -0.985026  -15.6102  12.8136  11.1265  81.388  2.29459  -6.00095  0.0238944  -5.51735  -16.5118  1.16568  13.7389  1.93472  -8.39344  2.98475  2.09982  5.28207  3.46452  3.52213  1.6702  0.919303  6.80134  3.07096  -3.71122  145.372  -2.76859  -11.4634  5.17418  19.0408  39.4248  -4.73124  
0.732144  -11.3845  -1.11168  -19.0431  0.689  -33.7177  -0.149761  -9.35641  -12.7414  -332.54  -38.8082  -0.335171  -14.7305  10.674  15.4207  74.6215  -3.32742  -6.0867  0.438629  -9.07638  -14.7885  -4.39891  12.4357  2.63571  -25.6076  5.49973  0.610209  -0.0517067  1.18028  7.7428  0.259802  4.67547  0.924403  2.02746  2.11013  18.6585  -0.873586  -2.52453  2.91103  15.1757  102.33  -9.56456  
0.577482  -37.8776  -11.8047  -4.12041  1.20182  12.3893  0.175509  11.6709  -35.242  -86.9695  -64.7297  -0.505676  3.35243  2.08035  6.73387  5.39159  -5.76782  1.57988  1.33663  -12.2225  6.08899  -10.8514  7.66562  2.85254  -18.474  8.30648  -3.44897  -2.62764  -2.70465  8.06461  -0.0189457  4.19791  -2.25853  -2.58021  6.1781  -141.039  9.0706  5.75638  3.09253  4.48405  48.6676  -6.54231  
0.256221  -16.5639  -22.1209  19.9338  1.8041  -2.72463  0.131144  19.8259  -55.7856  385.037  -82.9059  -1.40231  11.3993  -15.6031  -5.28237  -44.9999  -2.15401  9.14706  0.367826  -11.8988  23.0465  -8.50732  6.99048  2.19048  13.7889  9.73697  -5.43172  2.68976  -4.49795  4.2087  2.20826  -0.659958  -0.318646  -5.12824  4.33208  -197.383  14.8633  3.3767  4.34554  -5.34996  -31.7704  3.66566  
0.153607  26.11  -34.3957  26.5937  2.89805  -37.2285  0.128711  7.08868  -48.3668  598.343  -70.5556  -1.99745  -0.0901967  -32.3752  -8.33159  -33.7462  3.25142  8.4523  -1.37944  -8.20863  23.689  0.685015  9.73078  1.18642  43.8172  8.4079  -2.77111  10.2099  -2.54226  -2.09932  4.56714  -4.36099  3.21163  -0.561301  -0.982098  -139.344  7.88775  -6.01874  5.55155  -9.07362  -49.1372  13.7956  
0.329718  45.3422  -38.2842  9.7758  3.43644  -29.0171  0.452354  -4.14105  -3.11335  328.948  -36.4254  -1.65379  -11.7907  -33.4552  -2.25026  -2.86918  3.65209  1.60625  -1.40192  -3.4059  18.468  6.08852  5.74069  0.627729  46.1998  3.98642  2.04965  10.0769  0.668347  -7.49089  3.96067  -2.60095  2.04077  8.23186  -3.69285  -78.059  -5.86683  -10.4931  5.44397  -7.80451  -26.3246  16.0141  
0.451599  24.6946  -24.631  -10.7625  1.73999  19.5719  0.847497  1.49746  44.4692  -96.9951  -0.409097  -0.583803  -2.74966  -18.4874  0.928813  -21.1088  -1.95448  -2.216  0.470783  -0.623696  21.3642  1.137  -11.0455  0.499925  24.477  -2.15198  4.15829  3.06709  1.80521  -8.4099  0.595326  1.77142  -4.11223  12.3645  -1.73299  -99.7704  -12.4673  -5.58587  1.29083  -5.78607  -52.2625  5.42714  
0.140413  -12.856  -0.234841  -15.8487  -1.07908  39.6964  0.792119  8.86696  46.5925  -254.321  13.1632  0.010203  19.1406  -3.62266  -6.08728  -76.4664  -7.55799  1.15525  1.788  -0.603418  28.5819  -9.61563  -28.0629  0.175002  -0.542775  -7.71242  2.1659  -2.05912  0.833092  -4.42272  -2.53767  2.78348  -8.4572  7.13729  0.0064357  -161.858  -8.0612  1.94385  -7.86809  -5.81285  -124.372  -13.5633  
-0.66773  -37.0683  21.6345  -6.76968  -2.76509  1.89533  0.0358092  -0.590209  5.6136  -149.075  -6.25718  -0.608012  24.6749  -0.76238  -15.3371  -91.8138  -7.04271  5.84006  0.910533  -1.12856  26.0628  -17.4758  -27.0705  -0.63832  -16.1804  -9.69353  -1.16627  -2.19411  0.094777  1.041  -3.3399  -0.762547  -5.77774  -3.32057  -3.23698  -170.275  -3.306  4.45148  -16.8473  -7.68499  -135.58  -28.4956  
-1.5697  -34.0664  32.9234  1.31401  -2.11308  -36.9809  -1.05542  -16.3421  -30.1146  -86.6558  -23.8273  -1.78721  -1.18458  -3.66169  -13.9694  -32.477  -0.732212  3.93439  -0.274582  0.620423  12.7497  -17.4105  -8.3761  -1.52422  -24.1379  -7.76301  -2.224  -2.78038  0.561551  4.07192  -2.3942  -4.16825  0.150933  -10.7714  -8.90883  -76.4463  -7.15774  2.69428  -17.4673  -9.45812  -28.6164  -28.402  
-2.03463  -9.4232  28.2752  1.94635  -0.215762  -13.4944  -1.86902  -14.623  -29.7356  -172.654  9.64542  -2.1223  -41.9557  -0.0113441  -1.20459  52.8624  5.44255  -4.33456  -0.276922  3.49957  4.4216  -12.9124  9.3766  -1.89878  -25.8424  -3.84529  -0.230117  -7.60365  0.659457  3.77298  -1.15174  -3.69598  2.19568  -10.2953  -9.96036  47.9739  -13.1169  1.90477  -7.70536  -8.89711  91.4423  -14.0118  
-1.75869  18.0966  11.1627  2.69981  1.28953  58.0501  -1.93514  4.19534  -11.6331  -223.605  91.0048  -1.23302  -64.8764  10.0682  10.6004  96.9214  6.17557  -10.9748  0.123004  2.53839  8.84843  -8.55669  11.244  -1.48411  -18.3979  -0.17063  2.20586  -12.7371  -0.851187  1.96373  -0.266665  -1.3219  -0.363136  -3.98157  -3.92844  106.614  -7.87706  2.60775  4.27573  -5.10586  100.223  3.64245  
-0.87354  26.8151  -3.10934  10.9995  1.86423  96.6364  -1.22084  14.3795  -5.44163  -138.877  134.433  -0.268623  -49.7912  15.9907  10.8829  92.7137  1.34636  -9.64509  -0.936961  -3.88405  15.0103  -6.41166  6.11296  -0.415001  -5.49214  4.05203  2.88555  -12.694  -3.15404  0.875356  0.318379  -0.690818  -1.80223  2.71867  4.13207  81.7492  6.73675  1.61351  9.76219  0.179821  -17.5437  13.2191  
0.194871  9.65451  4.83518  21.0636  1.9245  63.9497  -0.0848986  0.803211  -8.0986  -77.1691  70.8856  -0.454458  -5.97427  12.6821  3.23822  69.941  -4.31876  -2.29058  -2.23606  -9.20876  8.43307  -6.73775  9.12518  0.797101  0.53305  9.30364  1.71513  -9.43027  -3.77235  0.858518  0.550956  -1.21187  1.64321  6.29962  8.13705  43.3032  14.2819  -0.945435  8.8645  3.67641  -119.544  13.2329  
1.01158  -12.6593  26.1878  20.202  1.27655  5.29581  0.898537  -17.8297  -1.58367  -133.587  -47.1713  -1.36213  35.7126  6.55811  -0.623638  37.2187  -5.67467  3.69787  -1.30458  -4.67018  -9.4888  -9.28456  21.9903  1.50481  -3.6182  13.9974  0.253762  -6.76479  -1.68645  1.31228  0.633207  0.106412  5.5311  7.9091  6.45572  21.614  6.34216  -0.669433  8.43726  3.8598  -119.756  10.7631  
1.3863  -8.95219  31.806  3.67161  -0.847386  -12.088  1.33577  -16.0297  13.87  -139.943  -93.389  -1.67049  43.4795  5.14909  3.41803  -9.57405  -1.90621  4.23827  1.32571  8.77099  -21.8805  -13.4184  28.2872  1.41099  -6.14781  13.6649  -0.591134  -6.33773  1.94556  1.82143  1.15695  3.11776  5.55784  8.38742  2.0601  4.56281  -6.73176  3.64  10.6959  2.32741  -80.8283  9.41786  
1.38727  19.724  6.14903  -18.857  -2.82151  18.3864  1.26012  6.11918  23.221  78.289  -32.919  -0.932015  15.2317  7.50302  10.1251  -42.0598  2.98951  2.07218  1.60884  20.2549  -18.1079  -15.4965  20.0494  0.993087  3.31475  6.83092  -0.809209  -5.4095  4.35234  2.49202  2.09412  4.13572  2.79805  5.33194  -0.91187  -33.8627  -7.69488  5.84287  10.7126  1.37954  -77.5349  6.10638  
1.28338  35.3613  -23.4238  -27.4623  -2.31495  38.1589  1.13214  24.4548  25.3762  338.308  33.0421  -0.222401  -17.6136  8.29727  11.9837  -36.2672  4.49814  1.76147  -1.7049  20.7021  -4.18096  -10.4045  2.86415  1.01711  15.9558  -1.60241  -0.480912  -1.72815  4.07519  3.39313  2.38875  1.79215  2.13955  -2.71461  -0.558747  -48.7716  3.53559  0.802796  4.58701  1.19571  -97.3599  -4.60573  
1.31108  14.4648  -23.4851  -14.7064  0.413661  -3.11273  1.35624  21.038  29.6255  325.751  4.47097  -0.423779  -20.6113  5.58024  8.44613  -19.511  2.55475  3.89175  -3.99252  11.8863  2.79867  3.09412  -11.8057  1.58137  15.2516  -5.03513  0.605843  3.06122  2.18287  3.5443  1.02052  -0.86715  5.51157  -10.1489  2.37574  -8.65423  12.4176  -7.63711  -3.63283  0.61565  -32.4438  -15.4051  
1.40001  -16.851  1.8058  4.48285  1.12295  -74.6985  1.76034  2.42183  29.9336  11.4888  -73.4772  -1.12045  7.35851  1.51261  3.98248  -42.3079  1.40578  4.5896  -1.1252  2.87645  -4.76748  20.7576  -18.4986  1.95811  1.09282  -1.71416  1.69449  5.32163  0.899846  2.13749  -1.51644  -1.176  8.62422  -9.05171  4.69993  50.4279  11.0649  -10.3342  -6.52099  -0.395574  139.985  -14.1597  
1.16001  -20.0272  12.6635  7.04554  -2.91142  -101.699  1.67433  -11.9669  12.502  -299.818  -89.3769  -1.08192  35.0683  -1.76872  2.20514  -98.3309  3.92953  1.57962  3.97513  -0.936406  -16.3578  33.9529  -15.9686  1.53524  -8.50976  3.73584  1.30776  1.52198  0.569105  -0.995011  -3.61551  -0.522508  7.52433  -0.740218  3.51322  57.836  6.5501  -4.36024  -3.07409  -0.76457  302.122  2.58513  
0.275078  -2.71905  -9.43387  -10.1772  -7.87103  -51.9158  0.615517  -10.6281  -16.3083  -356.859  -12.6503  -0.243672  35.7201  -3.6177  1.60941  -123.166  7.32864  -2.57466  5.00975  -0.983266  -14.8065  33.5635  -5.71673  0.624222  -2.33784  6.52262  -0.622568  -7.21427  -0.668745  -4.10498  -4.14859  -1.62189  2.96268  4.53222  -1.06188  10.2054  9.25462  2.96753  0.963979  -0.209551  297.033  18.1801  
-0.90465  -7.00471  -38.8934  -25.3214  -7.77083  28.147  -0.955627  1.60425  -28.9972  -224.405  59.9456  0.31067  13.109  -3.14185  -0.983255  -79.4284  6.0147  -3.98236  1.09899  -0.318309  1.92296  18.7099  6.29183  0.0901756  9.68557  6.28702  -2.14466  -12.3124  -3.71547  -5.67824  -3.02099  -3.7295  0.910969  0.678733  -5.81566  -32.591  16.9156  4.26068  0.716309  0.313427  148.898  16.8842  
-1.52034  -36.7232  -42.597  -16.3952  -1.93692  64.2475  -1.93124  11.5867  -17.1006  -80.436  49.8291  -0.239833  -8.6471  0.449253  -6.23198  -19.0607  -0.82066  -2.29209  -2.02185  -0.128541  19.1202  0.142765  12.1806  0.301487  12.8407  5.58054  -1.24657  -6.6755  -6.40465  -5.27509  -0.755049  -3.96559  6.27553  -6.12265  -7.54839  -10.4311  18.4369  1.08756  -2.08781  0.290508  20.7482  2.8565  
-1.18927  -46.1704  -20.0636  10.0302  3.86399  37.6398  -1.77039  10.4099  -3.22443  1.52477  -22.904  -1.21799  -13.8915  5.54608  -11.3407  -10.5503  -7.17949  -0.46157  -0.545779  -0.561511  18.0189  -8.32668  9.82316  0.705732  9.14261  6.1875  1.203  4.79101  -5.64943  -3.52898  1.66655  -1.32306  15.9973  -6.46089  -5.90367  54.3418  8.17609  -0.0891955  -2.85386  0.30186  6.58915  -6.00902  
-0.584604  -12.283  -0.100414  26.4672  4.42606  -5.99651  -1.17793  0.00199574  -7.12852  42.4826  -81.4825  -1.56486  -5.65292  8.95406  -12.8578  -51.1391  -7.15977  -0.210431  2.1354  -1.47638  3.43893  -3.95091  6.70153  0.577704  10.3107  6.26878  2.50502  8.3718  -1.92534  -1.42593  2.94643  2.39183  18.0616  0.86423  -2.79914  75.5273  -6.55026  3.0765  -0.576972  0.664967  27.2634  -1.60017  
-0.525809  20.9697  1.82397  18.761  1.4121  -25.0047  -1.05553  -9.63564  -17.559  45.3939  -97.1404  -1.11253  3.27946  8.98188  -10.9777  -81.3402  -2.40694  -0.390391  1.53191  -1.43248  -5.25413  0.527926  6.47663  0.00036681  16.9152  5.11427  1.32051  -0.135748  1.38308  1.37271  2.32366  5.21293  2.78284  9.04824  -0.43052  15.6759  -14.6087  7.09733  1.84723  0.688363  -22.9292  4.61008  
-0.669932  5.51414  -5.68421  2.09635  -0.112446  -20.576  -1.07085  -10.3914  -11.939  -5.25952  -85.4155  -0.622932  4.05522  7.77182  -8.49306  -66.1994  0.654226  0.68097  -0.924699  2.08776  0.0885115  -6.00225  6.91735  -0.0697502  15.51  3.4343  -0.904711  -8.71542  2.29554  4.9533  0.830375  6.00286  -22.9607  12.9157  0.138879  -83.281  -12.6203  8.04258  2.03506  0.000767765  -99.8327  -1.37854  
-0.0160041  -35.3762  -7.10627  1.50542  2.7172  -15.7564  -0.201709  -4.65332  8.26284  -54.4961  -45.6816  -0.736244  -3.45523  8.45507  -8.0639  -28.359  -0.157307  2.41028  -0.86823  7.98423  9.43323  -19.2619  3.63264  0.870067  -1.00109  3.42426  -1.56565  -4.76318  2.55174  7.77976  0.489998  4.542  -37.028  11.6665  -1.42938  -160.434  -5.97855  5.61311  0.6173  -0.861273  -69.8489  -17.4763  
1.29902  -33.2477  -2.36078  15.8089  5.57452  -19.9257  1.32136  -0.927214  17.6451  -30.0613  26.1408  -1.3588  -14.193  10.6906  -8.55225  3.9995  -0.51907  3.44895  1.40891  10.1328  10.3867  -24.4167  0.306127  1.93866  -22.107  3.46152  -0.169968  7.60569  3.92408  7.29276  1.80057  1.60164  -25.4707  6.85496  -3.96449  -149.414  -2.89358  1.20772  -0.494515  -1.09127  30.1905  -28.6475  
1.69226  25.3101  -0.86358  23.4744  3.96194  -21.8994  1.73651  -3.09254  4.57761  57.9569  89.2363  -2.11159  -21.4656  10.7549  -6.41258  25.1459  2.53676  3.29495  1.37431  3.41934  10.1845  -14.3262  -0.318196  1.80264  -31.8917  0.796284  1.5124  12.8684  5.02245  2.74022  2.81493  -0.23108  -0.399705  0.932244  -5.14279  -61.2809  -5.87984  -4.79182  -0.868875  -0.735223  48.8827  -23.9456  
0.262163  74.4484  -9.06922  7.64711  -1.3892  -10.5  0.0785909  -5.20049  -13.1262  114.12  89.6692  -2.5081  -22.7969  6.44208  -0.298857  40.8622  5.07455  2.63258  -2.06447  -9.07661  16.6092  1.42418  -0.818009  0.688189  -25.652  -3.21531  1.36897  7.04547  3.4073  -3.35366  1.63091  0.680122  12.0844  -3.04978  -3.46368  42.9702  -9.52203  -9.62955  -1.28552  -0.350883  -62.4751  -9.01833  
-1.52461  55.9988  -21.8794  -19.4159  -6.43771  13.4673  -1.99521  -0.961293  -12.9524  78.0746  28.5279  -2.04137  -18.7232  1.09697  7.26427  33.3756  2.30647  1.68384  -4.87339  -18.2257  20.1722  9.7  -1.91168  0.480545  -10.1963  -3.33868  -0.500864  2.2367  -0.626845  -6.76239  -0.859614  2.51036  4.18112  -4.42688  0.162771  96.8683  -8.57628  -8.73795  -1.12991  -0.122486  -143.202  3.43022  
-1.46207  -5.14051  -28.4352  -30.0206  -7.18115  36.4684  -2.00041  6.94885  4.18084  -0.234744  -19.9973  -1.06677  -11.0525  -0.206746  11.98  -5.66706  -2.99254  0.410873  -3.6039  -18.6356  6.60836  8.06576  2.95601  2.22807  6.89822  2.09518  -2.2242  7.44201  -3.62912  -5.38162  -2.042  2.52227  -5.99928  -5.39544  3.19277  81.8473  -4.33877  -1.05375  0.725393  -0.0384187  -48.7046  5.56909  
0.475053  -38.7861  -18.7715  -12.9786  -3.73504  44.7535  0.155638  9.77903  14.7113  -47.4863  -5.88608  -0.865671  -1.88719  2.66056  12.2104  -50.3145  -3.86239  -0.548328  -0.280234  -12.584  -16.5839  1.30146  15.4184  4.33934  21.2399  6.82255  -1.81432  14.6871  -2.96536  -1.31481  -0.990697  1.20964  -0.686863  -6.98925  3.93676  80.0917  -0.243518  6.99986  3.96011  -0.21832  149.111  3.28296  
2.00916  -19.9155  5.71158  14.612  0.0515831  23.8101  2.03144  5.63711  7.24601  -55.3224  29.0519  -2.42458  4.50337  4.83152  8.63551  -62.8556  0.501713  0.097164  1.26985  -5.12898  -25.1492  -4.41451  21.5166  4.15306  26.3957  3.41561  0.513363  10.4498  0.177755  1.84138  0.318951  0.974446  13.75  -6.52446  3.21162  128.565  1.12639  7.88697  5.62315  -0.731444  261.261  6.17279  
1.5367  7.81264  27.982  27.5113  0.835329  -15.2193  1.86439  0.638297  -4.32338  -72.7136  20.3754  -4.81835  4.48933  2.84284  2.59415  -39.4616  3.09245  1.90565  1.19483  1.01622  -11.5989  -5.64583  5.53998  1.24055  17.0812  -4.7965  2.74743  -5.7435  2.4455  1.84541  -0.28557  1.01375  17.7529  -3.76451  2.16485  181.229  2.19002  2.48002  4.3255  -1.08504  200.291  15.8895  
0.00313394  -2.23862  26.3362  20.8079  -0.211095  -38.7986  0.563977  0.931674  -3.46024  -113.201  -23.7166  -6.11818  1.36558  -1.2517  -3.8486  -14.4351  -0.893098  2.14103  2.06263  4.33604  4.48453  -1.83043  -25.8376  -2.00913  -3.3066  -6.99192  3.01923  -20.4231  2.20489  -1.42579  -2.13254  -1.97634  7.06052  -2.68895  1.3848  149.6  2.51587  -1.92205  1.91571  -0.79736  35.9846  21.6754  
-0.704961  -42.5337  -2.30364  9.65419  -0.185929  -22.4239  -0.00292952  4.1925  8.70377  -128.465  -39.5712  -5.87437  3.48985  -3.97136  -7.35451  -15.3972  -7.2573  -1.0113  3.90785  3.64686  1.29365  3.76655  -46.7839  -3.28157  -20.7599  1.39464  1.2099  -23.0846  0.40075  -5.35055  -2.75236  -7.49199  -3.56335  -5.22677  0.120376  19.4914  0.816931  -1.82364  0.739519  0.0897329  -102.578  13.4618  
-0.239252  -66.9573  -31.3121  7.93547  1.48802  20.6917  0.418125  5.46936  14.8139  -79.1354  -7.38014  -4.98797  14.0308  -5.52363  -6.41617  -25.7728  -8.54129  -5.19935  4.50111  -0.545753  -18.37  4.50013  -38.5632  -2.7181  -23.7768  11.0448  -0.924028  -16.3098  -0.516913  -5.95535  -1.26053  -9.95095  -2.60853  -5.40405  -1.50703  -100.415  -2.69596  -0.602991  1.12153  1.09524  -146.239  -4.5328  
0.272348  -47.8782  -33.2805  10.3215  2.24026  40.3284  0.654344  3.1717  9.48887  7.08654  19.5694  -2.81368  25.24  -7.98783  -2.5837  -14.9042  -3.27339  -5.9304  2.89752  -4.03545  -34.6252  -1.53743  -14.0017  -1.99168  -13.961  10.739  -1.81875  -7.9157  0.038995  -0.952285  0.666019  -5.26084  4.38703  2.18265  -2.28606  -95.5176  -4.79471  -0.372061  1.63056  1.81874  -120.063  -16.2394  
0.101031  0.566829  -9.87616  1.93599  0.933358  17.2893  0.120821  -3.13999  6.11354  77.857  -17.5192  2.68353  28.068  -10.3352  -0.616441  23.9599  3.41542  -2.10981  0.311425  -3.54196  -31.8902  -8.08652  0.635009  -2.08191  -3.86708  2.4884  -1.42612  -1.87239  1.30329  6.894  1.41283  3.05196  6.51308  11.1025  -1.04816  18.3542  -4.37097  1.99133  1.70551  1.96089  -74.8797  -11.7806  
-0.291391  43.6299  10.4249  -16.8922  0.00399834  -14.7632  -0.485731  -12.3527  14.0879  106.438  -92.9828  10.9092  21.4494  -8.72856  -2.24525  61.986  6.34314  2.64402  -2.17369  -1.29093  -12.4063  -5.75269  -4.19144  -2.5775  -1.00253  -1.52436  -0.611726  2.45626  1.82576  10.5284  1.40474  8.12342  2.88245  9.62187  1.32833  109.291  -3.48189  8.46125  1.61638  1.15455  -67.2579  0.215872  
-0.250633  57.8084  8.47056  -25.4827  0.87276  -8.77879  -0.407993  -19.9643  22.2703  109.679  -131.362  16.5223  12.0068  -2.70965  -3.48892  73.0173  4.99747  4.58196  -4.06239  -3.61191  14.5228  4.51058  -13.5274  -2.74164  -1.16105  3.89784  0.150698  4.80995  1.29458  6.00509  1.82176  7.68781  -1.29401  -1.36004  2.85676  94.9509  -4.04463  13.0463  0.994014  -0.434457  -81.5685  5.67811  
0.112049  40.5626  -5.5309  -10.9867  2.18715  29.5626  0.158346  -16.729  10.9041  90.454  -102.553  14.7185  2.67448  2.62448  -0.563674  55.6328  2.63793  4.06925  -4.25316  -11.5974  33.464  10.6712  -8.2207  -2.44505  4.74241  9.65998  1.0872  5.14745  0.60191  -2.46102  2.25141  4.57542  -4.3481  -7.76346  2.27491  28.4496  -2.50499  8.07445  -0.251504  -1.84092  -84.7556  1.61842  
0.263341  4.76907  -12.8294  10.1484  1.50063  50.0207  0.552038  -0.0820024  -18.8481  29.9882  -42.4342  7.39676  -9.87562  2.43671  4.85399  24.5938  2.29309  3.20085  -1.51527  -17.8512  32.0764  5.42035  13.1781  -2.01099  16.9301  6.19245  2.02779  4.22563  0.101327  -5.93696  0.970264  1.93579  -8.93125  -1.91176  0.351048  21.8582  2.92241  -4.49616  -0.171806  -2.04876  -35.9943  -3.52255  
-0.0448627  -28.089  -11.6303  11.2013  -0.0405002  21.1056  0.404323  17.1459  -42.3859  -58.6018  9.58789  0.961639  -24.6925  -1.63726  7.54876  0.212993  3.47601  1.46656  2.65218  -14.6227  11.5832  -5.18388  36.7553  -1.64909  24.8472  -1.82901  2.06547  3.64298  -0.335983  -1.1636  -2.04372  -0.111659  -12.2401  4.96394  -0.949392  82.7109  7.82795  -13.7987  2.81685  -1.13434  32.7827  -3.86272  
-0.698886  -40.0829  -15.283  -11.4967  0.540218  -21.7438  -0.303381  18.6013  -38.7282  -126.773  55.0766  -1.34022  -31.1478  -3.83245  5.09278  -5.09046  2.45724  -2.46927  3.86779  -2.35552  -11.3356  -10.0263  49.9157  -1.36414  18.0023  -2.35147  0.788136  2.73956  -1.67008  4.7358  -4.25276  -1.60342  -8.14962  -0.64331  -1.11538  101.126  6.09963  -12.2727  6.24884  -0.0346428  63.0304  -3.04338  
-1.31082  -28.2734  -23.4446  -27.9082  2.66859  -37.2741  -1.22408  3.85568  -13.1412  -124.211  103.196  -2.20811  -20.0434  -1.7331  0.20639  13.7302  -3.2968  -6.00485  0.292535  10.0138  -13.2506  -6.12348  50.0922  -1.03565  -2.19103  5.47076  -0.711284  -0.873039  -3.43454  3.65227  -3.0733  -1.36856  2.11037  -13.0124  -0.999122  24.4339  -0.334989  -3.52995  4.69513  0.415105  14.2074  -4.52746  
-1.33287  -5.73649  -21.3159  -12.8317  3.26477  -24.7408  -1.61295  -10.2039  12.567  -60.2172  125.24  -4.41572  1.61984  1.34852  -3.87935  38.0106  -10.3119  -4.15223  -3.69727  14.1057  2.92861  -0.895452  41.2564  -0.522293  -20.1353  8.75306  -0.92232  -6.82191  -4.18584  -3.56306  0.927724  0.330955  9.20898  -13.2658  -1.64066  -74.5679  -2.75713  3.9356  -3.27447  0.0115217  -54.5745  -6.58453  
-0.54786  12.6602  -1.54613  19.3999  2.09424  -18.7746  -0.952563  -9.54077  20.9662  26.0616  84.648  -6.00412  16.2589  1.4941  -6.45589  39.7098  -11.7322  2.69997  -2.54979  11.4019  16.0432  4.11131  27.1276  0.120538  -21.5177  -1.75894  0.184105  -10.2134  -3.22795  -7.76852  4.43211  0.816493  6.00035  3.34771  -2.25375  -82.8228  1.06576  5.49504  -11.6321  -1.00178  -64.155  -5.62394  
0.406627  21.0826  15.4781  35.9202  1.10925  -28.5897  0.153995  1.0934  15.5774  101.22  -13.0027  -3.51617  14.745  -0.744393  -8.54438  12.2509  -5.41022  7.09856  3.83884  9.79171  11.5168  12.7955  12.7867  0.744623  -5.63697  -17.5942  0.685872  -5.9972  -1.48552  -3.45515  4.65594  -2.11632  -2.45558  18.4725  -1.30909  6.34086  4.82825  2.75318  -13.1362  -2.02034  14.5933  -2.91702  
0.499279  22.3798  10.0824  24.7112  0.695037  -24.2615  0.3827  6.65718  9.50145  130.898  -117.783  2.41295  6.02649  -2.20506  -9.47425  -13.5064  2.76237  3.52889  8.96454  13.3355  -1.98796  24.1073  5.95068  1.11861  12.4178  -21.7912  -0.711393  4.09556  -0.325183  4.48606  1.97986  -6.94345  -5.681  13.8402  0.525019  90.1996  2.16375  -0.517103  -6.94307  -2.10405  84.1547  -0.188273  
-0.306868  13.9638  -11.654  6.71366  -1.68073  6.81012  -0.519081  1.71587  9.58782  83.6659  -162.278  7.39598  0.906153  -1.38458  -6.71188  -11.1272  5.81097  -3.60889  7.10642  16.4186  -5.16033  26.1845  10.7959  1.13047  18.9816  -10.4266  -2.52534  12.0856  -0.0647524  7.47624  -0.731371  -9.2183  -0.0861402  -4.11449  1.06186  83.1179  -4.12588  -0.956627  1.76858  -0.894368  37.094  4.38999  
-0.705867  -7.86905  -20.1622  3.67522  -5.36542  39.7366  -1.05802  -5.02795  9.21931  -24.9695  -132.837  8.69898  -1.14936  0.284493  -0.0937828  11.9239  3.24111  -4.83347  -0.346004  11.185  5.05689  10.9147  20.4188  0.870156  15.253  3.99586  -2.50203  11.4312  0.528055  3.61792  -1.02179  -6.19688  7.82718  -13.1994  -0.74045  31.2282  -6.83419  2.38112  7.80098  0.732077  -99.3513  11.3086  
0.29903  -33.047  -2.36147  11.6427  -5.64776  51.2315  0.0548324  -4.05225  1.29232  -109.215  -58.6013  7.68441  -6.87988  0.893258  6.53634  24.6691  0.31722  2.30183  -6.67696  -1.74791  14.4544  -10.873  19.9603  0.641155  13.6428  7.58263  -0.309591  3.2254  2.0734  -1.2338  0.853121  0.615248  10.8083  -5.04844  -2.55971  10.675  -3.68281  7.05778  10.273  1.45655  -154.199  15.907  
1.75132  -38.8534  16.3195  10.8296  -0.962922  55.2753  1.78642  3.76144  -10.9858  -94.5452  9.01664  7.05611  -12.7919  0.0794663  8.68309  19.5546  0.478469  9.40468  -7.53825  -12.5584  11.4283  -19.2413  1.68034  0.680427  18.5414  0.525519  1.83536  -3.82048  3.60535  -1.80511  2.36575  6.30104  6.62391  5.80789  -2.68811  34.0449  1.67159  8.26469  10.6176  1.08599  -38.5283  11.2601  
1.72127  -19.6405  9.55057  -4.35669  3.94276  71.7313  1.8438  10.0795  -17.7739  -12.0075  39.9874  7.6835  -8.74108  -1.58849  6.28141  18.1047  2.15703  7.61713  -4.28136  -14.5684  -0.928119  -9.35568  -19.8232  0.724807  19.5575  -6.72293  2.11084  -4.4246  3.40075  0.745423  1.52536  7.51279  -1.04022  4.47589  -2.70526  61.7935  5.81211  4.07072  9.36588  0.537138  147.65  -2.14489  
-0.0591494  -0.577344  -17.4624  -18.8332  4.05955  78.6917  -0.122321  9.41971  -11.6337  33.8934  35.8565  8.71052  4.83823  -3.44034  4.40451  39.1482  2.28169  -1.51767  -1.54243  -10.5974  -10.9643  2.42326  -25.1481  0.15036  4.70808  -7.19849  1.56531  -1.23286  1.93444  1.4972  -0.903198  4.89709  -6.23765  -4.3682  -4.43521  46.4133  7.39596  -2.22326  6.74192  0.472822  165.277  -15.3425  
-1.58499  -4.56439  -31.5995  -16.6834  0.89072  43.3529  -1.75102  4.51064  1.09991  -3.21005  21.0259  8.8308  16.0663  -4.35321  6.98049  74.1018  0.5752  -7.99957  -0.504327  -7.06261  -15.1471  -1.7127  -12.2449  -1.1862  -19.1912  -3.22589  2.27705  -0.867159  1.01866  -1.28324  -2.30718  2.60784  -5.94071  -6.73384  -5.10318  7.93342  6.78952  -4.56482  3.32338  0.41495  -18.6707  -19.0947  
-1.1706  -20.7443  -13.9956  -2.06916  0.45345  -11.9141  -1.08683  1.14437  8.93003  -60.2952  14.0227  7.08252  17.71  -2.9935  11.375  90.5905  -0.79141  -4.44101  0.784395  -4.83008  -16.3607  -18.9694  -0.32711  -2.64252  -32.8109  0.00258363  4.22286  -6.57836  1.56398  -4.08669  -1.40158  3.60057  -1.8355  -0.949143  -0.979775  -34.3474  4.26776  -1.23126  -0.13933  -0.159201  -209.056  -15.0161  
0.224357  -18.4268  15.2136  8.81027  2.67341  -32.9329  0.67741  1.40913  8.56161  -52.4888  -0.0527858  3.47312  12.8231  0.173863  10.3363  67.9231  -0.215999  5.75174  3.11365  -0.360316  -18.7264  -31.6275  -7.80847  -3.58433  -26.1173  1.19582  4.63741  -14.2427  2.24528  -2.98171  0.210533  6.39133  0.788978  2.38536  5.94718  -72.0359  1.64071  3.9688  -3.42251  -0.955623  -167.342  -11.1449  
0.330707  6.06147  27.2485  5.85663  3.25426  -11.1922  0.915631  3.08965  10.0522  6.93467  -41.0387  -0.402054  5.22913  2.82877  0.591637  8.74703  1.6014  11.9413  3.70718  6.95718  -17.8802  -25.9065  -25.1481  -4.08586  -10.0689  1.23902  1.88588  -17.8284  1.1385  1.52716  -0.29663  6.30705  -2.10094  -1.17888  7.44383  -120.373  1.53208  5.19097  -5.38548  -1.38606  87.6364  -9.0314  
-1.14436  24.2455  18.9555  -2.26954  -1.06823  0.855328  -0.637827  1.87453  21.9626  35.8977  -90.3915  -2.11452  -7.72624  3.06016  -12.4401  -62.0514  2.54274  6.88868  0.398709  11.5276  -6.24475  -5.10762  -31.7375  -4.2813  -0.158615  1.11552  -2.45579  -14.178  -0.880741  5.00778  -3.14393  1.49008  -7.23835  -3.912  0.154298  -136.899  4.74088  0.691561  -4.00187  -1.42411  300.947  -1.98319  
-1.964  17.6151  9.50099  -1.21661  -5.73514  -31.6775  -1.44994  -1.6406  35.0319  -5.60495  -98.2461  -1.01105  -24.1145  2.09143  -19.4176  -104.009  1.83356  -5.20849  -4.22891  9.8214  22.5048  16.7609  -18.432  -3.55088  2.30005  0.805969  -5.11277  -5.35714  -1.87672  4.00632  -5.35393  -4.53858  -7.22796  0.28872  -8.88562  -74.4121  8.67647  -4.75348  1.13249  -1.38053  250.951  16.3544  
-0.405008  1.52181  7.10019  9.40085  -5.14423  -57.9442  0.194884  -2.93447  29.7527  -63.2962  -37.1298  1.08098  -32.174  2.61027  -15.4611  -85.9157  1.31814  -13.0465  -5.0531  5.27897  57.4907  28.4505  4.37594  -1.21011  8.0533  1.30315  -4.20576  4.94283  -0.720589  0.0981138  -3.81152  -6.62157  0.364148  5.0099  -9.77931  28.1988  10.3241  -4.24061  5.54443  -1.18189  -15.5335  35.5129  
2.23037  1.88887  4.37317  15.1103  -0.292829  -16.5493  2.6637  0.736888  1.16714  -57.7805  47.9709  1.92319  -26.3362  4.71803  -4.13115  -13.5976  2.99992  -9.72216  -0.727857  2.64454  76.7037  28.2495  18.1812  1.94156  21.5459  2.82796  -1.11572  12.1394  0.913444  -1.83124  0.888997  -4.57707  9.68656  1.60412  -2.11309  77.2696  8.55401  2.90662  2.94939  -0.595655  -206.915  35.6679  
3.13542  15.9215  -4.5539  6.31307  2.70878  60.8919  3.082  4.77511  -27.8972  23.5484  84.9533  1.33728  -16.5494  5.28664  7.19648  64.0052  5.38522  0.533779  4.04925  1.50762  61.7528  20.3754  15.0885  3.84277  31.1652  3.52636  1.23282  12.4305  1.00387  -0.145127  4.50519  -3.10506  13.0203  -6.89532  4.73638  20.9353  2.18476  8.85811  -5.97318  0.0675516  -137.768  12.7248  
1.4872  18.031  -15.0392  -7.63569  0.867662  72.1409  1.07033  1.04926  -27.0693  112.879  60.2347  0.900204  -15.0494  1.96841  12.2895  87.705  3.93955  7.36377  4.29834  -2.48078  19.8919  12.2847  -0.318242  3.37867  24.4596  0.866758  0.45431  6.29045  -0.927349  2.26249  3.57866  -4.7476  8.84908  -9.51825  4.60791  -57.232  -4.94948  5.13544  -12.5909  0.150134  88.664  -9.47698  
-0.670942  -0.0467161  -19.8483  -11.3014  -2.29068  -14.2691  -0.954568  -8.6518  2.51479  118.227  21.6311  1.57531  -16.9547  -2.61971  9.87523  46.415  -2.80648  5.32604  0.68428  -9.62115  -21.7482  9.29901  -17.9261  1.63112  3.52389  -4.55299  -2.70085  -2.07533  -3.08891  2.01525  -0.339784  -5.92524  2.45549  -2.96114  0.328604  -49.7101  -9.05606  -6.22008  -9.81537  -0.451923  183.143  -3.44185  
-1.05823  -18.8416  -18.0244  -3.17581  -2.42085  -104.042  -0.971849  -13.5632  27.1655  48.6456  21.443  2.68925  -6.30521  -3.27332  3.36469  -4.98849  -9.6836  -1.1644  -1.42448  -14.2361  -39.0943  9.01242  -28.785  0.487137  -16.9504  -7.46755  -4.41959  -5.46012  -3.37985  -0.120878  -2.1952  -1.71554  -0.485632  3.97417  -1.74196  46.4603  -6.88162  -13.0645  -1.00205  -1.03378  41.4507  21.7023  
0.242809  -19.9708  -7.24978  2.07509  0.0137826  -83.6138  0.392154  -7.06283  19.5833  -25.2733  51.6054  3.36646  18.9107  1.36171  -1.81571  -4.38391  -10.3696  -4.14509  -0.0530268  -11.4586  -33.8998  2.54482  -27.7969  0.299823  -24.904  -5.22449  -1.33858  -1.74278  -1.4972  -0.661096  0.670544  7.14301  0.571662  4.36988  -0.0753949  131.717  -1.0558  -7.10078  4.60871  -0.929363  -163.913  30.8676  
1.3163  -7.56766  18.8132  -2.55342  2.3088  34.7243  1.16327  2.37397  -6.4837  -30.5719  72.5486  3.47824  42.0286  6.21621  -2.02231  49.1782  -5.59042  -0.649371  1.58385  -4.17529  -21.2017  -14.5972  -16.7416  -0.0962005  -19.9675  0.110585  4.81754  4.1296  1.17033  0.609763  5.11562  13.6583  2.07722  1.5366  2.12396  161.467  1.88845  6.4774  3.71754  -0.282419  -205.642  4.0226  
0.889482  -3.37743  47.3057  -8.09563  2.87357  120.047  0.541336  3.63842  -11.5995  7.6828  62.276  3.37766  46.4056  5.4817  0.857132  87.1639  -2.17564  5.26488  0.5018  -0.575401  -10.3893  -35.7886  -3.99862  -1.41872  -8.59135  3.88599  8.07147  5.15956  3.05886  1.03508  6.02288  12.0882  1.93224  1.25893  1.91251  180.906  -0.376541  14.7162  1.6711  0.263836  -109.906  -34.9923  
-0.542064  -15.5005  45.9401  -2.86736  2.50211  85.1439  -0.703611  -3.22809  14.217  24.0171  24.1194  3.13083  31.5822  -1.27411  1.7619  55.357  -3.65675  8.07123  -1.32447  -3.93484  -1.05755  -42.7411  2.2585  -2.97507  3.94986  3.55752  4.78892  0.757462  3.08783  -0.66716  2.56904  4.45952  1.05621  2.46465  -0.957757  215.209  -3.46226  10.6626  2.85786  0.359535  -41.7943  -48.3129  
-1.69382  -26.7597  1.82137  9.07692  1.70696  -13.8825  -1.60093  -6.77686  36.4008  -15.0245  -35.4097  2.61207  9.4504  -8.33865  -1.4135  -19.1924  -5.57521  6.14138  0.0320151  -9.1147  3.31991  -25.7308  1.50217  -3.66121  12.1746  -1.10966  -1.92069  -3.419  2.18089  -2.06266  -0.977701  -2.13454  0.281251  -0.131867  -4.58796  179.293  -2.54642  -0.589172  4.03874  0.237573  -57.3511  -29.2682  
-1.93022  -14.7139  -47.2075  13.9847  -0.387044  -65.161  -1.86452  -1.56426  20.1313  -78.8511  -121.616  2.10418  -7.977  -10.9175  -5.02226  -61.562  -2.19074  2.12303  2.81464  -8.4321  -3.6365  5.27064  -1.02465  -3.51666  12.4171  -7.38714  -5.70793  -3.00315  1.42827  -1.39845  -1.09913  -2.80254  -0.80948  -6.24705  -6.1586  3.48704  0.424659  -10.0386  1.50339  0.160105  -35.2442  -4.19694  
-1.42371  18.2434  -45.0124  4.70549  -2.80187  -40.1206  -1.45627  5.96586  -21.2911  -118.461  -217.968  1.99878  -15.8778  -9.54295  -4.53077  -42.7699  5.04167  -0.714865  1.67  -0.180151  -15.8492  28.6146  0.188941  -3.38971  3.64287  -11.1701  -4.66366  -1.43608  1.26378  -0.398548  0.471881  0.857881  -2.39624  -9.35946  -3.6387  -220.775  1.31131  -12.0325  -2.58336  0.164674  63.0866  3.46714  
-0.52901  42.1838  3.40044  -7.60159  -2.60038  -18.4733  -0.299814  7.59344  -41.7151  -97.9756  -257.563  2.03916  -13.967  -7.6795  -0.264098  -7.26769  9.44725  -1.32639  -4.27005  8.34262  -13.0956  33.8127  6.65354  -3.31325  -7.73528  -8.35022  -2.09639  -3.32184  1.5015  -0.967608  -0.219699  3.39273  -3.20784  -7.51072  1.23736  -337.215  0.745103  -7.7224  -2.90501  0.099904  147.763  -0.759676  
0.466685  34.8147  27.8142  -12.1622  0.616499  -55.3046  1.16722  2.81651  -21.929  -22.5911  -188.919  1.83999  -9.22072  -6.28278  2.71216  -3.41317  8.20579  -0.460967  -8.23894  9.78231  10.5294  28.8477  12.3144  -2.18922  -11.9202  -0.710826  -0.783351  -6.26451  1.87613  -1.74036  -3.20849  1.51781  -1.01177  -6.22629  3.50084  -300.762  2.15257  -1.1946  -0.0872261  -0.0524508  123.512  1.40291  
1.2078  13.1022  -14.9991  -9.59324  3.15028  -101.839  1.93178  -3.3525  6.48758  46.3376  -42.5153  1.63172  -6.92868  -4.04057  1.52781  -17.2578  5.03018  0.809571  -4.04146  4.50221  31.9643  25.757  10.1531  0.652878  -4.97312  4.99556  0.28714  -3.78837  2.60165  -0.292749  -4.61081  -2.35666  3.749  -8.50001  0.867433  -206.355  5.37863  2.95764  0.731289  -0.164436  35.057  12.1435  
1.2861  8.94978  -74.1606  -7.80823  1.81346  -71.0825  1.34712  -6.63814  6.06446  37.5524  80.7178  2.03709  -6.39482  -1.09124  -0.643594  0.0179787  3.52165  1.75017  4.4275  -0.280101  18.9359  24.2782  -1.4506  3.88352  7.94191  3.25505  2.23047  4.16243  2.90007  2.77611  -2.32988  -3.1883  7.45417  -9.11721  -2.79702  -122.519  4.82462  2.30336  -1.8494  -0.148171  -10.589  17.7142  
0.616092  20.1168  -62.8636  -7.82963  -0.874081  23.3268  -0.0421971  -6.38275  -17.0302  -50.7396  114.071  3.06451  -1.89159  -0.0878354  1.24711  45.5944  1.51474  1.54635  7.28933  0.0563109  -25.2241  15.2086  -14.0052  5.11613  18.1189  -1.4096  2.95227  9.56234  1.85597  3.99422  0.712928  0.41453  6.81579  -1.71575  -2.4623  -16.0658  -0.0169098  -1.1218  -2.49167  -0.0527459  -20.319  11.1137  
-0.370228  7.43427  22.3535  -4.20084  -0.319376  94.1202  -1.05897  -3.52408  -24.5776  -101.394  97.9152  3.61228  6.78931  -2.32071  6.57337  60.895  -5.04209  -0.422081  0.839824  0.584309  -58.7426  -1.72659  -16.5306  3.56941  20.7195  0.568457  0.156653  6.94934  -0.324113  2.41839  0.718628  4.25334  0.624632  9.32032  1.46125  138.917  -3.09466  -2.95952  1.683  -0.141157  -17.578  2.86544  
-0.996681  -43.1602  92.9902  3.68361  3.26597  91.8228  -1.10425  -2.49567  2.00372  -8.90959  121.133  2.8652  12.9511  -4.99975  10.0695  18.6838  -14.3691  -3.13255  -7.52612  -4.87123  -47.1854  -17.0841  -8.3602  0.97613  16.3143  10.1059  -3.9912  1.52586  -1.71078  -0.000457262  -1.60003  3.60241  -8.30307  12.2381  3.6702  267.048  -1.14199  -1.20628  6.72571  -0.594947  31.7625  5.31996  
-0.816976  -87.3176  82.434  7.00109  5.67018  56.2589  -0.484253  -5.09483  37.8573  159.654  186.737  1.42726  11.6545  -4.7764  8.68754  -29.7273  -18.6679  -4.5511  -8.46092  -13.2504  -0.781818  -21.4278  0.740248  -0.382682  9.10015  17.6431  -4.97742  1.90254  -0.803621  -0.756307  -2.08407  -0.552518  -13.7498  2.94539  1.65926  270.789  2.0863  2.08758  7.42263  -1.04322  141.258  15.6405  
0.109467  -71.4406  27.9411  -1.65883  3.9295  43.2491  0.299275  -7.74182  50.5459  225.901  193.93  0.750057  3.92074  -1.6809  4.02142  -22.8703  -12.8399  -3.49989  -1.50921  -13.2194  36.8522  -15.8734  2.1727  -0.0442806  2.99485  13.1305  -1.59221  6.69798  0.603699  0.27458  1.17093  -3.12781  -10.508  -7.83388  -1.58069  182.006  0.477052  3.46789  3.41416  -0.771533  172.748  16.6922  
1.18277  -2.99422  11.8858  -14.5541  0.960877  44.8261  0.986514  -5.01161  31.4792  104.806  89.7637  1.34919  -5.72882  1.14958  -0.881553  24.053  -1.12106  -1.20666  5.6245  -0.712528  36.2766  -7.01609  -2.23553  0.618764  -0.653502  -0.101068  2.21396  6.25211  0.253985  1.31563  5.16237  -1.53334  1.74459  -7.90058  -2.21293  112.001  -5.84061  2.47956  -1.48145  0.225853  23.7827  2.42397  
1.54483  55.1443  46.6522  -16.1879  0.000232123  26.4272  1.26915  0.645669  -0.306952  -77.4477  -50.7232  2.19569  -15.0522  2.10647  -5.04177  43.4892  6.93829  0.34985  6.50541  13.3268  10.9574  0.797556  -5.54951  0.436943  -1.50398  -11.6781  2.66457  -4.49274  -1.56907  0.921409  5.5777  1.63927  14.7969  2.20565  -0.971177  116.959  -11.2761  0.880492  -4.87515  0.838827  -210.069  -16.4335  
0.831105  59.5831  68.9122  -1.98028  0.821065  -4.68378  0.848065  1.58198  -23.5875  -157.73  -77.7126  2.08725  -22.023  2.63718  -8.25734  13.5024  6.99399  0.413748  2.24038  15.8155  -8.06828  5.76552  -4.928  -0.3977  0.304312  -14.937  0.393022  -17.3561  -1.86194  -1.23597  1.81171  2.85386  19.035  9.85199  -0.898133  136.93  -12.5953  -0.643257  -4.84362  0.0513682  -288.165  -23.2901  
-0.322746  32.5649  34.7332  12.4869  0.926496  -15.0454  -0.0318017  -2.43831  -27.2854  -130.826  33.6116  1.24785  -21.9621  3.86179  -7.52669  -8.67977  3.70262  -0.106415  -1.19514  7.70606  -5.67848  8.00287  -3.24234  -0.952479  1.90881  -13.1522  -1.00529  -21.4159  0.62396  -3.78308  -2.57219  2.0871  11.6727  5.83602  -1.76816  80.9222  -11.0282  -2.70043  -0.356924  -1.52119  -172.143  -13.3129  
-0.824474  21.6017  -25.4039  12.8102  0.581036  -0.946847  -0.546269  -3.15323  -15.4934  -107.407  141.852  1.10908  -11.8027  4.36713  -2.37586  27.2697  3.73462  -0.68678  -0.190794  1.47962  7.70064  7.98892  -0.692232  -0.921327  -2.3215  -10.6694  -0.0573519  -15.4356  2.90105  -4.35649  -3.83938  1.13972  -0.83947  -5.37259  -0.599207  -54.714  -6.889  -4.85433  7.04504  -2.13552  -64.1022  2.56303  
-0.373339  33.9387  -53.7003  2.25831  1.82113  3.53448  -0.299318  3.22869  -0.884165  -118.026  108.853  2.57605  5.34715  2.09413  3.37503  80.5046  6.97343  -0.610436  3.70857  3.77105  13.8661  7.59413  1.59262  -0.771158  -14.5208  -8.22901  1.65168  -7.07024  1.57113  -2.02065  -1.62026  0.152634  -10.1873  -11.5115  3.28606  -165.667  -1.15611  -4.34527  10.2579  -1.12833  -91.4577  12.0448  
0.217784  39.1539  -37.3129  -3.65487  3.66083  -13.8352  0.110631  8.15264  2.31435  -75.1045  -45.8448  4.69796  21.8663  -1.64243  4.05633  70.8965  7.13105  0.656531  5.65069  6.97293  6.91861  5.66375  3.352  -0.86193  -27.2702  -5.10393  1.90084  -2.17194  -1.95639  0.42042  1.50763  -0.947489  -12.7594  -7.2093  6.29628  -158.698  4.78436  0.0612788  4.45673  0.229306  -89.2315  9.22546  
0.20399  16.1724  -10.0042  0.499908  3.60924  -34.0824  0.0489261  4.03308  -7.5688  43.8811  -163.038  5.40518  28.7416  -3.65261  -0.723723  -7.09507  0.65455  2.74814  3.10062  2.51656  -7.90701  1.40515  0.389359  -0.968367  -27.872  -2.96709  0.740413  0.526728  -3.09655  0.879726  2.8801  -1.13077  -9.98186  0.226777  5.37364  -73.2643  7.9485  5.60295  -4.34676  0.546292  123.873  -1.22794  
-0.109288  -21.7548  -7.06118  3.29252  0.504489  -38.5411  -0.164232  -3.733  -17.1985  124.45  -128.775  3.9208  21.2051  -2.5453  -5.02119  -68.2071  -7.96773  3.4511  -2.24893  -6.44762  -22.3169  -3.57384  -7.13294  -0.716156  -13.1848  -3.19001  -0.641444  4.64713  -0.190791  0.976397  1.98016  0.506898  -4.26475  2.09214  2.11246  -20.2382  9.6027  7.3095  -5.19704  0.0567974  384.211  -12.5873  
0.0136064  -45.8972  -24.4618  -3.48009  -3.50483  -36.1271  0.170717  -4.45945  -14.0767  70.8774  7.87263  2.35166  4.44794  -0.471348  -4.452  -44.4985  -11.397  0.855136  -5.57722  -9.93903  -28.262  -3.50604  -13.5846  -0.165217  4.05462  -2.71738  -1.24378  10.1032  2.44897  4.91254  0.130976  1.68497  2.56914  -1.68727  0.199585  -63.1303  11.5773  3.36751  2.8732  -0.171855  360.564  -17.1182  
0.406555  -43.1548  -32.1628  -13.5489  -4.99055  -35.2165  0.744007  1.31351  0.337223  -36.5448  100.694  3.77307  -9.31039  0.294899  -0.157857  32.8873  -7.88136  -3.43425  -4.65999  -5.16704  -25.3465  1.82425  -13.7219  0.215518  10.053  2.10709  -1.55399  12.2333  0.293115  11.6896  -1.27196  -0.649582  7.94589  -4.26411  0.955877  -154.098  11.3687  -2.30013  7.74969  -0.127298  5.11719  -12.62  
0.119216  -21.6196  -13.4319  -14.1391  -4.39005  -25.2311  0.398866  1.76548  14.4805  -51.5502  71.985  7.62762  -9.74819  0.0461099  4.27737  78.8506  -2.26827  -5.59898  -2.09694  -0.115134  -14.2252  4.69848  -10.2101  0.0727274  6.87454  10.1408  -2.5014  8.3983  -4.4251  13.7969  -1.82381  -4.77923  10.2909  -3.13403  1.59947  -169.015  4.90491  -3.72754  0.604897  -0.604333  -304.486  -7.51923  
-1.10364  3.86289  16.0463  -6.46597  -3.94186  1.20047  -1.16842  -7.03325  19.508  35.0753  -10.5987  8.24169  -0.61035  0.257403  6.78709  72.1582  0.65357  -4.20205  -1.76415  -1.98339  -3.33041  -0.33787  -8.98982  -0.39482  9.70139  13.7928  -4.00341  -0.629654  -5.93428  6.23972  -1.58527  -5.36108  10.9032  -2.20679  -0.596105  -57.9491  -5.5277  0.729152  -9.9838  -1.72539  -259.976  -9.63092  
-2.14233  24.2631  28.4483  -2.6466  -3.71484  23.3299  -2.58738  -14.1798  15.4667  85.4097  -46.5062  0.714763  3.80806  0.227344  6.52741  65.7605  0.830282  -1.28608  -3.56702  -7.79186  -0.888701  -6.89672  -8.10243  -0.741969  23.8273  7.53256  -4.22457  -9.345  -1.85683  -5.29221  -0.490074  0.0630063  11.1558  -4.27491  -5.19773  108.925  -10.479  6.55736  -9.04157  -2.4447  1.14051  -15.8583  
-1.76616  32.119  12.2537  -7.59877  -1.8101  19.4091  -2.30919  -10.0872  5.82357  28.3718  -11.5377  -9.9451  -3.78667  -1.5901  2.60243  101.451  0.856615  0.565705  -3.51552  -9.32841  -9.05023  -2.78929  -1.87241  -0.657678  33.9433  -5.29243  -1.40078  -13.5292  2.76826  -10.3794  1.33574  6.90334  10.3103  -5.4157  -8.44799  218.662  -5.56525  7.25262  4.57601  -2.07442  95.4225  -14.2983  
-0.184351  17.7724  -15.5859  -13.7876  1.45353  0.583712  -0.546799  -1.84515  -3.01563  -56.8544  36.7806  -10.3399  -14.0711  -4.26416  -3.74571  143.617  1.88726  1.09179  0.445158  -2.60761  -20.572  12.1588  7.28059  -0.177549  22.2713  -14.1305  3.10771  -12.1189  2.7441  -6.04931  3.28781  8.79786  5.19316  -1.39672  -6.55468  198.419  2.81249  0.76453  16.0633  -1.06912  -29.7071  -2.3182  
1.21236  -12.8081  -30.0119  -13.0573  3.41  -2.02319  1.03086  -1.64779  -5.71284  -63.9793  41.3654  5.4706  -14.5789  -4.89733  -8.05427  129.332  3.04805  0.891041  5.71607  8.0155  -21.8321  23.2561  8.10252  0.444428  -8.47573  -11.4469  5.35037  -7.68048  -1.17787  -0.0575139  4.21663  4.8505  -2.54929  4.9159  0.0776684  73.356  4.63439  -7.56115  13.7365  -0.104448  -72.5397  8.35744  
1.47309  -33.4294  -24.9941  -8.90506  2.89253  17.016  1.35188  -8.93095  -1.65115  -20.5069  8.01209  23.2865  -6.06318  -2.5111  -5.77338  52.5697  3.52827  0.0372951  7.65398  15.2279  -6.18118  17.5168  -2.98694  0.85633  -34.2565  -0.394591  2.73893  -2.10817  -3.31357  -0.287298  3.11891  -0.846009  -8.15702  8.47564  5.99154  -65.0592  1.35523  -9.4033  3.02688  0.773178  129.017  8.71098  
0.899316  -17.935  -14.3273  -7.93342  1.69215  33.253  0.967578  -11.8472  3.17573  -35.846  -26.8527  20.6447  0.948247  -0.338247  1.34536  -32.0377  3.67384  -1.24626  5.31509  15.6357  16.4661  -1.23068  -14.1745  0.622067  -36.6912  7.27332  -2.89145  5.54386  -0.743473  -5.63356  -0.296588  -4.19459  -8.49023  10.0525  5.25436  -138.048  0.686466  -2.47947  -3.66618  1.61113  310.647  7.33968  
0.248982  27.4426  -9.62495  -10.2785  1.69993  24.9075  0.79035  -6.24012  1.9016  -135.147  -28.3893  -5.52232  2.96036  -0.790214  6.32488  -78.9481  3.78434  -2.765  1.83473  11.4346  27.4326  -15.3565  -14.0406  -0.327954  -21.3715  3.54532  -7.34559  15.7676  3.2087  -8.98169  -4.69001  -4.34169  -8.04407  13.1915  -0.118279  -117.355  6.56938  5.74925  -3.85127  2.07702  149.237  16.4558  
-0.280751  65.2872  -7.83617  -11.7109  2.17349  2.51742  0.660327  -3.03613  -4.08024  -226.419  11.3318  -31.143  7.93698  -2.1115  4.29466  -99.2817  3.40303  -4.22156  0.807715  6.96095  18.6298  -14.6842  -10.1279  -1.44516  -9.45126  -6.13701  -8.7491  25.9645  3.46673  -6.57304  -7.2969  -2.39615  -12.7406  16.3751  -0.645188  -61.2769  11.2717  4.20694  -5.81059  1.90106  -231.785  30.6165  
-0.870285  63.092  -3.02423  -10.8967  0.647973  -3.01928  -0.0738637  -11.456  -6.51091  -225.26  75.0791  -32.0021  21.1923  -0.905817  -2.11346  -120.42  2.21692  -5.94173  2.42344  4.41935  -2.15036  -3.06509  -17.476  -1.9478  -12.5722  -11.0038  -8.08555  30.4787  -0.692643  -1.19201  -6.30577  0.582173  -21.6763  13.3875  8.88817  -43.2713  7.32566  -8.45676  -13.8175  1.35578  -421.635  31.7542  
-1.29529  30.1751  3.66472  -7.81611  -1.51553  7.38741  -1.05972  -22.9881  -3.05428  -143.701  118.328  -13.1321  32.5466  2.23852  -6.32616  -124.512  0.6442  -6.8454  3.75176  3.08973  -16.9046  6.57616  -29.901  -1.58548  -20.1014  -7.63079  -6.61603  25.4735  -4.72446  2.25824  -2.91802  3.05245  -25.6878  4.77743  19.4887  -55.9698  -1.92558  -20.3529  -20.5346  0.801269  -278.704  17.6357  
-0.975895  -0.39899  6.89664  -4.15076  -0.684683  9.99999  -1.10633  -19.8926  2.99423  -61.176  86.4154  -0.280286  25.3884  3.15146  -4.33259  -74.6258  -0.56937  -4.61945  2.66086  1.10029  -17.7837  5.74351  -26.4386  -0.746335  -15.0553  -2.13931  -3.77641  11.8829  -4.02037  2.04053  -0.0318579  3.21647  -17.1666  -1.98465  16.6126  -45.6588  -6.45415  -17.4409  -15.3742  0.253687  -46.084  3.57284  
0.133921  -13.6412  4.98943  0.580374  3.79991  -6.57331  0.0922269  0.615022  7.71179  -10.7238  -18.6546  -4.29196  -1.41282  0.558622  2.89898  37.7402  -1.1917  0.875367  -0.983778  -2.10559  -8.41841  -3.64306  -0.643196  0.124193  5.95606  0.957539  0.606854  -5.85167  1.29271  -0.340772  1.13912  1.01584  2.15502  -3.10149  -1.82269  14.2069  -3.31701  0.740548  1.72592  -0.428614  78.1276  -0.294342  
