0.0782357  0.250081  -0.150718  -0.656348  3.29846  -0.100417  2.5791  3.59043  -0.874194  0.370014  3.22495  0.433828  -3.86119  -0.945655  0.391342  2.1119  -0.207087  0.348696  30.5907  0.427558  4.15  2.26337  0.700688  -6.35905  0.20771  -15.7787  4.34679  3.67667  3.59872  2.31769  2.25314  -0.630482  -0.0364355  2.57752  -7.77659  1.18734  3.2256  -0.75622  0.691668  0.462157  -2.33588  -0.888216  
-0.5299  0.131385  -0.941885  -0.419918  1.69879  -2.08579  -2.14785  -78.2265  -7.41296  1.97606  8.62692  -5.52779  13.4586  10.2599  19.4686  -3.79303  -0.167925  -0.617466  -142.914  -6.48563  -0.504304  -1.07995  21.4632  -2.82759  -0.38877  -66.3489  -2.47865  -8.94756  -21.9211  -6.96094  -12.6276  2.20089  3.43535  0.426925  -3.81607  -2.16957  -11.6593  -0.97073  0.898943  -10.9873  -20.8675  -3.69387  
-0.860351  -0.249756  -1.11659  -3.41898  -4.93489  -0.3587  -4.45687  -110.804  -4.42948  2.7379  6.23369  -12.1396  17.5454  11.3514  25.0723  -7.85524  -0.211685  -1.25172  -193.105  -8.88064  -1.56108  -3.6363  31.9446  -2.87653  -0.267509  -48.5281  -0.693  -5.23504  -24.6235  -14.887  -16.1364  1.86753  3.83481  -1.60044  -2.65066  -5.84154  -16.6241  -0.120727  1.35857  -14.5655  -24.4809  -8.72088  
-0.910928  -1.30579  -0.514666  -6.77668  -10.1783  2.31467  -3.85427  -81.2427  3.63375  2.5517  -3.16498  -15.6238  10.4862  3.0401  15.9197  -8.13375  -0.307397  -1.13936  -137.849  -6.01698  -1.60975  -4.71082  33.6067  -6.48375  0.260371  31.1348  9.69842  9.60563  -9.15933  -18.7747  -8.34458  -1.30016  1.25614  -3.87857  0.30492  -7.51791  -11.5454  0.976217  1.41989  -11.5845  -11.4209  -14.394  
-0.849828  -2.92507  0.982411  -5.98961  -5.73918  1.74604  -1.42068  -24.6363  5.70844  1.72639  -10.2472  -11.899  4.41833  -4.30108  1.68869  -4.52406  -0.352433  -0.223848  -89.2588  -1.57498  -5.21546  -4.00675  36.657  -9.74314  0.777996  105.339  20.3864  16.1292  3.14161  -15.6325  0.899925  -4.20512  -1.56572  -6.33864  10.1175  -4.79677  -4.31946  0.655718  0.506605  -8.76724  5.52909  -15.8393  
-0.804032  -4.25994  2.91265  -2.13396  5.92739  -1.20594  1.52807  8.45025  -0.85945  0.528883  -8.32527  -3.68176  3.74788  -3.84686  -8.77489  0.205047  -0.303882  0.648146  -93.2767  0.76947  -9.81845  -1.81638  41.2443  -8.59634  0.693866  125.478  21.7316  6.38739  2.30734  -7.51168  3.5359  -4.49535  -2.64124  -7.56525  23.8099  0.27685  -1.50049  -1.14808  -1.02293  -8.27224  10.8247  -9.46411  
-0.721596  -3.91813  4.23625  -0.542357  12.4432  -1.15929  2.90534  0.327722  -7.37956  -0.491035  -0.686114  1.64365  3.3222  0.722137  -12.8782  2.48119  -0.213692  0.419518  -100.546  0.595569  -9.32428  0.462787  36.7415  -4.53856  -0.175816  103.158  12.4325  -7.63716  0.851254  -0.0682047  0.793695  -2.65633  -2.20841  -6.7413  28.1097  3.27008  -2.27318  -2.74213  -1.9029  -6.71582  1.70452  2.70853  
-0.535091  -1.4505  3.6504  -2.45286  9.0281  3.01338  0.897259  -23.1726  -6.4755  -0.475248  3.39131  0.697571  -0.569426  2.21416  -10.7231  2.66401  -0.156123  -1.00801  -50.9522  -0.0208101  -3.80934  1.84284  18.7423  -3.55869  -1.40712  77.7508  -1.44483  -10.6581  10.4283  2.29951  -2.27003  -0.85993  -1.47743  -5.64879  16.1634  2.3041  -2.20766  -2.45255  -1.60351  -2.14571  -9.47727  13.0974  
-0.318719  1.68418  0.789674  -4.35402  1.3226  5.57599  -3.26562  -23.5904  -0.164945  0.484521  0.222907  -2.56448  -4.64383  -1.3883  -5.28121  3.46961  -0.198768  -2.32439  34.2421  0.433532  -0.792742  2.37211  1.44017  -8.07222  -2.05935  66.2016  -9.20409  -3.3295  19.952  0.0323414  -2.6902  -0.310149  -0.566487  -6.19116  -2.11836  0.260079  0.282098  -0.536269  -1.11855  2.34716  -10.9669  15.0301  
-0.211951  2.92876  -2.21927  -4.47605  -3.05145  1.99249  -5.51921  3.26966  5.04059  0.929154  -2.60936  -3.12428  -4.52998  -5.05653  -1.66949  5.41957  -0.380815  -1.96114  92.8093  1.99706  -3.58372  2.88722  3.29848  -11.9599  -0.432274  61.3536  -6.31439  2.31728  8.73955  -2.58219  -2.2957  -0.257079  1.27904  -6.84852  -6.7781  0.172018  2.761  0.912178  -1.766  3.13685  -3.5256  8.75421  
-0.283101  1.079  -3.08767  -6.29617  -3.608  -4.03136  -3.60834  32.3362  6.09953  -0.21546  1.08003  -0.879044  -1.98193  -5.24693  -2.8212  6.00562  -0.658536  0.0381136  97.7445  3.33051  -6.62943  3.72247  19.8439  -8.0168  2.68818  61.1507  1.50928  -0.22543  -22.169  -1.17675  -2.83197  0.4508  3.89447  -4.88311  6.50055  1.13631  2.23722  -0.0697098  -3.46468  0.796627  5.24822  0.0287618  
-0.407087  -1.87204  -1.42349  -10.6152  -1.02108  -4.74861  -0.914801  39.4538  4.17268  -1.91694  7.35892  0.77918  -1.0278  -2.96768  -4.00974  2.7484  -0.879032  1.92216  68.5468  3.88832  -3.239  4.11943  22.1555  1.54352  3.06125  68.5927  4.7105  -5.23289  -45.7985  4.72679  -3.43184  1.88549  5.85394  -0.664056  21.8979  0.725521  -0.639699  -2.90591  -4.67308  -1.13942  10.959  -5.43989  
-0.38569  -2.41048  0.367686  -11.6766  4.09962  0.264203  -1.56895  24.2138  1.27243  -2.14452  6.9003  0.207038  -2.64285  -1.66479  0.598064  -2.78095  -0.866583  1.93274  29.7288  3.90042  4.9234  4.01903  -9.24093  6.46868  -1.33232  75.3959  -2.33296  -5.30553  -38.3493  11.1556  -2.44935  3.05982  5.72136  1.6876  21.5017  -1.19236  -2.28754  -4.10925  -3.71754  -0.624372  13.5279  -5.59853  
-0.161024  0.438434  -0.360646  -4.89585  8.04948  3.51285  -3.49385  2.5092  -0.91298  -0.803346  -0.26141  -1.02849  -3.88181  -2.39415  7.9512  -6.58609  -0.568734  -0.0328412  -12.217  4.48762  10.9014  3.57327  -54.4207  1.91365  -6.0391  62.2447  -13.8809  -0.339269  -8.70588  8.9708  0.414427  2.95637  3.52808  -0.691582  6.96345  -1.61299  -0.77328  -1.2858  -0.265984  1.09762  9.47398  -2.63725  
0.172456  3.32179  -3.49262  4.95028  5.4251  0.0466238  -0.652833  -13.5566  -0.855657  0.0506656  -3.35256  -1.20689  -2.85583  -4.29303  8.37841  -5.91716  -0.0872435  -2.15661  -47.2522  6.72903  11.7204  2.66172  -68.2077  -5.94682  -4.68323  30.7642  -16.6219  4.14755  17.9062  -3.3069  3.95214  1.70726  0.854008  -4.25209  -10.5029  1.34115  2.07029  2.86667  4.09199  1.94529  -3.46683  -0.0940765  
0.486026  2.55214  -5.97279  7.8089  -4.53447  -5.72374  7.36748  -17.7565  0.411805  -0.861042  3.26353  -0.585599  -0.288986  -5.61997  -2.02667  -1.5319  0.410959  -2.52295  -51.5545  9.71298  10.562  0.918778  -36.4597  -9.46238  2.40474  8.31047  -7.30483  4.90905  26.0888  -15.4234  6.65322  0.208441  -0.659615  -3.29273  -22.0231  5.95839  3.10412  3.55431  6.60319  1.91062  -16.3615  -0.0309593  
0.751635  -1.13475  -4.14405  1.62141  -12.5466  -5.71782  12.7029  -10.8561  0.148972  -2.14017  11.7498  -0.363009  -0.661797  -3.7364  -12.5091  3.40316  0.777649  -0.801597  -10.012  10.4711  8.82383  -0.758186  0.471764  -9.19477  6.51369  13.9408  6.97881  2.95167  23.0088  -12.4747  7.3219  -0.94171  -0.616847  3.67123  -25.193  8.61725  1.28483  -0.143993  5.61977  2.69717  -14.4512  -0.517593  
0.951064  -3.0919  2.30314  -4.18144  -11.3439  1.05209  9.24327  -0.0533544  -2.69065  -1.54863  10.2239  -0.865307  -4.84046  2.01928  -10.7388  4.96739  0.918582  1.46643  43.399  5.79553  3.19073  -0.709495  -0.996447  -10.5736  2.08881  28.5878  15.8083  0.848385  20.7404  6.56751  5.51458  -1.87203  -0.113832  10.6632  -19.0161  7.83922  -0.695802  -3.66837  2.32996  4.53525  4.43977  1.56973  
1.00245  -0.853942  8.78074  -1.70406  -4.38593  7.381  1.28581  6.61559  -4.90884  1.19164  -0.541093  -1.58211  -8.92301  9.28897  2.42163  2.09722  0.834538  2.51195  48.2183  -2.70301  -6.95388  0.726399  -38.4356  -13.9182  -5.01306  20.8344  16.4949  0.0531254  19.7156  24.1977  2.82993  -2.74556  -0.510784  11.8971  -6.51884  4.99652  -0.509022  -2.96176  -0.33067  4.91774  22.1402  5.22551  
0.852797  2.42942  9.94016  5.7196  1.68475  6.8145  -0.976247  4.82215  -3.7578  3.97493  -7.54467  -1.84904  -6.59284  12.902  14.6825  -1.64337  0.629435  1.82062  -19.4095  -9.86824  -15.3525  1.76066  -65.9045  -14.0035  -4.11807  -9.403  12.3858  0.810416  15.0547  24.9583  1.80112  -3.26276  -1.54441  7.7373  3.07315  2.6121  1.01005  0.569237  -0.471397  1.81264  19.2587  6.13411  
0.569262  2.08688  5.0692  8.26702  4.65844  1.52101  5.20422  2.62581  -1.26605  5.09096  -2.11653  -1.52065  1.37728  10.173  15.6664  -1.40618  0.355605  0.54556  -95.84  -11.9803  -15.4121  1.29017  -59.0187  -9.46346  5.03206  -32.8802  5.68202  1.57914  6.7236  11.9578  2.5948  -2.88237  -1.5917  3.82436  3.16082  1.44998  1.82143  2.6187  0.881539  -2.70493  -2.20279  2.90986  
0.245365  -1.42174  -0.687117  3.75375  8.11941  -1.94022  11.8007  4.53598  -1.39523  4.7119  8.7876  -1.01054  7.94077  3.83181  7.14329  3.07185  -0.0655356  0.254222  -88.6713  -9.95621  -8.13023  1.34685  -39.5844  -5.76938  11.1902  -31.4684  -3.38806  1.39885  0.681623  1.63054  2.36264  -1.42675  0.0230277  3.36535  1.03277  0.0704168  0.997752  0.634605  1.06864  -4.74497  -18.7663  -0.106755  
-0.129312  -3.27693  -2.3051  -0.167  10.2724  -1.5711  10.2779  7.01562  -3.712  4.03609  11.6003  -0.717139  6.63225  1.56638  -2.14964  7.06175  -0.627902  1.34452  13.2979  -7.43831  -0.686265  3.11841  -37.9921  -7.27054  6.57824  -17.1092  -12.0807  1.75654  -0.300014  0.592656  -1.47799  0.471507  1.36204  3.62214  9.23034  -3.08842  -0.867019  -3.96115  -0.913011  -4.13975  -11.1837  1.9903  
-0.576279  -0.756486  -0.192279  1.66511  7.70046  -1.79992  2.31891  3.303  -5.02106  3.61073  3.24624  -0.80292  1.06106  5.51536  -5.46902  6.26155  -1.08022  2.74643  94.7555  -5.83442  2.07645  3.9384  -46.8691  -10.1796  -3.04033  -10.1683  -15.7838  5.71269  1.4386  1.23649  -6.51577  1.56653  -0.0354749  0.293571  25.8821  -7.72005  -2.76595  -7.54685  -3.26015  -4.67502  12.5607  6.55511  
-0.941856  2.81395  1.05008  5.83466  2.32528  -5.47698  -3.55275  -3.32649  -4.52823  2.79053  -6.27762  -1.18783  -3.47001  7.64136  -2.72276  2.24811  -1.12513  3.16815  54.427  -3.92062  1.85644  1.39162  -38.8822  -8.05077  -5.72356  -15.126  -13.6599  12.1729  2.72504  -4.10785  -7.73632  0.929257  -3.72948  -5.61139  33.5585  -10.6549  -3.06283  -5.75127  -3.34064  -7.66413  25.6272  6.64016  
-0.984596  2.60388  -0.439106  5.87731  0.889297  -8.39182  -2.83003  -0.207239  -5.5091  1.11525  -7.63355  -1.46109  -6.12605  -2.2773  2.35127  -0.359782  -0.851751  2.52007  -61.0006  -1.63214  2.41564  -2.15367  -7.71402  -1.51984  0.917064  -22.5168  -9.27141  13.9957  0.535566  -10.5947  -4.41522  -0.860939  -5.74288  -8.77724  21.3992  -8.42795  -0.65165  2.55343  -0.952569  -9.08969  11.7365  -0.864511  
-0.66935  -1.19695  -2.14752  1.70596  3.11733  -4.3565  1.17671  9.75909  -8.17679  -0.572914  -2.63801  -1.25554  -9.47296  -20.5965  5.37006  -0.559402  -0.65892  1.69538  -111.503  0.398901  3.25375  -2.4474  19.5799  2.32655  8.76045  -25.0504  -5.13827  6.53139  -3.88508  -11.0038  -1.42318  -1.99595  -3.11379  -6.49308  -4.36128  -1.42384  3.33374  12.776  1.4487  -5.7535  -14.23  -10.4353  
-0.19399  -3.65368  -1.43551  -1.24955  2.066  4.85374  3.15389  13.5536  -7.4123  -0.955057  1.25192  -0.47604  -10.3201  -27.7508  3.10371  -0.921697  -0.657965  1.21449  -34.2335  1.70407  1.58339  0.844324  19.8042  -0.600708  10.715  -20.9052  0.913028  -3.60566  -5.60735  -5.6638  -2.45009  -1.24674  2.30176  -2.60752  -27.4303  5.03933  4.91844  16.8237  1.83362  -0.420562  -22.9262  -15.1831  
0.308206  -1.57164  0.209357  -0.836907  -3.62  10.1653  2.24427  2.94656  0.69593  0.0703602  1.86972  0.437831  -2.99958  -12.8287  -2.32094  -3.54067  -0.470911  0.899578  83.8365  3.27953  -2.93817  3.28239  0.623594  -6.49706  8.72966  -8.32621  8.98534  -4.34365  -1.28425  -1.54287  -4.39827  0.560811  5.74417  -1.72251  -32.7607  5.59015  2.5223  12.5225  1.01137  2.21149  -5.67715  -13.4973  
0.82597  2.5684  -0.218946  -0.19287  -5.48248  6.35846  0.468752  -4.75946  11.7601  0.821141  3.06398  0.738161  11.0589  8.14938  -4.91983  -5.77102  0.226596  0.572798  136.866  5.11184  -7.25444  2.47113  -16.7268  -9.39937  7.52174  10.5643  14.1672  5.6772  4.77999  -0.317242  -2.09759  1.44698  4.61638  -2.46443  -16.1296  0.679713  -0.0753978  6.07683  1.41295  2.03911  15.0589  -9.18924  
1.17481  3.95044  -2.36263  -2.24575  3.49737  -0.969816  -0.963175  8.45506  16.9487  -0.126362  6.29566  0.0590394  21.696  9.41782  -1.55396  -4.87974  1.08309  0.37744  105.021  5.11691  -7.50322  0.518886  -19.4905  -8.98681  5.89806  23.008  11.7924  12.5424  4.74068  3.77123  3.98854  0.300548  1.13244  -0.375472  9.90162  -3.72384  1.96525  4.0807  3.16392  2.10617  16.1493  -5.75805  
0.918999  1.12423  -3.00537  -5.23194  15.9936  -2.83072  -1.83116  32.5135  13.1901  -2.17457  7.51527  -1.06456  20.6014  -6.79349  3.09015  -1.46908  1.30398  0.191599  30.7092  2.78473  -2.95781  0.623704  -14.7836  -8.86871  0.0673753  17.3844  4.13013  3.40036  -2.84726  12.7763  7.28789  -2.05405  -1.07395  4.76102  18.1727  -2.76688  7.32498  4.45273  3.49337  2.67702  1.24906  -2.65229  
-0.125686  -2.71869  -0.861556  -6.97775  15.9613  0.809056  -1.00901  38.3416  4.87753  -3.57898  3.54229  -1.60547  9.77751  -9.87663  2.36888  1.04575  0.531706  -0.732226  -59.7038  0.327849  3.14624  1.77518  -15.1377  -9.65142  -8.04651  -2.66431  -1.26054  -15.9302  -8.01068  19.0489  4.13472  -3.65115  -0.815398  7.39358  -5.34787  2.14809  8.26141  0.235286  0.642677  1.1167  -8.67464  2.46998  
-1.38337  -4.0226  2.03966  -7.29895  -1.16319  2.45332  2.51608  18.2587  -1.4774  -3.59344  -3.2286  -1.38183  -2.59597  12.792  -4.41473  1.35182  -0.686405  -2.46082  -131.328  0.568482  5.29545  2.09631  -26.9347  -8.17926  -10.5992  -18.8181  -1.29529  -26.9688  -2.10431  15.7286  -1.67246  -3.00521  0.301114  3.71086  -35.2174  6.14308  0.595285  -8.49074  -3.01446  -2.86529  -5.8459  8.6144  
-1.87637  -2.26553  3.27935  -6.6223  -20.0557  -2.24275  6.55021  -0.546877  -3.50411  -2.72656  -6.88122  -0.922816  -10.1897  30.3795  -9.45638  0.559571  -1.38646  -3.61675  -121.026  2.09685  2.28334  1.56931  -41.6847  -2.91303  -4.3274  -16.3291  -1.5938  -19.7595  10.3531  5.63738  -4.0438  -0.408274  0.684266  -2.58424  -30.1135  6.6344  -9.41093  -13.5091  -3.68075  -5.74259  -3.269  10.8231  
-1.23049  0.580116  3.10356  -4.19253  -21.9453  -7.33194  6.92659  6.86488  -1.97678  -1.61355  -5.54575  -0.895365  -11.367  9.72081  -7.45525  0.227729  -1.0678  -2.57843  -14.5264  0.629607  -1.80792  1.97901  -42.9765  2.82916  3.05553  -4.24507  -6.27406  -3.41678  16.5828  -2.37957  -1.96424  2.22269  0.209787  -4.92421  12.8597  4.2031  -11.9125  -9.37095  -1.72692  -4.89567  -7.04618  4.99428  
-0.163249  2.54992  2.91674  -0.857494  -5.60495  -6.28411  2.42092  24.7035  1.25285  -0.593112  -2.71354  -1.1445  -8.42803  -32.7829  -1.75615  0.523653  -0.141513  0.235239  91.7486  -4.97507  -2.46958  3.16351  -21.0436  4.85795  3.1158  0.524572  -10.9454  6.10667  11.0854  -3.59455  1.30856  3.08863  -0.799638  -2.15004  46.4552  0.31925  -5.63142  -0.998697  -1.20677  -1.99335  -6.81774  -6.37561  
0.219384  2.78957  2.31903  -0.228402  10.7686  -1.0137  -3.46072  17.9696  3.65378  -0.564842  -2.47249  -0.924862  -4.97563  -46.8391  1.21977  1.96775  0.445124  2.41836  85.6537  -9.1775  -1.24072  3.83089  11.5444  3.3138  -2.42775  -6.68921  -8.96169  4.01975  1.55914  0.161289  2.58418  2.29511  -2.27213  1.49865  31.4809  -3.87785  1.07132  3.44274  -3.87811  -0.378863  5.88722  -14.1457  
-0.323987  1.34859  -0.14116  -3.70381  11.6923  0.966468  -5.87593  -20.1992  3.83223  -2.00378  -5.06646  -0.144779  -4.62938  -15.234  -0.267343  5.5831  0.165463  2.28849  -11.4055  -5.81266  -2.83246  3.59841  31.6191  0.596855  -4.87207  -12.4922  0.473973  -1.72408  -1.32289  2.80036  2.41679  1.44334  -3.60707  2.07339  -9.19573  -6.214  0.638471  2.44324  -6.23577  -0.802237  18.6195  -11.8035  
-0.85598  -0.850789  -3.61315  -7.02321  1.26568  -2.8237  -3.60749  -51.4425  2.423  -3.04695  -7.43352  0.365068  -7.26065  24.1137  -0.536594  9.82245  -0.450894  0.561265  -63.9315  3.95377  -7.14865  3.86704  30.922  -2.98331  -0.671743  -5.25283  7.73835  -2.71355  5.9645  3.21709  2.12063  1.22844  -3.41314  -0.247835  -23.5427  -5.03615  -4.03651  0.316319  -3.99596  -1.29626  13.346  -1.99257  
-0.303534  -1.76537  -4.06512  -5.49604  -2.98  -6.8133  0.864487  -40.915  2.11671  -0.416548  -6.93294  -0.246105  -8.32915  31.0082  3.85893  9.12304  -0.354656  -0.760027  -9.25466  11.2515  -8.74766  4.18481  26.8613  -9.04235  3.91793  9.46513  4.38666  0.988912  17.5874  1.36952  2.24652  0.390372  -1.07104  -2.31107  0.711119  -1.22951  -5.02921  -0.372459  1.88293  -0.231711  -6.58555  5.62688  
1.12954  -0.111932  1.34872  -0.840512  5.88895  -5.92463  3.95344  -2.00475  3.20233  5.56317  -3.99155  -1.54364  -4.60049  10.7629  9.10765  0.963441  0.665457  -0.877182  73.9039  9.20549  -4.99326  2.38391  35.7541  -16.7207  4.43201  15.2269  -6.52948  3.77152  20.7035  -3.34153  2.41595  -2.16249  2.0092  -2.71899  25.6941  2.12718  0.334031  -0.513763  6.27267  1.84556  -19.8975  6.42283  
2.01523  2.16179  8.27278  0.866624  15.2565  -1.09694  4.4904  20.9258  2.07874  9.30628  -1.20797  -2.24367  1.04517  -4.36538  10.1626  -8.27096  1.52543  -0.581099  75.7121  0.27633  -0.680925  -1.07724  50.27  -22.2708  5.13742  6.94487  -11.4543  1.77208  8.39993  -9.72806  2.4578  -4.88365  3.36556  -1.49353  21.0263  3.60766  6.45973  -0.477062  6.2079  3.33083  -13.9688  3.51057  
1.37984  1.63864  8.4059  -2.78543  9.57045  3.6263  3.53297  3.78329  -3.30234  6.12066  0.276316  -1.80215  4.97199  -0.83723  6.25178  -8.36682  1.13142  -0.724752  5.8227  -7.07212  -1.57935  -1.61021  41.9806  -22.7208  11.0887  -6.79345  -2.34318  -4.28949  -13.4618  -11.9071  1.83477  -4.95419  2.45959  0.164395  4.82372  4.56092  7.35396  1.16281  3.95161  3.41097  0.301248  2.60926  
-0.0839827  -1.97855  -2.02112  -6.73527  -7.55426  5.92546  3.52672  -26.3197  -9.79098  -1.39611  1.33669  -0.945236  7.231  7.5985  1.15589  1.45154  -0.171321  -1.13252  -49.7038  -9.00347  -4.96927  3.2166  4.99379  -18.544  16.8734  -13.7091  11.8074  -9.94739  -26.5505  -3.01118  0.471757  -1.54009  1.0709  1.35928  6.03641  6.07148  4.17188  3.39821  2.99522  2.68184  5.84621  3.59412  
-0.869126  -4.63732  -15.1578  -5.03177  -16.6113  5.0583  5.13628  -26.8143  -11.8675  -5.71266  3.40958  -0.596615  9.57182  8.32176  -2.05053  8.93182  -1.01581  -1.21445  -42.7317  -8.90778  -4.03786  9.88335  -36.0087  -11.3982  11.9976  -15.6378  17.7878  -10.6079  -18.8792  13.1545  -1.02443  2.97206  0.795558  1.44065  19.1936  6.92846  2.69029  2.53023  3.40521  2.24841  1.88363  2.3338  
-0.544689  -2.67941  -19.2339  1.81486  -7.19401  1.31953  6.65515  13.7542  -8.88208  -3.83885  5.41495  -0.777715  10.9582  3.69728  -3.72589  4.08898  -0.840304  -0.877713  -0.725647  -10.7838  1.86154  10.8246  -47.648  -2.65537  -4.09008  -20.4984  11.5955  -4.50676  -0.762836  22.4973  -1.73093  5.22792  1.25056  1.17851  12.6949  5.56946  4.85064  -1.98929  2.73083  2.41057  2.31576  -2.17953  
-0.157984  1.75335  -9.93313  6.72314  9.17211  -2.92563  5.71892  62.9353  -4.581  -0.40429  5.71691  -0.76487  7.28366  0.270196  -4.29497  -7.20505  -0.591404  -0.483876  24.9858  -12.6005  6.0078  3.86861  -26.1724  5.87422  -17.814  -28.3518  3.55024  4.60445  7.29742  13.8109  -1.80327  3.71688  1.0859  2.42185  -16.3444  2.80777  6.68005  -5.15413  0.284759  2.49633  13.0709  -6.08921  
-0.578981  3.68345  4.17161  3.92578  12.7135  -2.94778  2.04956  76.3418  -2.1878  -0.233836  4.38121  -0.402812  -0.86858  -2.07287  -3.27409  -10.5663  -1.19804  -0.260906  7.22792  -10.0072  3.68639  -5.39728  2.27228  10.7611  -17.55  -29.4098  0.696264  9.31009  -0.265206  -5.77572  -2.22531  -0.264552  0.405465  5.81846  -36.3004  0.467523  4.06954  -2.76739  -1.6782  2.05862  22.2884  -5.88993  
-1.15047  1.86097  11.2317  -4.33648  0.863469  1.9943  -1.51049  43.1906  -0.833321  -1.59048  3.58448  -0.222633  -7.09724  -4.50332  1.08516  -2.36909  -1.96774  0.0402027  -41.1186  -2.6546  -0.468773  -9.10399  13.2725  9.52773  -6.45298  -16.6622  0.89434  5.97936  -5.78403  -20.6026  -3.25408  -3.7781  0.494704  8.52541  -22.3208  -1.72442  -1.61166  2.74553  -1.44548  1.51008  14.0037  -2.98404  
-0.609387  0.266034  7.35793  -10.5127  -11.5665  5.44128  -1.33304  -5.08631  1.16665  0.0500244  4.38263  -0.630553  -5.12548  -3.68624  5.95403  5.95728  -1.34614  0.728511  -86.9391  4.10483  -0.257082  -4.83182  9.29547  4.35158  1.81911  4.36512  -1.91391  -0.640193  6.1942  -18.6799  -3.31515  -4.35299  1.32097  5.94789  7.94901  -4.82451  -5.87669  5.77883  -0.149936  1.33618  -7.10322  -0.852862  
1.01504  1.58129  -1.12348  -8.39833  -9.33089  1.61498  2.7541  -30.8862  3.38775  4.26561  5.30038  -1.27494  3.23462  2.58572  6.46367  4.11907  0.805284  1.8449  -85.6374  5.80989  3.30402  2.37878  5.40663  1.35931  0.950954  20.4913  -6.15511  -3.19312  23.449  -6.55264  -1.81804  -2.04836  1.43781  -2.25423  18.5895  -7.86349  -6.60536  4.90203  0.269035  1.18851  -19.4673  -0.225397  
2.21143  3.2464  -5.62946  -0.997408  4.33718  -5.51851  6.88313  -27.1916  4.23272  5.85353  3.92942  -1.31566  9.20914  10.7898  0.0750328  -3.24868  2.62548  2.96154  -28.0009  4.38351  3.95642  5.35514  10.1516  3.16042  -3.48712  24.9084  -8.22162  -0.509649  23.7899  2.11325  -0.208415  0.884373  0.00654711  -9.71872  2.08815  -7.72939  -5.10411  3.29797  -0.151159  0.617688  -10.7576  0.61032  
1.87641  1.92106  -3.27244  3.02211  14.4432  -6.6229  6.49779  -17.0973  4.05356  2.32603  -0.282028  -0.616554  6.21652  15.183  -8.66806  -4.60083  2.44977  3.40219  43.0232  2.53387  -0.38921  2.32866  21.5355  4.7957  -3.71081  22.4475  -9.1345  2.40515  3.99257  2.46232  -0.253668  2.21944  -1.55259  -9.13642  -17.3374  -3.46727  -2.89504  2.90491  0.226248  0.0476349  5.56705  2.37369  
0.681023  -0.974701  1.67291  -0.411802  11.0977  0.439837  2.11341  -15.4259  4.41415  -2.45356  -5.3159  -0.110467  -2.94707  13.9072  -12.8067  2.48428  0.909169  2.8063  75.8994  0.84555  -3.07162  -1.87015  34.1087  -1.36512  0.369994  20.3865  -12.4819  1.1023  -15.7839  -0.386732  -1.10828  1.51309  -1.20653  -1.08216  -16.3862  1.94576  -0.330226  2.6841  1.26474  0.134966  10.464  2.83344  
-0.0226177  -1.06476  3.83466  -4.9072  0.0183904  7.49483  -0.992449  -14.8829  4.70902  -3.89147  -8.74189  -0.724839  -10.0062  9.49826  -9.42912  8.81836  -0.121567  1.47897  62.4522  -1.79876  0.149056  -2.10651  42.0689  -14.6803  3.52695  18.1281  -12.8166  -2.51668  -18.9248  1.09154  -0.544754  -0.153806  0.785297  5.62607  -0.547954  4.04141  2.45324  1.86248  1.14199  0.697279  2.56401  0.812461  
-0.0117305  1.72276  1.68792  -1.83557  -6.21773  7.38705  1.20983  -1.13886  2.19225  -2.21043  -9.2781  -1.96896  -8.89534  4.9607  -1.76569  7.5064  -0.0702164  0.247182  33.8003  -4.13424  5.13145  2.02507  32.8436  -25.2148  2.50632  6.9866  -5.15234  -4.94827  -10.9595  6.09608  1.55377  -1.99336  2.12477  5.1957  10.8086  2.5801  3.733  0.976995  -0.999118  0.881826  -3.5447  -2.06847  
-0.176225  2.90026  -0.820207  7.16608  -2.32703  2.81549  6.09003  20.9928  -2.81471  -0.858561  -7.93544  -2.02908  -1.17422  1.90994  4.31562  1.46591  -0.0598799  -0.480072  12.3699  -3.51265  3.39047  6.01743  1.53953  -25.5327  -0.948904  -17.312  9.60901  -6.01067  -5.34567  9.33013  2.81923  -3.15147  0.9255  1.25223  10.2778  1.79487  2.76269  -0.418779  -3.17835  0.416297  -1.31185  -3.46663  
-0.864503  -0.200599  0.348406  12.198  7.04321  0.894789  6.50568  34.1851  -5.8714  -1.11718  -7.47815  -0.539775  6.97804  -0.7841  5.77559  -2.80984  -0.749216  -0.894608  -8.87271  0.291519  -5.32361  5.9603  -36.0958  -21.3092  -3.45174  -44.9085  20.297  -7.01962  -2.3212  6.90054  2.03735  -2.54864  -1.88898  1.18591  5.78792  4.79989  1.80041  -4.42136  -2.96434  -0.0540621  0.170449  -2.59442  
-1.29237  -3.90093  4.28698  7.40108  11.6164  1.90879  0.42189  29.6991  -3.40843  -1.33724  -8.3362  0.36714  10.2685  -5.99504  2.34914  -4.22187  -1.18417  -1.48152  -34.0736  3.96546  -11.6832  2.66586  -53.639  -23.9858  -3.88318  -58.2819  21.3696  -6.93319  3.96766  0.764452  1.08983  0.042842  -3.7363  4.89477  3.2871  8.88058  2.80142  -9.90858  -0.746571  0.0882842  -5.37343  -0.0462045  
-0.788333  -3.40172  5.76335  -0.728635  5.89209  0.40891  -5.24644  17.4869  1.40625  -0.427257  -6.85813  -1.37065  7.08537  -13.1484  -4.18397  -5.16024  -0.453508  -2.10813  -48.6507  4.61006  -8.52323  -1.09062  -44.5886  -33.5774  -2.13803  -46.8935  17.9601  -3.94855  13.4102  -2.815  2.21108  2.62923  -2.85179  5.75558  1.52719  8.23094  4.42875  -10.7759  0.99133  0.703515  -12.219  1.812  
0.138136  0.731859  2.54125  -1.97878  -8.30481  -5.48877  -1.88766  14.5518  2.1777  0.642668  0.482525  -4.64461  0.571704  -16.6087  -9.17434  -5.29577  0.606466  -2.15328  -25.8455  3.32869  0.103448  -3.1047  -28.6989  -35.5617  1.08209  -19.8407  18.3321  0.321189  14.657  -1.90474  4.65066  3.06904  0.356943  1.65139  0.612937  1.4183  3.39088  -3.13921  0.83504  1.23952  -12.7113  0.463893  
0.631416  3.21604  -2.05953  4.96631  -21.2703  -10.5914  9.06856  20.3282  -1.41646  0.613862  11.2488  -5.78629  -4.83226  -12.3121  -7.8549  -1.72196  0.731959  -1.20629  20.4121  2.34609  4.78255  -2.38365  -25.2589  -19.5495  4.4412  3.28882  19.8702  1.83825  3.75116  3.23153  5.63999  1.96175  3.71109  -2.16837  4.99108  -5.5248  -0.753228  7.83122  0.0664483  1.37647  -8.03719  -5.29637  
0.819532  1.28151  -2.87277  11.8796  -23.2277  -8.79204  15.5153  22.3246  -3.39872  0.0940942  16.902  -3.65088  -5.11712  -3.56052  1.55981  4.50006  0.381551  0.36363  49.3376  2.18533  2.70365  0.300443  -29.3695  6.58747  6.51062  10.1959  14.2779  0.321368  -8.85501  6.66312  4.11742  2.15061  5.16919  -1.20182  11.8461  -5.91234  -4.50966  12.3269  0.29175  1.22826  -2.19456  -11.2691  
1.4263  -2.08775  -0.14445  11.4842  -13.8584  0.266538  7.20755  10.9301  -0.431933  0.30711  12.0537  -1.41957  -0.659512  4.25099  12.5  7.77576  1.08526  1.73725  33.2553  1.54002  -1.2352  2.34476  -24.468  24.7428  6.1991  1.40475  -0.989256  -0.170796  -11.3351  4.63856  1.55928  4.53943  4.41723  1.08439  10.3801  -0.634918  -4.59489  7.75126  1.3998  1.13501  5.98629  -11.0612  
2.23583  -2.42585  2.07014  5.8648  -1.75043  10.9052  -12.111  -5.15298  2.85575  1.24752  1.49493  -2.66194  4.30905  8.90438  13.8526  4.55884  2.7106  2.04759  -0.0413679  0.244412  -1.34078  0.874974  -8.42147  27.2543  3.49073  -11.2758  -14.8577  2.82016  -3.03318  -1.31723  -0.0877051  6.12905  2.42847  -0.382352  -3.91092  3.06352  -1.69528  1.06345  2.04877  1.09163  17.0366  -2.65519  
2.00999  0.46534  0.852088  0.945361  4.6647  16.4547  -26.9245  -13.3  0.492271  1.49571  -5.57373  -6.17422  5.64019  10.6958  3.31534  -1.85031  3.15048  0.779576  0.181397  -0.461342  0.931676  -3.19597  5.73969  22.7452  -1.1589  -17.0675  -15.7179  6.19416  6.09339  -6.38721  -0.698743  3.96575  0.196015  -3.47414  -17.9016  0.33385  0.623489  -0.805696  1.67868  0.670854  22.8248  6.37529  
0.285084  2.88706  -1.54413  -0.118887  5.86137  13.3751  -25.2644  -9.35472  -4.6426  0.100273  -5.78218  -6.86034  2.92221  8.33732  -8.2632  -4.9695  1.24136  -1.47201  40.2234  0.148106  2.46187  -5.27315  10.851  21.6665  -5.89174  -11.6627  -5.37789  4.72591  6.43078  -6.83806  -0.988566  -1.0809  -1.8652  -2.6352  -15.4224  -5.62722  -0.105881  1.40415  0.652257  -0.370344  17.3645  7.35561  
-1.57327  2.09058  -2.78377  0.855837  6.95827  4.89316  -10.2638  -2.36271  -5.25866  -1.95695  -3.26245  -1.60539  -0.556744  1.49059  -8.74937  -3.56005  -1.35241  -2.87873  60.7149  0.639438  2.9455  -3.22788  11.3508  24.324  -7.91266  -3.42388  3.24851  -1.43891  -0.566773  -4.86207  -1.296  -4.88093  -3.16234  1.61919  1.74197  -7.88813  -2.26614  2.73126  -0.292448  -1.30104  6.84084  0.737959  
-1.81907  -0.772227  -2.75565  1.32958  8.46287  -1.36361  3.83087  -2.30445  -0.65075  -2.80528  -2.99023  7.15731  -2.71855  -4.50285  1.03895  -0.912488  -2.19489  -1.4225  14.3969  -0.47659  3.71476  -0.246695  13.6792  25.3443  -5.69045  -5.73732  1.48866  -5.86895  -8.65639  -5.19959  -1.03899  -4.59476  -3.0873  3.72005  14.0409  -3.8343  -2.91586  1.81888  -0.851978  -0.979364  0.678356  -3.42819  
-0.439071  -2.69683  -2.09779  2.02443  6.39598  -0.291777  6.55599  -6.8495  1.97172  -1.65651  -3.88563  13.8573  -3.05699  -4.86549  7.36906  0.241256  -1.07517  2.45518  -72.0193  -2.02883  3.88737  -0.71828  20.3217  22.0057  -1.38088  -22.4521  -3.68248  -3.44951  -12.8555  -7.39958  -0.148558  -1.25355  -1.91206  2.38378  7.33669  2.77073  -1.34579  1.77164  -0.847806  0.582823  -3.05186  1.55422  
0.880417  -2.29241  0.0296445  3.98766  0.711707  4.67834  0.489065  -3.72279  -1.59759  0.229177  -2.29941  15.0189  -3.2549  -1.60885  1.73581  1.20431  0.111932  5.60945  -117.906  -1.2159  0.80944  -3.47189  30.7921  17.1085  1.31088  -35.0848  -0.0670506  2.2508  -11.2925  -8.2915  0.872019  1.73228  -1.15233  1.75991  -8.06712  6.57733  0.801373  3.99138  -0.506684  1.80341  -13.0783  11.144  
0.786072  -0.401083  3.815  5.14429  -1.82776  5.95262  -4.15685  12.9332  -5.85079  1.00336  1.682  11.4027  -3.89973  -2.6209  -7.86409  2.59134  -0.0101035  4.92374  -77.9644  2.41998  -4.34997  -3.74849  42.9508  13.9574  1.02905  -24.7055  11.586  3.42569  -6.03225  -4.47384  1.40587  1.53703  -1.66033  3.0265  -15.3203  6.50289  1.40716  4.80578  -0.497196  1.3974  -23.9921  15.9079  
-0.303867  1.73129  6.25027  2.68669  1.74346  2.00275  -2.61284  32.2092  -3.15039  0.190572  4.0086  6.17956  -3.56972  -9.06428  -8.03238  2.21442  -0.87773  1.09051  5.97512  5.15311  -6.4402  -0.712448  46.5864  13.6299  0.749608  -1.83089  16.904  -1.77695  0.705073  2.56014  1.03634  -1.94847  -2.23054  1.16126  -12.1719  4.55291  0.701607  0.541224  -1.23651  0.0690721  -18.1553  12.3268  
-0.909757  3.55121  4.29106  -2.07904  6.84591  0.0018667  -0.245213  34.2346  5.29073  -1.09931  2.62612  1.91106  -0.284385  -12.9809  1.37938  -1.15893  -1.119  -1.78853  54.6583  3.34517  -2.16649  2.09651  37.5087  15.2035  2.39433  0.637513  7.11642  -5.92841  6.02342  8.63796  -0.494669  -5.84836  -1.09575  -5.00134  -8.01996  2.49725  0.402711  -6.44403  -2.00342  -0.415269  6.5777  5.92188  
-0.281115  4.54562  -0.983777  -3.87886  7.33775  4.75038  -2.70992  14.202  11.6071  -1.47159  0.611636  -0.852771  4.935  -8.04047  7.46197  -3.92851  -0.273467  -0.944442  39.7249  -1.81012  4.30995  2.63677  22.2088  16.1166  3.48208  -28.0898  -6.3795  -1.7068  9.53856  11.7983  -2.25152  -6.60114  1.21364  -7.93746  -6.40085  0.64869  1.1805  -9.79894  -1.57393  0.189794  24.8026  2.5466  
0.919426  3.95933  -4.18928  -0.229979  4.37664  11.5111  -6.61458  -10.5142  10.6116  -0.786995  1.73308  -2.53631  6.56978  1.38948  2.57505  -1.65808  0.928391  1.83418  -6.06894  -4.47698  6.59783  3.37752  13.2462  15.0385  0.779215  -48.6808  -6.50148  7.39394  11.869  10.508  -3.17225  -3.09717  2.57561  -1.32622  -0.925614  -0.573502  2.4195  -6.7008  -0.0956003  0.550759  14.9167  3.12194  
1.49794  1.70234  -2.69611  4.30633  2.3556  11.0061  -3.94593  -14.1447  4.48014  0.224668  5.57878  -3.04064  0.917652  6.52784  -4.76441  4.47994  1.48105  2.61634  -26.193  -0.910668  2.72053  5.56134  6.03292  12.9817  -4.05024  -15.7561  3.75578  10.9805  11.5671  3.47355  -2.97936  1.54987  2.03061  8.70494  6.67853  -0.428181  2.81292  -0.893992  0.951636  0.0699526  -10.29  5.1122  
1.05276  -1.06742  1.10201  4.53487  1.0714  1.76941  5.43739  4.88994  -1.7328  0.862185  7.65088  -1.58317  -8.1007  5.89738  -2.10301  7.45047  1.03349  0.348703  -1.68154  5.31444  -2.35733  5.92863  -15.0407  11.8444  -6.14901  53.4372  5.4362  5.34355  7.39861  -5.92179  -2.75345  3.44863  1.31805  10.5532  6.21507  0.870326  1.61545  2.14166  0.818123  0.00765729  -17.2937  5.65279  
0.190827  -2.86709  2.64047  1.31252  -2.15525  -8.41386  10.8145  21.7669  -5.43417  0.864841  5.22021  1.79291  -10.9668  4.03757  9.30662  3.64682  0.0924834  -2.16936  44.769  7.05007  -4.90063  2.25758  -46.3167  11.5182  -3.53335  89.9384  -8.18725  -2.84524  0.990761  -9.18232  -2.93058  1.97879  1.8961  2.22801  -6.584  2.07868  -0.505024  1.60503  0.522283  1.32599  2.40916  2.83763  
-0.314703  -3.17682  0.665278  -0.397387  -6.78892  -12.3219  4.67099  10.1913  -6.99403  0.15823  0.275581  5.71512  -4.56034  2.71351  15.4791  -2.92919  -0.487998  -2.34979  82.3536  2.27386  -4.23593  -2.50147  -56.1733  10.2351  0.544372  52.5236  -17.2941  -6.04969  -2.57405  -1.87984  -2.43105  0.361204  2.58756  -5.64736  -16.2144  2.4031  -2.27076  0.797909  1.03458  2.76371  20.1276  -3.18223  
-0.307015  -2.24538  -2.74718  1.25782  -8.01218  -10.3686  -5.79316  -19.6936  -7.53671  -0.857492  -2.62609  8.58177  4.52569  1.22119  7.85175  -5.13673  -0.346179  -1.06394  86.6291  -2.79033  -3.54745  -4.26905  -23.4216  7.98648  2.70138  -19.2818  -3.62615  -4.43515  -0.796327  8.57921  -0.0820774  1.13623  1.18584  -4.93476  -3.65828  2.19745  -2.46802  1.86815  1.64666  2.45457  10.2679  -8.60186  
-0.129279  -0.51618  -4.83404  2.98063  -4.60496  -7.37592  -6.8953  -32.6128  -7.78307  -1.48543  -1.44551  9.89436  9.40588  0.41543  -5.64611  -1.54039  0.169358  -0.756862  67.5676  -1.54704  -4.26239  -2.61353  27.4465  6.65648  3.92847  -57.8405  19.8294  -2.84839  2.55403  9.356  2.78879  3.05658  -2.21003  0.662387  25.6872  1.12003  -0.428982  3.64589  1.04714  0.696121  -14.525  -8.25832  
-0.0331312  1.17034  -4.034  2.30765  -2.65799  -7.02349  3.02712  -9.1503  -6.47984  -1.03089  1.84988  9.7487  11.2057  3.143  -11.5696  3.61134  0.449296  -1.7819  39.9566  3.85141  -5.79074  1.03662  45.9875  6.39971  5.47014  -47.7763  20.8393  -2.6505  0.298802  -0.423722  4.00104  3.33787  -4.6524  2.67442  42.1372  -1.66078  2.60506  4.22922  -0.466231  -0.34889  -20.3716  -1.88536  
0.0544052  1.84168  -0.322207  1.51566  -6.23045  -9.76032  10.7762  27.7846  -2.49996  0.210982  3.43739  8.0573  14.4112  6.55367  -5.82077  5.91729  0.30663  -2.04396  18.4302  5.46957  -5.42581  6.40692  14.4403  5.06413  5.84343  -30.5543  -7.05427  -1.88649  -6.42042  -8.91379  3.17118  1.58333  -3.6675  0.103365  26.6574  -4.89996  4.24024  3.43728  -1.39468  0.245183  1.35371  4.66306  
0.213652  1.33799  3.50735  3.11872  -11.0361  -13.6606  5.98721  44.476  4.28031  1.07731  1.84322  5.21473  16.5906  4.49185  3.29344  5.20977  0.0239799  -0.398982  -6.80316  0.0632475  -1.44394  12.1201  -25.5873  3.10543  2.92195  -36.7218  -30.8646  -0.589041  -11.0333  -6.29471  1.90411  0.18265  -0.210988  -1.90084  -8.30562  -4.78339  3.6202  2.07918  -1.23343  0.942254  22.3768  4.9754  
0.35807  0.805807  3.60953  5.40089  -8.75868  -14.2215  -5.16515  30.2322  11.0673  0.74787  -1.91532  2.77811  12.2364  -3.78074  6.06331  3.38592  -0.0572121  1.62125  -39.8108  -6.69708  4.32617  11.6658  -26.2687  4.6359  -0.919058  -49.0739  -21.4482  -0.756019  -8.27008  2.93235  1.32966  0.832732  2.47423  -0.569543  -32.0114  -0.115312  1.94838  0.615468  -0.961652  0.437647  16.4  -0.210132  
0.328282  0.963992  -1.12341  5.64963  1.61724  -8.63751  -9.05561  4.74482  13.99  -0.586415  -4.8534  2.07665  3.64994  -10.4469  1.82206  2.09122  0.0712687  1.81102  -63.8202  -7.81845  8.25753  2.19847  10.1272  10.6607  -2.14874  -40.1174  8.4625  -1.43851  -2.58031  9.37035  0.902366  2.0522  2.05152  1.35922  -29.7149  4.94536  1.25494  -0.160682  -0.971167  -0.248349  -8.61699  -4.43347  
0.0906221  1.03297  -6.63593  3.45225  10.881  0.0924946  -3.17114  -7.80497  11.4996  -1.56193  -4.1751  2.34589  -1.92447  -8.9803  -3.53929  1.04397  0.123879  0.0713477  -51.2961  -3.50461  6.90946  -9.3826  36.418  16.0927  -1.56673  -19.0809  20.3948  0.17758  -2.04322  10.124  0.140838  1.24151  -0.601766  1.54693  -9.74659  4.46118  1.86631  1.16019  -0.381365  0.571708  -22.6789  -3.67004  
-0.187586  -0.0544063  -7.35069  0.839811  9.1283  4.67781  2.41355  -2.13151  5.17865  -1.09156  -0.312761  1.67253  -1.96994  -2.1662  -4.78174  0.0588125  -0.077943  -1.56446  -2.4491  0.0828531  1.37419  -11.4131  20.0972  17.5077  -2.59706  -19.2943  4.94264  3.57108  -7.30591  9.36302  -0.183828  -1.68992  -2.55151  1.17851  10.8527  -1.15254  2.70564  4.17366  1.30666  2.22648  -11.4211  0.237958  
-0.230867  -1.41158  -2.69093  -1.72097  -1.10868  2.49317  0.73341  11.7021  -2.22918  0.516518  3.0837  -0.187873  -4.20434  3.53447  -0.911629  -1.12421  -0.350204  -1.35055  34.2746  -0.440368  -4.08496  -3.13566  -15.1482  19.3184  -5.34927  -46.7811  -12.1956  4.0515  -11.047  8.18671  0.93859  -3.54829  -1.84846  2.0786  21.7484  -5.12815  2.25644  4.86829  3.00596  2.41208  11.4949  3.34872  
0.0574066  -1.48986  2.50338  -3.6353  -7.0582  -0.733221  -3.44147  18.4259  -8.71858  1.61449  2.23477  -0.882311  -13.5215  5.83371  3.61885  -2.5072  -0.395804  0.587877  25.5193  -2.49072  -5.99494  2.41019  -26.9288  26.6816  -5.39486  -63.8959  -6.77344  -0.691251  -7.69802  3.02653  2.49186  -1.78122  0.581572  2.98862  19.6832  -2.90743  1.01944  0.122603  3.30714  0.797413  21.4884  3.6303  
0.319238  -0.358496  3.65127  -2.65576  -0.0887727  0.87303  -3.04725  11.1025  -12.0201  0.814996  -2.28822  1.01092  -22.1463  6.86726  4.84758  -2.89391  -0.330509  2.34726  -8.95003  -2.05169  -5.37119  -4.26253  -6.50654  33.1239  -0.538687  -38.3275  10.8067  -6.56424  2.26108  -3.45595  2.20301  2.08271  1.98788  1.83434  7.45807  1.93141  0.501211  -6.78305  2.4683  -0.112313  9.21467  2.33615  
-4.59388e-05  0.0216166  1.13183  1.38536  13.5046  4.86173  -0.491318  0.697052  -10.6094  -1.26785  -6.00569  3.85316  -19.2374  6.13473  1.85609  -1.35933  -0.592007  2.14709  -26.5176  0.31736  -5.98316  -15.9985  20.552  26.2519  5.09126  13.7927  14.839  -7.14338  10.3591  -4.63415  -0.310377  3.4502  0.804144  -0.745336  -6.65412  2.49409  0.969811  -8.20804  1.65704  1.33833  -13.2464  0.671935  
-0.86348  -0.932048  -1.44476  4.24396  17.667  4.60171  -2.8244  -0.0155666  -6.07749  -2.4409  -6.04268  4.87225  -4.98273  2.51555  -1.1164  1.47337  -1.15941  -0.0184411  -10.934  2.36001  -8.32907  -19.0008  27.2834  5.03073  5.95916  46.4438  0.216008  -1.51886  11.8037  -0.409127  -2.63544  0.0518757  -1.73286  -2.17397  -12.3916  -2.0677  1.76524  -2.05106  0.90211  3.27831  -25.1952  -1.19601  
-1.36758  -1.5851  -1.76937  0.729829  6.36094  -0.094275  -9.54514  8.56463  -3.16016  -1.27424  -4.22673  3.70195  9.4878  -1.28236  -0.385096  2.90284  -1.22619  -2.17245  -1.59502  3.1045  -9.01736  -10.6377  16.3567  -15.4201  2.19671  35.9752  -13.9259  5.11065  7.43414  0.954154  -1.94269  -4.64664  -3.04665  -0.775702  -7.86991  -5.93014  1.10986  5.42439  -0.569382  2.80645  -16.3481  -3.53353  
-0.71878  -0.491433  -0.366735  -6.89914  -8.30419  -2.34968  -11.5931  7.28625  -4.4107  1.25543  -3.65117  2.60076  14.0774  -1.21049  2.59425  1.12297  -0.177541  -2.31711  -18.2233  3.83429  -4.31983  -1.26037  3.9421  -20.5082  -1.88648  6.17946  -13.1109  6.89797  2.82548  -6.37521  0.941524  -5.04805  -2.20802  2.43337  -1.06219  -4.1957  -1.77336  6.44686  -2.5171  0.168075  3.72371  -5.82824  
0.601746  1.19377  0.754349  -10.3093  -11.017  1.54655  -4.10579  -10.061  -7.08015  2.62256  -4.3255  3.11305  8.22381  1.55412  3.35974  -2.35341  1.27525  -0.688732  -48.5701  4.66839  3.53605  2.23566  -2.72917  -13.0184  -3.124  -5.91283  -1.02414  2.8354  2.19302  -15.049  2.96003  -0.0215341  -0.651091  5.19277  -0.794911  1.55781  -5.03829  1.1669  -3.36223  -1.43449  18.6342  -6.86242  
1.20137  1.55078  0.185564  -5.47204  -1.07806  6.56805  6.33971  -24.8226  -5.65281  1.57048  -3.93722  4.22662  -1.95639  2.25179  0.330634  -3.82958  1.66675  0.316925  -56.0682  4.3088  9.9696  3.37056  -7.33825  -5.75327  -3.26525  4.62768  12.5244  -2.0653  3.15324  -12.7239  1.54322  5.48532  -0.159666  6.08405  -3.50591  6.13478  -6.12399  -3.64769  -2.46658  -0.407667  18.796  -5.65749  
0.49546  0.512088  -1.81405  1.72218  6.65659  5.30211  9.62958  -13.5763  1.00984  -0.723851  -2.27597  4.28278  -9.40742  -0.150779  -2.74678  -2.03416  0.617402  -0.667614  -24.1002  2.17888  11.7986  7.54389  -11.0945  -4.79079  -4.54284  13.928  20.4486  -2.73582  1.05813  -0.311499  -2.45284  6.39982  -0.435956  4.95935  -0.49811  6.06642  -3.97302  -3.57463  -1.0655  1.28777  8.63578  -1.86643  
-0.43345  -0.0421393  -2.67909  2.8024  1.77843  -1.83543  4.51745  11.2209  8.12938  -1.86021  -1.65303  3.2702  -10.3271  -0.300975  -3.32972  1.11545  -0.501181  -2.22908  31.7036  0.128098  11.032  12.3873  -8.90674  -4.64102  -6.25139  5.8626  19.1593  1.16501  -4.96062  8.09422  -5.59279  3.30546  -0.0102155  2.53636  9.33538  2.54684  0.367674  -0.567198  -0.305973  1.23614  -3.11329  3.27847  
-0.227112  1.00381  -0.888285  -1.61466  -9.87636  -7.33161  -0.438454  22.6799  9.77461  -0.915011  -4.00069  2.55399  -5.72493  3.22149  -3.72213  2.72218  -0.270771  -1.83198  74.2339  0.101316  9.40457  11.5888  -1.6644  0.212899  -4.8965  -12.5323  8.19565  4.8095  -10.4081  2.83846  -5.31944  0.448992  1.42728  0.277113  16.0264  -1.1587  4.29543  1.54726  0.10478  -0.0106051  -9.30546  7.87949  
0.985318  2.61176  2.17137  -3.72845  -13.9313  -5.38091  1.73066  9.64593  5.46461  0.925587  -8.25634  2.85866  0.266157  3.31491  -4.86575  2.08932  0.978255  0.703376  64.0668  2.40927  6.1371  5.08971  2.7118  6.96704  0.533591  -28.395  -4.82785  4.08675  -10.7548  -7.83242  -2.13289  -0.460015  2.39141  -0.648002  12.3254  -2.30141  5.94204  1.87021  0.803427  -0.162556  -6.02744  9.88798  
1.75796  2.80692  2.45748  0.52679  -6.04008  0.971368  7.80349  -8.90624  -0.0185769  1.71434  -10.7126  3.35108  3.98189  -5.74363  -4.94856  1.61982  1.66604  2.83118  3.56291  5.06053  0.509346  -0.768485  -2.08507  10.2055  6.15792  -38.9356  -10.5196  0.366523  -6.97337  -9.3898  1.44732  -2.06824  2.02142  -0.304615  3.32689  0.0761429  4.71868  1.35938  1.13132  1.23467  6.42577  8.96896  
1.1546  0.857152  -0.688691  6.4465  3.56719  3.94025  8.89602  -17.2063  -1.21187  0.777814  -8.35421  3.13456  5.10943  -18.0185  -1.98212  2.11338  0.966994  2.41546  -57.8962  5.62183  -2.9714  -1.54574  -9.48202  10.1336  7.36189  -41.8675  -9.69743  -1.7345  -4.62366  0.539246  3.01171  -6.02009  1.17919  0.11875  -2.01696  4.16979  1.25632  -0.680251  0.267849  2.40113  17.7627  6.19453  
-0.17783  -2.11916  -3.19604  6.8816  3.89856  0.210506  1.51962  -16.9523  2.20785  -0.862403  -1.47671  2.33354  5.03536  -20.5303  0.201791  1.94522  -0.302558  0.299365  -53.4796  2.61269  0.00891119  -0.518523  -9.34748  10.4617  4.24577  -29.2814  -10.4489  -0.712028  -7.39089  10.6383  2.1455  -9.59112  0.900906  0.344175  -2.74908  6.52036  -2.07713  -4.68775  -0.762678  2.07366  14.0859  2.88507  
-1.00974  -3.81453  -2.28998  1.74213  -4.47516  -5.11347  -8.34078  -16.6124  5.64066  -1.70151  5.86985  1.68026  3.41845  -8.94196  -3.74142  -0.606002  -0.926549  -1.12294  29.8589  -2.59104  5.93082  -2.36443  0.529909  10.5285  1.16388  -5.44178  -12.3269  -0.503376  -11.9496  10.3862  0.15062  -8.86001  0.289804  1.47351  -6.06983  4.59012  -2.05296  -8.46036  -0.244029  1.07583  -5.37727  -0.154781  
-1.05643  -3.03782  -1.43546  -3.2126  -11.9821  -5.02955  -12.4462  -8.58436  4.28156  -1.34712  8.06772  1.68276  1.53548  6.60764  -9.57044  -4.27734  -0.796895  -1.14012  137.709  -6.04249  6.5752  -7.13944  12.2794  4.90114  0.434827  4.28311  -7.96187  -3.49699  -11.6543  3.92392  -1.05088  -4.06047  -1.75996  3.92075  -14.6188  0.112869  1.98429  -7.59908  1.08787  0.544555  -20.4907  -2.46721  
-0.99762  -1.1966  -5.49309  -3.02375  -11.5272  0.649942  -9.21736  10.0155  -1.03548  -0.808687  4.81177  2.05682  2.00609  12.7881  -7.24291  -6.02344  -0.665398  -1.17482  178.175  -5.00465  -0.314447  -9.77983  16.9315  -7.28701  0.494049  -13.1195  0.251204  -5.86476  -3.31705  2.18869  -1.04386  0.830517  -4.00944  5.06248  -17.8786  -2.72789  6.2108  -1.44638  0.449681  0.19616  -13.7317  -4.65599  
-1.15515  -0.618676  -11.5032  0.81668  -4.60263  4.67265  -3.88357  26.9726  -5.54173  -0.877564  2.58135  2.44643  5.34303  8.05857  5.2007  -4.51809  -0.776329  -2.18133  114.07  -0.964835  -6.12825  -7.61783  13.2952  -18.0561  -0.162797  -28.4408  -0.708615  -2.4628  6.87562  7.76512  -0.794155  2.65848  -3.74685  1.35977  -8.86107  -1.86189  5.99241  5.13816  -2.5755  -0.670747  4.97825  -6.8129  
-0.84096  -1.55185  -10.6554  3.66299  2.31529  3.44105  -2.25476  25.8889  -4.81991  -1.09978  6.67007  2.70628  6.76602  1.68603  15.0927  -1.79061  -0.34178  -2.80949  -9.82955  1.95945  -2.87906  -3.11729  9.9061  -18.1727  -0.195956  -0.618354  -12.1448  4.84623  10.2961  12.0306  -0.513105  2.28507  -0.671617  -5.97599  4.31357  0.523971  1.7367  6.55979  -4.37468  -1.5066  9.46105  -8.32098  
0.601086  -1.61079  -0.952833  3.39533  5.58514  0.347814  -5.75365  11.9236  -0.323222  -0.306268  13.2237  3.08928  1.10144  2.00675  11.9244  0.531379  1.28811  -1.3609  -99.8667  2.97319  6.33532  -1.18243  12.8604  -8.18771  2.38151  61.2284  -14.3748  7.16712  4.17123  7.62432  0.810131  2.57752  2.07688  -10.2844  5.97812  1.37923  -1.64428  1.87035  -1.62318  -1.09795  -7.40916  -7.29208  
2.51401  1.12112  8.46222  1.99799  5.95875  1.29446  -10.2925  -0.941698  3.59237  1.39613  12.2197  3.55048  -8.60506  6.72724  0.554025  2.1824  3.30212  1.5829  -101.277  4.38293  11.0116  -2.32956  18.1011  1.61633  4.79179  90.9877  3.76852  -0.00704146  -2.63244  -0.229803  3.40153  4.63485  1.97714  -6.16903  -3.31476  0.547733  -0.691305  -4.72193  3.61883  0.462435  -22.7945  -2.69456  
3.3083  4.958  9.17636  2.00575  5.31732  5.79712  -9.87408  -5.62909  3.83196  2.38994  0.849998  3.67502  -13.2528  7.5971  -3.90827  4.30795  3.8924  3.39527  -48.5116  5.88624  6.64898  -2.48227  15.4219  3.70924  3.25587  47.5049  23.6621  -9.51747  -1.10092  -1.54768  4.9422  6.88871  0.299178  2.90358  -6.83636  0.328925  2.433  -7.94633  6.04187  1.57213  -13.5715  3.95876  
2.22582  6.27505  5.45357  2.76928  5.03713  8.06326  -1.39158  -7.29442  0.81873  1.54648  -10.9399  3.00609  -8.68904  2.60654  2.63472  5.84795  2.23785  2.65204  -14.7109  3.6976  -1.06208  0.377952  3.44897  0.610315  -1.72739  -28.9297  22.1526  -10.1255  7.91138  6.87097  2.63122  7.18367  -0.131011  6.89723  2.64661  1.60325  2.56377  -5.80174  3.50068  1.16792  13.0869  9.20395  
0.269484  3.70735  7.9785  2.41896  2.58402  5.90311  10.7844  -8.81378  -2.91377  -0.0822854  -10.3641  1.89073  -0.18355  -2.324  9.10509  4.95228  -0.398995  0.730525  -33.0497  -3.5177  -6.57079  3.50921  -8.4609  -0.0923401  -5.02572  -62.7852  4.37018  -0.831808  12.1733  16.4255  -2.12326  4.915  0.908323  1.02528  11.5497  2.47387  -1.47033  -0.36913  -0.789031  0.0206146  29.066  12.05  
-0.888264  -0.47705  17.263  1.54982  -3.62521  2.32622  17.9663  -6.3872  -4.412  -0.75298  1.93606  1.33808  4.54812  -1.23351  5.26746  1.55306  -1.85965  -0.153556  -45.9013  -9.16043  -9.40765  4.19783  -9.93405  3.76902  -4.37345  -37.2223  -2.68059  7.83545  3.74514  17.211  -4.55026  1.40993  1.08517  -7.11024  3.38228  1.52642  -5.96418  4.27194  -2.86394  -0.276299  21.536  13.0414  
-0.736142  -2.95809  20.5563  3.20351  -13.0882  0.344785  15.9185  -0.666372  -3.01812  -0.390855  12.7297  1.74624  5.39507  2.98985  -3.52945  -2.41507  -1.4086  0.302087  12.9972  -6.47194  -10.359  3.88913  -1.89789  7.39706  -3.05187  -5.6989  7.75346  5.98131  -11.7352  6.98658  -2.18429  -1.31313  -0.629702  -5.8548  -13.4073  0.254867  -6.89753  4.67349  -2.28704  0.566799  3.95082  12.3033  
-0.238311  -2.83826  9.00408  8.18611  -19.6933  -0.829056  9.46456  7.14241  -0.317855  -0.570954  10.7963  2.46645  6.03778  2.67161  -5.68732  -5.4389  -0.377426  0.705634  119.671  1.68327  -8.83761  5.79817  7.50978  6.85577  -3.74558  -13.0644  11.9796  -3.17416  -18.775  -7.99988  1.66677  -2.37485  -2.09956  5.40302  -19.4491  0.552582  -3.98814  0.569617  -1.23534  1.39466  -3.63558  8.19119  
-0.417722  -1.55918  -9.39192  12.0854  -18.5627  -2.44928  6.22677  12.6745  0.967496  -1.68917  -0.894266  2.77457  6.43157  -3.15256  -0.316972  -6.63957  -0.381505  0.108295  172.889  5.52388  -5.36841  8.00792  14.6028  3.93366  -4.65649  -38.5885  -6.00877  -8.18162  -8.40671  -19.0285  2.00009  -2.71931  -1.3205  14.411  -9.45804  0.995264  0.102705  -4.67528  -0.69019  1.24326  1.21366  1.26004  
-1.07553  -0.818901  -17.7622  9.48585  -10.7593  -3.86718  6.01849  11.9876  -0.466747  -2.15285  -9.72021  3.18457  3.37663  -7.62041  3.01368  -5.16157  -1.30096  -0.951721  113.789  1.06068  -3.69307  5.57415  15.9816  2.43501  -3.05292  -40.2178  -28.144  -3.27062  12.6764  -19.5207  -1.14584  -3.37173  0.901791  10.673  1.07277  -1.36136  2.34564  -6.94725  -0.0364348  0.527254  7.74364  -4.32848  
-1.11758  -0.589957  -10.6416  1.20379  -1.78565  -4.10306  2.87192  4.65261  -1.49206  -0.882342  -8.23514  4.47221  -2.57978  -5.66666  -1.07851  -0.772339  -1.51464  -1.40161  -4.1002  -4.50489  -4.51387  -1.79848  9.9692  3.02841  -0.666827  -23.3583  -28.3362  4.93258  23.6796  -11.2203  -3.10143  -3.39519  2.40751  -0.721341  2.7111  -6.06289  2.08774  -4.54129  0.794181  0.362659  9.3849  -5.41952  
-0.0156375  0.240897  0.989497  -5.52867  4.27915  -3.86592  -4.80055  -5.29415  0.593962  0.817472  -0.097442  5.76513  -5.38055  -0.712706  -6.57063  4.2377  -0.0642708  -1.03164  -75.8233  -3.99647  -2.36251  -7.29248  -3.49114  2.78041  -1.10998  -26.2116  -11.7174  6.20465  13.0749  -2.9998  -1.09973  -1.10207  2.65168  -5.72541  3.93175  -8.39889  1.12633  1.02927  1.09934  1.03187  10.5454  -3.97895  
1.47723  1.95967  4.95392  -4.53995  7.67463  -3.45032  -9.9162  -5.13277  4.43395  0.910052  5.30454  5.51865  -1.16887  0.968412  -5.07312  5.64105  1.98384  -0.160433  -62.5259  -0.149603  5.2675  -5.15254  -13.7594  0.105455  -4.10195  -52.3026  -2.93876  -0.171463  -8.01013  -2.88566  2.24216  2.56052  2.8216  0.300943  10.1336  -4.53187  1.46793  5.92039  0.706467  1.77716  13.9166  -4.82315  
2.11881  3.40542  0.835951  1.50364  9.12121  -1.01684  -7.03684  6.47182  5.78301  -0.523304  4.28874  4.9322  5.86402  -1.60218  2.61394  2.50418  2.71688  0.856704  -24.3338  -0.636811  10.6898  2.15209  -7.18395  -3.07337  -4.90002  -53.3504  -12.3517  -4.56124  -14.7919  -9.30132  2.95932  3.96792  3.23645  7.04143  12.8271  2.28597  3.68988  6.40664  0.585522  1.92976  13.4194  -7.37816  
1.4579  3.21376  -2.51881  4.31825  8.66456  4.50455  -1.11128  14.7399  2.76508  -1.39667  0.29938  7.45597  8.31178  -4.23042  8.16379  -1.07046  1.54773  1.47386  -20.605  -4.97489  4.36151  6.46813  13.2958  -3.68783  -0.769769  1.1269  -20.2211  0.863829  0.831726  -12.0405  1.40598  1.38248  2.25566  4.9099  5.76486  5.16482  5.83696  1.74882  1.10112  1.65126  3.18741  -6.38646  
0.212843  1.33725  -0.615824  0.581863  6.31629  9.9662  -0.597071  6.62826  -0.889007  -0.464185  -1.63715  12.7243  4.58711  -3.56535  6.21317  -0.285854  -0.235745  1.03315  -30.0439  -5.5979  -8.76789  3.75311  25.7746  -0.519902  5.47252  75.6014  -9.49266  12.5118  18.4859  -4.68411  0.741417  -1.81603  -0.978958  -1.82212  -0.252953  1.54979  4.96388  -4.23691  1.16318  1.50737  -12.3516  -0.134269  
-0.520934  -0.848877  3.19824  -4.41447  4.33874  10.164  -4.39632  -9.25808  -1.60518  1.25729  -1.10702  13.1529  1.11785  0.362946  0.0884923  4.83352  -1.06495  -0.204355  6.33693  1.50371  -11.6708  -0.419067  14.306  4.47262  8.60257  107.983  13.1719  19.0123  12.8297  8.20986  1.86173  -1.12477  -4.42874  -1.80036  4.6154  -3.29064  1.31612  -5.80011  0.0994809  1.58264  -22.4173  6.86132  
-0.376927  -2.20264  3.94965  -4.02592  2.63077  4.17603  -3.08775  -12.5117  -0.066673  2.10115  -0.489842  2.2128  2.98177  5.60909  -3.17015  9.26862  -0.737719  -0.932204  89.1977  9.49212  2.02537  1.8081  -6.99934  7.51238  7.24884  82.4624  27.1699  14.0815  -10.6964  17.3886  2.21576  2.75972  -4.79162  5.72959  8.49489  -3.40622  -1.95405  -1.08396  -1.31118  1.58247  -21.9125  9.94825  
0.0509651  -2.36856  1.5443  0.815826  -1.33325  -2.92095  5.9888  -2.19045  -0.0463551  1.38919  -0.481224  -12.4948  7.98749  9.56904  -0.782714  8.79136  -0.272253  -0.393927  140.82  10.0891  18.0203  10.4009  -12.3269  6.24054  3.79259  38.3997  24.279  3.363  -22.1989  19.0037  0.0555669  4.55252  -1.74743  9.73929  -5.08283  0.68933  -2.01762  4.29762  -1.72493  1.46517  -14.2988  9.56284  
-0.0355227  -1.26963  -0.663749  3.46704  -8.37038  -5.2555  12.1486  4.31628  -2.42638  -0.289051  -0.405581  -11.9669  8.1451  8.19833  2.77803  3.7918  -0.473018  0.363563  94.8598  3.09937  19.277  13.3402  1.08021  1.27297  1.20098  13.0516  10.0144  -2.09489  -8.27844  15.4397  -2.15451  2.07348  0.786569  2.84839  -24.2149  3.17189  -0.169884  2.65359  -0.936142  1.3014  -3.38043  7.7341  
-0.696122  0.68937  -1.14324  0.0342281  -13.2012  -2.41322  5.85616  -5.04798  -3.93549  -1.96308  -0.33359  10.3071  0.0728853  -0.880109  0.85149  -2.16001  -1.02687  -0.164373  -11.2045  -3.18619  8.48556  0.203062  12.1088  -3.92329  -0.125314  7.83051  -6.66753  1.8541  9.91945  9.58075  -1.14848  -0.782198  -0.665846  -8.27545  -18.3753  0.796101  1.26313  -5.84912  -0.0266363  0.887894  9.36874  4.09347  
-1.16502  2.13218  -0.457659  -5.87561  -9.83735  0.491376  -4.54866  -17.988  -1.98113  -2.55996  -1.33409  32.2686  -9.04468  -11.6637  -6.79242  -6.19906  -1.05647  -1.5228  -85.1693  -2.69064  1.80066  -23.2694  8.34841  -5.98578  -1.96796  4.53108  -19.4374  9.11184  7.96158  3.04956  1.65782  -0.161611  -4.10601  -12.3038  12.3021  -3.10812  1.04666  -12.0182  -0.320089  0.0697838  19.1822  -0.734024  
-0.86821  1.33349  -0.42359  -8.34824  1.05485  -0.986292  -2.44593  -21.204  1.94491  -1.57805  -3.34033  22.5302  -10.128  -13.9583  -12.9105  -8.15128  -0.312849  -1.70526  -66.137  1.86202  6.45443  -37.2083  2.56231  -4.60937  -5.90516  -4.56529  -21.0397  10.9826  -8.3459  -0.636135  1.86041  1.81042  -4.27364  -7.96897  27.9183  -4.17862  -0.0327831  -7.97388  -2.12192  -0.731922  17.0841  -2.20502  
-0.250572  -1.76647  -1.53665  -6.22164  11.0109  -5.32497  11.1587  -17.8001  5.12989  0.196893  -4.02257  -19.5608  -4.17238  -5.45243  -11.7615  -9.09258  0.465674  -0.211164  -1.03164  4.34903  13.0395  -28.9741  8.11674  -1.85169  -10.1173  -12.6448  -9.96972  4.70301  -13.9369  -2.21469  -1.4674  0.839931  0.0330413  -3.84683  -0.426526  -3.18779  -1.36185  2.99488  -4.18157  -0.771271  -0.334031  1.50171  
-0.388236  -4.56275  -2.54511  -3.83285  14.1551  -7.29041  13.2887  -23.3706  7.19316  1.14941  -2.95769  -56.5748  -3.04048  3.18411  -6.6583  -9.94304  0.332692  0.439121  33.6109  2.47283  11.657  -9.05625  14.2238  0.388009  -10.6964  -12.6391  0.0318583  -5.16551  -3.166  -8.66602  -3.28614  -2.14165  3.38515  -5.95489  -42.7975  -4.41302  -3.17739  9.61854  -4.39965  -0.0219122  -20.0467  3.13061  
-1.58413  -4.49572  -2.58007  -3.56046  11.0616  -4.43279  -10.2447  -37.0056  9.21503  0.290843  -1.82364  -54.2071  -13.8456  1.79288  -4.75292  -10.4631  -0.750327  -1.68634  12.6738  -0.809123  4.89985  2.83172  2.69624  1.3742  -6.35226  -6.67659  -4.46723  -12.217  5.58045  -24.2422  0.486258  -2.45491  0.630892  -10.8591  -49.1791  -9.16535  -5.11566  5.86835  -2.03102  0.730311  -25.7792  -4.61349  
-2.61157  -1.98361  -1.41599  -3.63438  5.07634  0.668198  -38.4377  -44.1195  9.90633  -1.19401  -1.38022  -22.4256  -25.7058  -6.09242  -6.6896  -8.9917  -1.69017  -4.51416  -22.2335  -2.15511  0.528345  1.4874  -18.3544  1.65527  -0.108873  -0.10725  -16.2424  -12.9458  2.54174  -36.7067  5.9961  0.534986  -5.07561  -11.8484  -16.701  -12.5129  -5.72184  -2.8065  1.10075  0.916602  -16.0514  -15.2761  
-1.90979  0.287406  -0.0890793  -1.22307  -1.05485  2.94778  -35.1455  -31.31  5.96205  -1.36013  -0.773198  -0.414243  -20.378  -7.9086  -5.49199  -4.65671  -1.29246  -3.86379  -14.8827  -1.12158  0.626877  -1.47609  -20.249  1.62923  2.74899  4.20845  -16.2931  -7.6783  -2.24065  -26.3011  5.76598  2.22132  -5.79725  -6.59998  7.92938  -8.55486  -3.30596  -6.2331  2.10842  0.793636  -3.92978  -13.8858  
0.567419  1.02486  0.990569  4.4458  -7.36344  1.76411  4.99115  -0.326822  -2.65268  0.178974  0.915503  -3.83739  5.05705  1.3004  2.19877  2.17555  0.427235  1.0097  41.3012  1.06303  2.46747  2.09724  4.83017  1.47659  1.30251  7.31592  2.63013  0.916522  0.655488  7.52549  -1.81406  0.113547  0.606516  2.283  1.84798  2.51595  1.33098  -2.0209  0.484553  0.73532  2.22273  3.23439  
