0.48939  0.022315  3.04093  0.194272  -0.816021  6.20517  -6.81524  -2.49137  -10.4411  1.33958  13.8131  0.992894  -0.971493  1.03482  -2.81425  -8.60519  -1.71601  0.321185  -0.851861  0.587766  -2.06057  0.670602  1.97476  0.505763  -4.87699  -1.83979  -4.8337  4.55136  -125.929  -1.86677  19.0089  -1.81051  -10.1655  0.478728  0.936895  -0.089833  -1.7937  0.628435  1.6  4.1981  -5.62686  -6.74133  
0.0953953  3.96161  -3.73678  6.45394  -0.0937537  12.5781  18.4689  3.71319  58.3081  -10.6135  -28.5229  -9.62525  0.213441  1.04265  -8.37851  42.6323  4.53478  1.52419  7.60454  -0.374545  4.08802  15.0987  0.404155  0.40149  -10.6642  -8.63472  -21.5043  1.647  927.122  11.4925  36.8642  7.43777  58.654  1.98304  -6.00621  2.34208  18.7456  -13.456  -12.0795  -14.9713  17.119  109.381  
0.146429  7.63137  -9.50476  11.4092  3.40198  6.20252  30.5357  9.21633  78.9753  -11.914  -39.4141  -27.4329  0.591202  -0.906359  -14.5049  65.0749  5.43446  1.4498  8.64931  -0.592951  6.17598  19.5877  0.685269  0.429497  -7.6681  -6.62165  -21.8242  11.7944  1109.34  14.9568  40.7592  13.687  82.0814  3.28003  -13.6438  3.26274  22.4316  -15.8205  -12.538  -18.2366  45.422  125.295  
0.638717  11.7503  -12.9523  12.2535  5.82052  -2.35135  25.2241  10.3672  45.8099  -2.07917  -17.3513  -42.0158  2.10589  -2.59245  -18.1933  53.0186  2.00168  -0.0159403  6.83434  0.0116256  5.63618  14.4109  2.22799  0.636283  3.78717  3.0601  -7.0571  28.5988  370.893  8.97568  33.5883  13.6329  58.9779  3.6546  -18.0922  2.26126  10.0133  -11.292  -1.84449  -6.75601  51.6214  65.9358  
1.13443  14.5568  -13.2688  8.55695  0.387722  -4.56227  6.79435  5.07981  -3.6708  9.25733  6.60089  -37.1948  5.72153  0.059065  -15.0377  24.3368  -0.557137  -1.55953  9.01173  0.872772  7.28527  7.21755  3.0121  0.894697  14.2824  11.5727  7.54765  34.5885  -506.593  -0.25343  40.7576  7.38401  27.5463  2.58643  -14.9794  0.53512  -2.67567  -14.7951  6.41851  5.31886  12.333  28.1924  
1.24402  11.7081  -9.8648  3.14377  -11.1267  -7.45298  -15.6847  -2.09289  -26.5165  12.3934  11.5786  -15.5323  7.05907  6.69223  -4.13673  1.62205  0.120707  -1.99349  12.4148  1.5174  12.7727  3.18839  2.31782  0.987316  15.2673  12.9013  7.87958  20.3817  -746.045  -5.87045  65.7677  -0.365349  16.883  1.01407  -6.14674  0.308739  -2.98538  -28.2637  3.68706  8.83713  -43.1061  47.1532  
0.987224  2.11581  -4.3359  -0.458795  -18.3445  -16.7109  -30.8058  -4.53787  -16.0277  6.99239  6.66259  2.33955  1.91279  11.4724  8.37086  -4.99137  1.48937  -1.4606  7.60138  1.75112  18.1243  5.2316  1.44063  0.819467  5.94156  9.16598  -2.33713  -2.84642  -338.275  -5.56824  70.4203  -3.23307  15.8632  0.561773  0.951261  2.97984  6.22764  -33.4379  -4.22105  7.08481  -53.8616  53.6582  
0.732194  -7.14208  0.58542  -1.28485  -13.0699  -15.9252  -28.3837  -1.7479  1.05866  1.08466  14.0917  2.75871  -5.67487  9.49269  13.3988  -0.390467  1.02558  -0.611261  -4.74416  1.70165  19.5185  11.6633  1.3416  0.583863  -5.92354  5.69713  -7.83625  -17.2113  154.647  0.0183884  -0.743837  1.05676  -3.97431  1.77798  2.47951  7.47757  11.9132  -16.2958  -6.28519  6.82755  1.39117  -16.8905  
0.754925  -6.68416  4.15961  -0.486156  1.81038  10.1284  -7.33939  0.821762  1.04061  0.257122  32.5437  -7.33172  -7.41114  2.25357  7.313  2.26152  -0.53068  0.602699  -14.8442  1.50044  15.8949  17.9587  1.14589  0.560469  -13.4482  4.35008  0.589663  -14.9221  313.463  5.98174  -130.639  7.01107  -37.3642  2.97907  1.95536  10.3931  6.11872  9.52983  0.527101  8.62656  71.4559  -113.142  
0.973801  2.62055  7.34188  0.617221  14.0082  41.5033  18.9959  -0.0321006  -11.8049  2.08554  31.5575  -12.8767  -1.84375  -4.29899  -3.72486  -4.82985  -1.47589  2.4996  -15.9817  1.40038  9.5399  15.9895  0.0831046  0.783094  -16.5387  3.5577  13.4827  -1.59508  332.373  5.05221  -214.793  7.78221  -40.7403  2.18345  4.20913  9.96541  -5.58926  15.342  7.71758  8.65005  91.1327  -117.846  
1.07468  9.34602  8.93499  1.98955  15.0394  48.9849  32.2374  -1.28134  -19.436  1.76089  1.52297  -8.42104  3.77361  -5.60692  -8.75721  -16.4522  -2.14431  4.48208  -13.0986  1.40114  1.98976  3.59632  -0.430144  0.963154  -20.4247  2.24112  13.8406  8.99191  641.243  -4.20627  -164.506  2.34469  8.6037  -0.797935  7.59373  7.37594  -11.1784  -4.08557  6.41134  5.84852  43.8087  -3.49679  
0.896759  4.57551  5.49831  2.34303  7.30423  34.4472  25.4057  -0.0948372  -16.7232  0.0278627  -21.3258  -0.873182  3.03106  -0.798413  -2.79734  -19.0892  -3.27247  4.81817  -10.7307  1.40279  -4.89349  -9.26901  0.867932  0.844331  -23.9023  1.19645  -1.25327  5.98082  1185.65  -12.774  -25.408  -4.2006  69.8385  -4.0938  7.44162  4.52463  -5.01786  -18.7694  -1.36148  3.27307  -35.994  118.976  
0.598971  -6.79804  0.0665445  2.37803  -0.584263  20.7024  9.26102  1.5224  -10.2872  1.09086  -7.62667  2.67782  -0.941454  7.78974  7.81899  -6.46736  -3.42176  2.8346  -7.20932  1.63082  -9.0566  -12.7191  2.67578  0.512194  -20.9174  1.2208  -14.9314  -9.43972  1496.61  -10.2504  80.7701  -6.91113  80.461  -5.79122  3.00773  1.31687  6.08429  -1.37835  -5.09952  3.24202  -99.6984  125.94  
0.418037  -13.1153  0.155214  3.9102  -3.4829  9.16615  0.470018  0.801675  -2.34733  5.24519  22.0713  1.42169  -2.51205  15.6006  12.171  9.69222  -0.35122  0.255507  1.16624  2.28224  -9.64754  -9.80371  2.39928  0.249398  -12.5187  1.80203  -12.5239  -22.8605  1200.81  2.93782  94.7301  -4.90345  31.3449  -5.20528  -0.976395  -3.47727  10.4215  32.8095  -0.12702  4.5243  -111.887  20.798  
0.357385  -8.29578  6.74942  6.70214  -3.03584  -24.1338  6.38284  -0.930676  10.2614  7.64989  15.7238  -1.32033  -1.31525  16.8819  7.46252  10.8674  4.44669  -0.566738  10.3148  2.68686  -8.28121  -10.3216  0.431525  0.152483  -5.14668  2.25505  -3.6276  -18.6503  414.903  15.1168  75.761  -0.40867  -24.232  -3.03655  -1.75204  -10.3366  4.54279  40.3061  5.84829  4.82428  -60.405  -85.0028  
0.264654  1.65019  7.2172  5.7023  -2.45717  -73.5453  18.6084  -1.01231  21.324  5.01425  -38.3517  -3.31569  -1.82921  9.42596  1.68943  -3.97345  5.31455  0.662148  11.0123  1.55501  -8.55622  -13.8236  0.286443  0.10328  -2.03665  2.73028  -5.92483  0.839197  -418.777  16.685  99.8185  4.2301  -39.4665  -0.380022  -1.46253  -17.5817  -3.38138  4.20417  2.15201  4.01563  23.4297  -102.406  
0.137488  6.01706  -7.43905  -0.606331  -3.25305  -92.0453  21.4703  -0.308638  17.1019  -0.319311  -91.4362  -3.84248  -5.14497  -1.96477  2.06549  -15.8579  -0.495246  2.35134  0.140049  -1.15515  -11.574  -6.26188  3.29872  0.052294  5.3463  3.64565  -20.4116  15.7054  -994.605  6.19807  154.904  7.81038  -25.2731  2.18156  -2.59243  -22.3044  -3.61791  -39.278  -9.35355  3.72829  69.0407  -42.1984  
0.17095  1.77133  -25.7194  -5.72166  -5.13545  -52.0292  7.17179  -0.740034  -2.9836  -3.51215  -89.5913  -4.20267  -7.70351  -9.7363  5.35137  -9.67463  -7.88204  2.96646  -14.1018  -3.25892  -13.7498  14.2053  5.88052  0.137059  23.3275  4.51037  -30.034  9.39776  -1171.9  -9.35894  168.959  8.69767  -16.8354  4.20013  -2.9011  -23.2224  3.99916  -42.9622  -13.8536  4.40234  30.1181  32.1116  
0.467513  -4.09617  -26.1046  -4.10681  -6.92586  13.073  -17.1676  -0.458808  -18.9499  -2.83298  -26.2429  -4.98892  -7.00461  -11.6686  1.94635  6.06036  -8.08627  2.48516  -16.2496  -2.42894  -9.82876  27.1144  4.47112  0.455222  43.1549  4.14697  -22.0014  -9.35248  -926.364  -20.2003  115.642  6.00748  -23.8697  4.45638  0.509386  -20.0525  10.9201  -6.64919  -1.73054  4.35612  -48.152  73.3034  
0.802076  -3.2682  -5.0892  1.75654  -7.23977  48.1924  -33.9863  2.90793  -13.6562  -0.48091  46.6895  -5.27001  -4.50315  -11.1624  -9.40693  8.62258  0.745137  1.29496  -0.972474  0.525825  0.521152  14.1541  0.557746  0.819531  46.5243  2.19264  -7.09369  -15.27  -348  -17.4975  33.9306  1.26602  -28.4535  2.14077  5.96387  -12.6288  9.7531  22.466  16.7158  2.20885  -66.8022  78.5444  
0.899039  3.38747  15.4661  3.30207  -3.56837  46.3256  -29.6572  6.13959  7.5976  0.59652  75.7102  -4.31806  -1.86746  -11.6715  -18.0453  -8.44668  10.6136  -0.0722787  20.7243  2.31128  12.6671  -12.1492  -1.50825  0.974592  29.3253  -0.293208  -0.390077  2.47187  152.918  -3.00206  -20.0507  -2.1815  -25.2485  -1.51839  8.29118  -2.97929  1.23547  8.61903  20.4798  -0.458715  10.1249  58.5519  
0.775647  7.17475  15.9057  -1.55624  6.4211  43.4464  -5.90242  2.80636  22.8071  -0.932201  48.3537  -2.72764  1.46575  -12.0886  -13.8609  -25.0123  12.7387  -0.842904  29.2917  1.21712  20.0006  -21.973  -0.52406  0.906129  2.58902  -1.88865  -0.384107  26.0186  214.686  10.3966  -43.8446  -2.95192  -25.8274  -3.2742  5.75482  5.50403  -7.08055  -30.6304  1.79476  -0.697545  103.104  29.3932  
0.675495  2.47035  2.40678  -6.16198  18.7015  58.528  20.2087  -5.79957  15.5324  -3.2691  -0.663802  -2.18426  5.17354  -10.8801  -1.07211  -20.2962  6.78294  -0.268219  18.2946  -0.622251  18.7639  -7.96397  0.769308  0.809312  -23.4392  -2.01914  4.69121  31.6187  -95.5507  9.66842  -43.1113  -2.78348  -28.38  -1.57092  2.24699  9.68589  -8.03104  -49.8586  -23.6669  1.55067  96.8502  0.855903  
0.733383  -4.85082  -4.13991  -7.21445  24.7372  67.8696  28.4119  -9.80812  -11.2967  -2.2228  -17.8479  -2.43651  6.56446  -9.82458  6.0623  1.0632  0.0812851  1.0623  0.184942  0.143884  9.48791  6.04567  0.35456  0.815107  -43.7804  -1.31782  14.6313  21.147  -285.443  -2.67383  -26.3606  -4.48912  -13.0612  1.40341  1.84434  9.19627  -0.86488  -31.402  -33.2412  3.07322  -15.9771  -38.1824  
0.857155  -4.30308  2.94942  -7.53762  18.9104  46.612  11.7307  -3.60107  -39.1819  3.5261  19.0237  -2.21771  4.28934  -10.4309  0.358911  14.735  -1.29686  1.54577  -8.68092  3.39516  -2.79871  1.58127  -0.360533  0.874082  -50.3751  -0.632522  14.2307  17.3786  73.7993  -11.9901  -15.1377  -8.42811  25  1.96286  3.96726  8.04471  8.48444  0.752802  -20.6771  2.26757  -120.068  -89.2874  
0.947462  4.82692  10.9091  -9.50799  4.85289  9.73543  -16.1057  5.42851  -49.9947  8.38744  72.1273  -1.06199  1.45426  -9.62971  -9.09687  9.08513  2.06486  0.533664  -7.33825  5.34115  -11.3017  -10.0354  0.575007  0.912617  -34.6156  -0.247108  1.14327  31.578  706.738  -10.2481  -44.4999  -9.85577  57.4841  -0.00323977  4.91382  8.0778  11.5833  19.2275  0.729962  2.74124  -106.099  -124.134  
1.04043  11.7935  7.2926  -7.19616  -10.0872  -12.2011  -31.01  6.18761  -35.1462  4.00744  78.5174  -0.196532  1.78056  -3.52513  -7.69321  -0.742563  5.73789  -0.369056  -7.28658  3.76486  -11.4725  -5.35925  2.57777  0.939277  -2.9171  0.0134678  -9.36963  43.5707  917.52  -4.85307  -108.806  -5.59293  57.07  -1.08877  2.66603  7.02248  5.54671  22.9952  14.4058  8.9219  6.08155  -96.2691  
1.13559  6.50275  -4.23174  4.13859  -20.8564  -14.6184  -21.1318  -0.596929  -4.42763  -9.32089  22.9325  -0.405449  3.97365  5.33809  6.59525  3.94265  6.29793  0.448722  -11.7579  0.828862  -4.62255  13.9992  3.34585  0.930533  18.546  0.0282335  -4.90863  29.1397  310.821  -1.90573  -141.235  2.51971  31.666  0.729509  -1.04329  1.66431  -3.48178  26.8444  15.9975  18.8784  90.7648  -10.6642  
1.09209  -7.03968  -11.9037  17.8511  -26.1052  -15.2061  -0.0115215  -4.4957  24.2653  -19.2093  -46.604  -1.02512  2.69966  10.3444  18.835  18.1808  3.3192  1.96688  -11.9136  0.18713  2.92694  24.7646  2.21984  0.791294  11.4926  -0.381397  4.49707  -5.80494  -577.65  1.98114  -73.0455  8.24532  11.3943  3.41613  -3.00323  -5.74217  -6.93772  33.9032  12.3001  24.7567  69.0926  60.4916  
0.834406  -14.8285  -11.652  20.0747  -24.1719  -15.4477  8.02335  -0.722465  38.0983  -13.7926  -73.7748  -1.63294  -3.0136  10.311  13.6249  22.6175  -0.518984  2.57545  -2.28124  2.25563  6.17861  16.2748  0.744915  0.525567  -11.1562  -0.957183  0.353399  -27.9211  -996.809  10.5567  72.9214  7.83359  5.56512  3.31582  -1.20251  -8.3773  -4.4885  35.6968  10.2544  20.9902  -12.1667  55.322  
0.550889  -9.78683  -7.41673  6.13512  -13.6933  3.74975  -4.97061  3.45887  41.425  3.25865  -59.6308  -2.60676  -7.22251  11.268  -6.1127  12.1019  -1.24328  2.72468  7.77764  3.97838  4.75706  3.06496  0.524095  0.340669  -16.7945  -0.850452  -13.3164  -20.8668  -661.825  16.3372  184.383  3.84925  1.28902  1.00357  2.4447  -2.7528  -2.78125  28.4528  10.3638  10.0423  -51.1269  5.49843  
0.504045  0.471904  -2.61102  -10.5143  1.17753  32.8211  -21.4404  0.767113  41.7936  15.5688  -45.7812  -4.0138  -4.9474  16.5994  -22.1247  3.03131  1.73105  4.00176  8.6269  3.01414  0.962126  2.38898  1.42993  0.441045  2.5549  0.25155  -12.3044  -5.70261  -112.297  9.58666  166.527  0.945441  -11.1667  -0.35042  3.22197  5.04079  -5.98522  15.1385  9.83798  -0.893004  -16.4224  -5.12298  
0.67275  4.66694  2.3361  -13.7105  12.6316  32.3321  -20.0182  -4.60463  35.1271  12.8795  -46.331  -4.47427  0.292542  20.6035  -20.3269  7.54093  3.80321  5.78051  4.91141  0.879766  -3.30614  11.5  1.86073  0.722834  26.6321  1.55249  10.0514  -12.8887  162.313  -4.2713  50.3961  0.631624  -23.0702  0.503254  -1.73531  7.62206  -9.5688  -1.3048  7.11587  -6.91272  31.3467  57.422  
0.771562  0.530049  5.8701  -1.97174  17.1413  -17.2664  -1.91409  -3.64952  12.4502  1.83556  -41.536  -3.42983  1.25887  15.8541  -7.01935  13.75  -0.146045  4.84774  9.26573  0.551406  -6.03328  11.9293  0.702698  0.869183  31.6908  1.74118  30.9901  -38.579  84.2761  -9.77545  -43.0964  0.950079  -26.0606  1.78918  -8.30075  5.58105  -6.2877  -18.6841  1.44713  -7.86891  35.4688  126.902  
0.661164  -4.1625  4.7358  10.0017  18.6045  -66.8929  11.8997  3.31682  -15.3375  -3.36653  -12.5643  -2.25436  -2.85013  4.88639  0.75317  3.03548  -8.60294  0.131941  18.8705  2.4892  -5.5918  -0.0574541  -1.12278  0.752702  21.1407  0.76344  25.9488  -49.5992  5.40058  -1.51056  -29.1634  -0.788731  -24.5366  2.09752  -8.30095  5.4137  3.79003  -25.8338  -6.86938  -6.01806  9.62223  120.975  
0.539346  -2.51758  0.368745  8.84659  18.7124  -49.6613  7.16365  6.45921  -23.8788  2.08695  19.8017  -2.08716  -6.2333  -2.20568  -3.56172  -19.4504  -13.2626  -4.41834  20.0434  3.9131  -2.42204  -10.1251  -1.64219  0.61602  12.2789  -0.302355  -0.271022  -32.013  117.049  8.51259  46.1102  -4.59177  -23.9297  1.81189  0.0221347  9.27621  12.9197  -12.4586  -13.8334  -4.15906  -7.32453  41.2152  
0.603258  3.79506  -0.0906754  -2.13542  12.9429  26.3763  -6.37126  1.01321  -4.51513  10.1026  30.286  -2.73191  -4.48229  -1.69436  -8.30093  -29.1669  -8.78319  -4.40237  7.95823  2.50517  -0.103063  -8.59638  0.132548  0.694573  12.8077  -0.378819  -14.3888  -9.09123  340.386  6.76584  75.0895  -7.00777  -19.4063  1.52001  8.32158  11.9015  15.0199  12.5642  -12.1581  -4.87732  -12.4645  -48.1373  
0.724183  9.24428  6.54834  -8.39506  -0.180173  75.4823  -9.59635  -5.78019  13.8826  11.8602  25.905  -2.28888  0.270912  -0.274828  -0.64009  -17.6129  0.907126  -0.707884  -3.93813  -0.768933  0.374769  -1.82527  2.49991  0.86154  13.9523  0.278303  -0.187017  -8.10566  535.987  -4.07894  16.1597  -3.5922  -6.81435  0.634545  7.81921  7.71231  9.73919  24.0478  1.05213  -8.41942  -30.8358  -84.6376  
0.59749  10.3891  12.6227  -2.42964  -14.9108  38.7433  0.830925  -4.95942  3.65064  7.21544  32.9693  -0.666403  4.7569  -4.86807  14.6757  -3.86695  7.38657  1.35557  -4.05599  -3.00692  1.70939  -0.444399  3.10425  0.766598  2.13284  0.611815  20.2551  -21.7537  465.805  -12.6515  -62.0605  5.21107  4.49709  -0.568387  0.581496  -0.596044  2.14532  9.55921  17.9473  -11.276  -53.2953  -59.2993  
0.221847  6.38787  8.85232  5.64245  -18.8015  -28.1185  9.18026  1.95482  -23.1973  2.33728  51.364  0.0478659  8.05736  -11.8926  20.4383  -5.34072  6.96964  -0.325089  1.07554  -2.76573  5.92262  -2.88199  1.78584  0.362814  -24.0115  -0.0206922  18.4984  -22.0572  -111.058  -12.4883  -69.0368  12.1049  4.29568  -0.339165  -3.18539  -6.36161  -2.75786  -13.9321  26.318  -9.43347  -41.4287  -1.7866  
-0.0562528  -2.32945  -2.36496  3.3404  -11.2969  -28.5763  2.79055  5.49474  -28.5805  1.05375  51.5353  -1.39222  9.8374  -12.5166  8.96545  -13.2793  2.57146  -2.15372  -2.58025  -1.27956  8.48746  2.006  0.864453  0.0113138  -51.617  -0.988098  -4.8219  -2.37383  -1008.48  -7.10015  -4.89307  10.5746  2.54858  1.70831  1.13494  -6.51516  -3.23278  -19.3796  21.6753  -3.55999  13.2959  41.3852  
0.0225695  -11.2618  -6.62218  -6.92743  -2.21191  53.1755  -10.1655  1.27886  -1.55748  1.30823  15.3528  -3.93142  7.51285  -4.90625  -6.10215  -6.20326  -1.40149  -0.392313  -14.3887  -0.606461  4.40847  16.542  2.07096  0.0388417  -58.5253  -1.35528  -22.5105  15.0536  -1536.53  -3.67782  56.5209  2.66953  13.7524  2.15116  6.91895  -5.45227  -0.820798  -1.66869  11.4827  1.09928  65.2159  38.4432  
0.328731  -11.9971  0.464973  -10.3232  0.564576  128.39  -11.3547  -4.70785  24.589  -1.05764  -28.0339  -5.4696  0.747172  3.18833  -7.20539  13.1918  -3.43068  3.37284  -19.5238  -1.05211  -3.39736  28.5819  4.32924  0.348265  -35.6399  -0.878459  -19.9928  13.9705  -1017.17  -5.87233  55.6506  -3.78969  27.5355  -1.3462  6.69592  -6.54037  0.218465  20.6098  5.05203  1.13703  66.9448  -4.90901  
0.566622  -1.56963  4.66746  0.247444  -0.201867  117.975  3.60404  -4.17423  17.3125  -7.05257  -41.7771  -5.01553  -4.83626  4.86979  5.27508  21.3832  -4.00384  4.20177  -10.633  -1.35426  -4.93943  26.7158  5.0942  0.602901  -1.44069  -0.133058  -10.8671  4.92075  188.724  -10.5917  18.3929  -4.48633  17.4636  -4.9177  3.47969  -7.95066  -2.3731  28.4475  2.56771  -1.20167  27.7715  -45.5028  
0.645984  9.4711  -8.6622  13.8655  1.49595  44.664  19.5594  3.33924  -9.75165  -12.9566  -18.7613  -3.07646  -3.61738  2.14984  14.6431  7.65856  -3.89134  0.992139  1.82233  -0.561399  3.71198  16.7209  3.68046  0.663332  13.3162  0.23928  -11.6698  5.70394  985.657  -11.1152  3.43008  -2.12442  -18.1236  -3.00929  4.29524  -6.76265  -6.41103  19.5596  -1.44787  -1.79918  -5.76051  -48.3431  
0.69005  6.53054  -31.4031  14.2514  4.18513  -7.24703  22.1884  9.75401  -19.2945  -13.9429  -4.60964  -1.29346  2.19463  0.372744  9.83696  -8.06591  -3.18276  -2.60685  4.79898  0.859111  13.3411  9.20541  1.52495  0.671373  -2.30178  0.28782  -14.8233  15.4277  777.295  -2.67871  26.3196  0.478185  -44.9928  3.46337  8.26527  -1.55584  -8.04707  2.01218  -7.64775  0.0455842  -14.2836  -29.6114  
0.761158  -8.76727  -37.6446  0.455889  3.94457  -9.0343  15.3397  7.72954  0.0505256  -8.59608  -29.2057  -0.569804  4.19011  0.0918552  -0.707755  -3.42053  -1.19122  -2.87949  -0.66017  2.03964  12.938  4.29488  0.412682  0.740066  -23.3304  0.359194  -1.0346  16.4772  113.456  10.9503  43.1007  3.41349  -35.7197  6.53049  6.82241  4.9013  -6.50747  -14.9768  -10.0421  1.77295  -29.0604  -42.7954  
0.761653  -18.4687  -15.5429  -12.4419  0.158939  -1.78747  13.4032  -1.02192  24.7653  -1.45369  -69.7093  -0.773291  -0.679343  -2.53633  -2.13807  14.6131  3.8714  -0.109734  -2.16644  2.69395  3.62052  -6.58031  0.446928  0.767061  -21.325  0.64621  23.5624  3.86258  -68.4588  19.8094  13.6724  4.18133  -3.74109  1.98654  -2.93956  9.04913  -4.36464  -21.3215  -5.09136  1.82558  -72.0232  -97.3125  
0.651341  -11.7538  16.7493  -10.3096  -1.75164  -25.8417  19.8695  -7.97108  29.6772  2.28552  -68.2251  -1.01542  -6.51408  -7.46028  7.58602  21.3124  11.3897  2.9509  5.43728  2.85653  -2.64775  -21.1337  1.01875  0.656064  0.831037  0.823889  32.1341  -11.9167  278.883  15.9729  -46.3499  -1.18973  16.4209  -3.74591  -12.0659  9.16194  -3.8318  -9.43557  2.44433  1.00702  -101.993  -135.032  
0.603092  0.758723  32.5994  2.42463  -1.07073  -58.6322  23.4423  -7.36222  9.97159  2.37062  -5.24356  -0.0825055  -6.46065  -9.98179  14.8173  7.98755  16.0767  4.55432  13.5592  2.30685  -1.02669  -23.9887  1.85498  0.569678  19.01  0.563268  12.8448  -17.3064  468.378  2.54528  -78.5457  -11.3327  15.067  -2.60133  -10.5021  5.23793  -3.94396  14.1951  5.66305  0.496987  -60.3829  -91.3884  
0.726916  2.93672  25.3659  9.97838  -2.37503  -53.2073  13.9621  -2.08118  -19.9015  3.08754  64.2325  0.409885  -0.443875  -6.85865  8.76017  -7.74445  12.2586  4.3307  10.9701  0.676667  0.98205  -11.4408  2.80706  0.682975  24.5175  -0.0758714  -12.2446  -11.1386  184.524  -7.5758  -52.114  -15.7186  6.03628  3.86433  0.0155283  0.867029  -2.56479  27.3134  3.96603  0.167468  34.1211  22.011  
0.798877  -4.88119  10.8453  3.79267  -10.607  -8.36635  -5.18926  0.720736  -42.6448  5.8992  74.8038  -1.745  5.74558  -1.42081  -6.46097  -8.87175  2.33984  2.45556  -0.804179  -1.54355  -3.89937  -1.44577  3.24073  0.827091  27.4104  -0.758458  -13.0877  1.04482  -248.519  -6.67974  4.12812  -8.40578  -4.30157  5.93818  7.71041  -0.129769  0.979066  14.7234  1.58891  -0.363746  87.0821  114.064  
0.491929  -8.02529  3.39986  -7.94983  -22.2278  27.3829  -21.4955  -1.15677  -40.8845  6.77088  20.5644  -5.86798  7.82911  1.25849  -18.2868  -2.47437  -3.94033  -0.672422  -10.1408  -2.88786  -11.285  -10.3218  2.93967  0.627559  29.7136  -1.16946  6.37336  12.3726  -330.762  -0.268143  31.7563  3.3852  -21.0296  -0.755845  5.76922  3.55694  4.86936  -11.1374  0.0757177  -0.905038  43.2099  120.395  
-0.0242388  -1.89467  1.81104  -11.5993  -26.4044  19.678  -26.5155  -3.05244  -11.8106  2.35877  -35.582  -8.22058  5.55765  1.30004  -19.7121  -6.80684  -2.16739  -3.76327  -8.21187  -2.60173  -12.1395  -25.0494  2.77594  0.162911  17.2386  -1.38459  18.421  20.9151  -222.594  -0.271096  8.12198  8.41642  -32.6371  -8.95216  -1.16211  7.49925  7.33063  -20.3255  -2.08993  -1.30588  -37.579  67.2404  
-0.0719654  2.93896  -0.900644  -3.34772  -16.9225  -14.6761  -19.9251  -0.631556  22.3666  -3.26977  -43.4631  -6.62929  1.54297  3.35645  -14.1839  -24.5224  -0.455315  -5.37093  -0.279802  -1.48423  -6.68988  -20.7108  3.66541  0.0888179  -9.54605  -1.60189  8.92277  26.5729  -331.048  -6.91314  -32.6974  6.39656  -13.2103  -9.2449  -4.65744  6.76586  6.77383  -0.975146  -2.96859  -1.98694  -55.2063  30.6497  
0.66704  1.49133  -5.68938  7.14138  1.85717  -30.7807  -7.56757  3.83234  28.7671  -2.89626  -13.9872  -3.57039  -1.37112  8.84612  -8.99938  -37.568  -7.30653  -5.32063  2.74989  -0.808339  -3.5537  4.15896  4.84934  0.784874  -24.5277  -1.87094  -7.33975  29.4853  -596.02  -7.26206  -44.9079  4.97765  37.034  -2.2592  -1.96255  1.64228  3.65879  26.6969  0.308728  -2.8634  -7.60242  44.5773  
1.59634  1.73139  -7.95225  10.1922  16.1635  -10.8045  1.67363  5.37111  3.84624  3.38984  4.2337  -1.24602  -1.51895  12.7903  -6.2263  -28.2773  -16.4807  -4.37125  -1.16103  -0.506494  -6.41655  22.7609  4.59762  1.70261  -9.29611  -1.93508  -6.11769  29.4966  -380.801  5.76877  -31.9674  7.4589  76.6983  3.40824  2.91882  -1.80219  0.491105  34.0122  5.68595  -3.2575  20.7665  71.4663  
1.93226  10.5547  -5.48589  5.85501  15.8783  20.7204  0.996405  3.22432  -19.6218  7.75472  -6.33978  0.210297  0.672206  9.27829  -3.22836  -2.08666  -13.6239  -2.58156  -3.33668  0.688773  -8.32368  16.9824  2.8244  2.03902  14.2094  -1.44408  11.6973  23.1312  533.652  20.4819  -29.6723  8.53204  67.9777  2.70559  5.72157  1.04592  -0.23082  15.4778  5.4888  -2.65484  -12.5603  59.1769  
1.83455  17.8164  -0.951265  0.240378  4.56619  29.5137  -7.4538  0.996971  -9.76535  4.65631  -19.0473  2.64964  2.90842  -0.0808245  2.58514  19.5594  2.26051  0.0693573  3.29122  3.0077  -3.40748  1.92539  1.23715  1.93157  12.6005  -0.374223  22.8904  4.12882  1456.55  20.1324  -45.7993  4.57789  19.7805  -0.373841  5.59424  5.88928  1.44711  -9.95671  -2.11209  -1.34507  -47.1395  1.30126  
2.16634  11.4495  1.65481  -3.24801  -4.09859  -0.457315  -12.1296  1.22292  20.8171  -1.53454  -4.85564  3.96382  3.34138  -6.02103  9.21069  23.7853  14.1447  2.75283  14.0823  4.74486  4.39934  0.837532  1.08257  2.25972  -11.7796  0.73312  12.6394  -28.3981  1439.48  3.12338  -40.9934  0.0799801  -24.3967  0.278935  3.658  5.97918  2.9198  -21.6968  -8.1304  0.0931871  -23.6188  -51.2772  
2.97232  -3.7814  1.0937  -4.85497  1.25964  -50.6617  -6.59708  2.06526  34.7989  -3.24143  26.4034  -0.0665293  1.69083  -3.13014  12.5014  17.2866  9.30018  3.91491  16.4812  4.27987  7.97255  10.9643  1.20486  3.08608  -21.5624  1.01949  -6.04923  -61.9108  353.368  -11.0033  12.6498  0.159002  -37.3981  4.00617  1.38009  1.14002  2.0811  -15.1362  -3.18  1.21727  26.8784  -59.3379  
2.94581  -11.2247  -0.532013  -5.76554  15.5001  -80.6232  0.371929  0.766261  16.9889  0.647195  37.1376  -10.3085  -0.399871  3.12356  11.7615  11.2288  -3.32043  3.36754  4.45562  2.1692  6.90597  10.7752  -0.0465921  3.06502  -0.742047  0.115364  -9.02528  -76.8747  -820.774  -11.691  74.4467  0.776275  -26.5631  5.40668  0.196836  -1.24358  -0.16503  1.24252  8.91162  1.50351  41.8533  -32.4201  
1.01274  -6.40752  -0.746687  -5.81818  23.5313  -58.5234  -5.34301  -2.53208  -8.88792  3.70789  12.6482  -20.4201  -2.25807  2.60393  10.7787  5.78869  -5.97031  2.32517  -12.6578  0.384176  4.65243  -6.40527  -2.26886  1.06848  26.0883  -1.13871  8.92657  -60.8886  -942.298  -7.1474  74.1309  -4.25454  -10.7766  2.07855  0.662323  3.13481  -1.20437  17.3897  15.7609  0.669813  24.7817  -15.5163  
-1.97381  -1.94957  0.347826  -5.53739  14.356  -0.821428  -21.7537  -4.86324  -16.3923  1.56552  -24.4991  -23.624  -3.78048  -6.08762  10.938  -6.24443  2.56594  1.66545  -18.713  -0.0525823  1.95864  -20.8332  -3.9576  -2.03459  28.7465  -1.45021  25.6547  -24.183  77.3368  -11.142  9.60927  -12.2055  1.86504  -2.26448  1.71617  8.76584  -0.855889  26.1822  11.4051  -0.639327  24.5249  -28.3621  
-3.89568  -6.08933  0.22667  -7.12647  -6.42462  37.1086  -28.6578  -4.31696  -6.56445  -2.89513  -48.0134  -20.6125  -4.20559  -12.6455  7.47425  -22.7533  6.54729  0.708128  -9.11809  -0.114195  -2.25005  -16.3911  -4.4379  -4.03949  13.281  -0.664492  18.5063  8.5282  1163.36  -21.4323  -44.4799  -13.4349  9.9463  -3.29012  0.913582  8.17934  -1.38738  22.8211  2.89539  -1.2062  42.4272  -44.188  
-3.70825  -11.8509  -2.65435  -9.2989  -21.6585  16.5259  -10.1423  -2.23895  1.21331  -3.80564  -51.7162  -18.2473  -2.74044  -8.20117  -3.44072  -28.5641  -2.96945  -1.1366  3.1307  -0.957262  -5.24833  -2.82657  -3.63449  -3.8505  6.30541  -0.0479719  -8.31884  19.7931  1222.7  -25.0297  -27.4116  -3.63869  8.27551  -1.379  -1.98011  2.87204  -4.32542  7.20299  -0.851975  -0.750725  28.5968  -16.4712  
-2.3952  -9.22869  -6.76362  -7.15512  -22.4742  -32.1376  24.7385  -1.02576  -2.36126  -0.467538  -47.5108  -20.3345  0.250649  1.86545  -15.0782  -13.5554  -15.5263  -2.85972  1.70428  -2.38432  -3.71393  0.59667  -0.960387  -2.489  11.0257  -0.7931  -31.5353  14.3067  352.19  -16.619  39.6864  8.81989  -5.91418  0.190817  -4.37864  -0.419818  -7.84114  -11.3964  0.304474  -0.197447  -28.1115  49.6591  
-1.4957  -1.32003  -8.22986  0.685409  -13.9937  -36.4635  51.1686  -1.42344  -7.68586  2.36871  -35.0474  -20.1542  3.08059  4.96916  -15.557  10.4276  -16.1844  -2.64294  -13.3762  -3.19645  -0.117589  -5.37666  3.36157  -1.57217  6.75673  -2.28444  -35.8806  10.09  -431.879  -1.83762  81.7475  12.9042  -22.5196  0.647493  -3.25593  -0.926561  -7.92336  -18.4666  0.0492945  -0.29167  -72.6933  92.2279  
-1.36506  1.35686  -6.107  8.87873  -8.43031  16.0347  53.9407  -2.4318  -7.77828  0.897966  -5.02398  -6.65211  3.58121  -1.91686  -3.12011  21.4202  -4.69307  -0.195979  -23.9945  -3.11486  -0.640898  -6.00368  6.35101  -1.4627  -14.8685  -3.09386  -26.5964  19.6255  -544.187  11.6269  59.4077  7.49656  -26.0127  0.973528  0.992566  -4.18557  -3.15678  -5.52843  -3.73821  -0.711514  -64.0474  68.31  
-1.27517  -1.30583  -2.30294  9.619  -7.1754  54.9394  38.8538  -2.32757  -7.01871  -2.73181  42.8319  22.5019  1.30189  -7.52493  9.45648  9.99353  6.62974  2.90177  -16.0219  -2.78465  -5.66577  -0.793691  5.00131  -1.37901  -31.2613  -2.85042  -17.4016  39.6093  -335.36  18.2876  -3.62541  1.8525  -9.54923  1.45566  4.47076  -12.2269  2.3235  18.6663  -7.26327  -0.978845  -23.942  0.0502928  
-0.73102  -1.64714  0.426048  3.48554  -2.55207  12.1153  20.4969  -0.303808  -16.2236  -3.38871  75.0087  52.4707  -1.81557  -2.28564  9.54461  -10.122  9.09533  4.51047  4.77497  -2.47102  -7.66486  -5.85759  1.26944  -0.795708  -20.9744  -2.35809  -11.6382  54.8344  -370.839  14.2619  -62.6337  3.33822  10.5041  0.782058  4.15029  -17.6877  3.34485  34.1114  -7.40511  -1.35167  9.7585  -46.9496  
-0.0563106  3.54404  1.50429  -1.82324  11.5001  -78.3661  7.24194  3.08483  -28.5844  0.77316  61.7603  62.2426  -3.40668  8.87359  1.27101  -18.0171  5.045  3.27236  20.2355  -1.35096  -2.45042  -26.5165  0.823557  -0.0809354  7.30101  -2.02655  -6.05264  50.6043  -653.915  -0.129013  -85.1499  8.67983  12.2371  -0.201057  0.984411  -14.7557  -0.0879034  26.6346  -6.26724  -2.07755  42.7119  -37.9622  
0.214081  8.27989  2.44896  -0.563848  25.318  -116.516  -1.09853  5.61892  -24.0683  5.76618  12.2734  44.8786  -2.26232  13.202  -1.68762  -7.81038  1.56132  -0.271502  19.6822  1.19633  4.00483  -44.3355  5.62431  0.175898  25.2155  -1.30939  0.691869  27.2386  -646.318  -12.3362  -75.6568  8.30614  -7.05648  0.814169  -1.66738  -6.4029  -2.09028  1.82578  -7.21053  -2.50069  82.6695  -6.72831  
0.0122712  7.60261  5.47831  2.67684  23.7607  -65.7992  -7.30446  5.37262  4.44599  6.77178  -32.9841  14.3193  0.123372  7.26186  4.7076  7.80575  1.85164  -3.69701  7.93323  4.52234  3.25107  -38.3621  9.9352  -0.0706131  21.7104  -0.55484  3.39601  0.11238  -285.235  -8.72584  -50.7693  -0.936251  -22.4116  3.45632  -1.27541  -1.75418  1.15004  -22.7246  -8.47375  -1.79215  86.0719  -3.4348  
-0.361805  3.98163  11.1094  0.199465  3.07688  -4.70138  -13.5752  2.61613  38.2057  3.29654  -45.6897  -8.44168  1.24047  -0.791244  9.94246  11.745  3.09804  -4.389  -3.84174  6.55481  -3.37793  -13.9536  7.33469  -0.438001  10.2868  -1.17365  0.170262  -11.4969  101.704  6.33193  -46.5694  -11.3584  -10.9389  4.02019  1.45598  -1.84777  5.43719  -33.2347  -5.09413  -0.39736  12.5876  -31.93  
-0.672054  3.44231  15.2649  -9.02964  -20.9369  -13.0801  -21.2154  -0.280915  48.2285  -0.820122  -30.3079  -16.9111  -0.185873  -3.19084  3.83494  1.27542  0.921862  -1.8396  -7.34737  5.63842  -7.55929  5.17382  -0.360158  -0.667885  5.42932  -3.24307  -3.10182  -3.37066  165.459  12.9769  -55.6865  -12.7567  18.2455  1.29259  3.893  -1.92436  4.04324  -27.9042  3.74941  0.477245  -85.1821  -54.447  
-0.872906  6.38427  12.9921  -14.7506  -28.693  -67.1717  -28.1914  -1.16522  27.6873  -2.36869  -6.39942  -19.138  -3.42336  -1.38481  -8.50211  -12.4124  -5.27721  1.58757  -1.15466  2.06761  -4.3252  6.37125  -5.03777  -0.799246  2.24307  -4.07246  -4.21302  7.29469  -49.6112  4.091  -45.1947  -5.01287  32.1698  -0.887276  3.6183  0.655075  -2.77121  -12.2417  12.2666  0.271106  -100.541  -47.7973  
-0.968382  8.48122  2.79604  -9.08012  -18.9618  -74.9962  -29.7776  -0.415363  0.308135  -1.52328  14.8382  -21.8993  -5.8223  -0.618056  -14.6764  -16.835  -10.873  3.38987  8.6382  -1.80353  2.10228  3.02572  -2.87698  -0.926381  -11.022  -0.988467  -2.34627  2.53478  -303.433  -5.57804  4.77037  2.59079  16.0464  0.760235  -0.0059249  3.14105  -7.52311  4.41388  13.8636  -0.516697  -13.7369  -33.8461  
-0.931465  7.32931  -8.53727  3.2534  -5.39083  -2.05176  -24.4874  0.278907  -9.32461  0.0198909  27.461  -20.4529  -5.33361  -1.73459  -11.4081  -9.59553  -9.86621  3.85195  11.3887  -3.59636  5.37999  12.1063  0.899596  -0.987461  -28.458  4.33006  -0.414084  -14.9336  -485.292  -1.43706  44.8729  2.42617  -7.46686  2.59115  -4.61257  3.40055  -5.51253  12.0324  8.69668  -1.38118  61.9623  -47.571  
-0.776243  3.39819  -11.9765  9.91329  0.427611  88.0972  -16.9748  0.416907  -1.14133  1.77807  25.0269  -7.94876  -1.31519  -2.45128  -6.00619  2.46027  -1.74244  5.20491  0.890922  -3.05513  4.48842  29.1799  -0.044308  -0.875803  -31.6449  6.93583  -1.15926  -24.1423  -405.999  8.14532  26.0633  -2.26317  -10.4395  -1.35489  -6.71996  3.79452  -0.299499  5.66692  2.85453  -2.23371  26.5212  -80.1995  
-0.602318  -0.0693587  -7.40701  7.19932  1.49579  130.422  -10.1416  0.497064  6.67367  3.82891  6.49771  12.1912  3.2678  -2.74944  -4.56951  10.3254  7.29796  7.69678  -15.6341  -2.16686  3.23414  31.2363  -4.44994  -0.64332  -9.95328  4.30673  -7.68238  -13.3886  -87.1046  5.24724  -32.4955  -3.78122  4.90728  -9.58702  -4.74368  5.88023  2.83963  -5.81001  0.71509  -2.70584  -69.6878  -88.0736  
-0.503126  -0.878563  -3.04213  2.98398  5.64876  128.01  0.811034  0.766184  3.25485  4.72479  -14.3776  28.5489  5.13075  -4.63414  -3.27113  9.92086  10.194  8.29156  -22.898  -2.47957  3.40864  7.08921  -6.08972  -0.473057  22.9683  -0.57691  -17.1911  6.60124  194.995  -7.6203  -44.3884  -0.603406  14.1335  -13.6128  -0.300696  7.42798  3.7762  -6.0037  0.608267  -2.16661  -90.567  -48.2187  
-0.488662  2.55995  -3.4627  4.62838  12.2247  114.382  19.198  0.576363  -4.5772  2.21494  -21.9114  34.1516  4.01005  -7.40755  3.51775  2.29998  6.15167  4.49844  -13.5696  -3.12365  2.84993  -27.3833  -2.58523  -0.475878  41.7569  -2.98591  -16.9585  14.2046  170.942  -11.8022  22.1056  1.16018  6.3007  -8.73099  3.69511  5.26346  4.32951  9.79641  -0.986189  -0.691955  0.824164  15.8894  
-0.505026  6.76793  -5.76997  9.85719  14.8077  87.3121  33.3629  -0.0588521  -4.64009  -3.33651  -12.4996  31.5961  3.39967  -7.54977  13.7397  -8.10085  0.112284  -1.74667  2.24962  -2.2361  -1.10859  -50.0795  1.57559  -0.565124  35.1159  -2.22841  2.15823  2.06237  -22.0636  -1.26808  102.159  -0.669316  -4.74971  0.187056  5.12896  1.18974  3.47607  25.8089  -3.62097  0.598216  91.2879  56.4013  
-0.562509  5.68689  -4.32757  10.1112  11.5032  26.9985  27.3044  0.0362599  2.5537  -7.71116  1.27705  26.1971  5.69419  -3.665  18.266  -15.7416  -2.77467  -5.5012  9.45652  0.658947  -7.49692  -59.9113  1.57721  -0.644568  15.0482  -1.54391  29.5619  -16.677  78.6938  8.03891  111.371  -0.719534  -6.34803  5.05807  4.40243  0.0412859  -0.843265  21.4565  -3.56805  0.68621  71.5415  61.1095  
-0.712008  -2.80184  -0.0947829  1.79842  6.25686  -38.4777  5.95341  1.5064  11.1692  -6.55034  10.3885  20.5133  7.79047  1.53353  12.4017  -16.6027  -0.993905  -4.11308  3.7091  3.54541  -11.9997  -71.2902  -1.75878  -0.741306  4.42551  -3.07092  39.7696  -27.7092  572.94  3.18923  41.1614  3.6184  -1.49884  4.00413  2.29389  3.04007  -6.19665  -2.91225  -0.240245  -0.0961877  -21.8596  48.5261  
-0.897084  -12.0227  1.99263  -9.06824  1.67009  -50.0285  -5.38624  2.83743  14.32  -0.609822  9.42831  15.2986  5.84705  4.42554  2.60754  -10.5502  2.33339  -0.367172  -5.8913  4.24862  -10.079  -77.9433  -4.1288  -0.88462  10.2188  -5.23809  23.3823  -25.1371  875.873  -5.39953  -42.7289  6.99005  -0.177974  1.74348  0.117383  5.95299  -7.31447  -23.6323  2.77404  -0.584084  -66.3837  35.3161  
-0.918992  -12.7945  0.273531  -14.4194  -5.23312  3.83334  5.01363  1.99038  10.3692  3.94137  8.55438  11.3671  0.307048  4.44228  -1.37281  -1.99781  3.07724  0.78469  -11.7267  2.80814  -1.68092  -49.322  -3.55523  -0.929046  16.8989  -5.45485  -3.85414  -16.8353  530.53  -2.06877  -89.0139  3.27268  -3.85889  2.35124  -0.821544  4.28991  -3.66995  -18.7228  2.98727  -0.294536  -18.4421  34.2027  
-0.735313  -4.71325  -1.23528  -9.68632  -12.0341  56.8516  17.1382  -0.531266  2.58222  1.94068  16.1872  7.19634  -4.39522  3.22949  2.1899  4.21251  0.223316  -2.28706  -11.6995  0.891964  7.52224  28.6736  -2.07506  -0.772278  5.0716  -3.92684  -12.5986  -11.7425  -103.185  8.71679  -93.8744  -3.12159  -7.83136  4.7353  0.602852  -0.578254  -0.982735  8.17881  2.55166  -0.023089  46.2829  52.6065  
-0.62612  1.72832  0.167848  2.90003  -10.463  48.735  8.31976  -2.51523  -1.55931  -4.09828  30.8008  1.0961  -5.98086  2.36262  5.68534  6.70609  -1.70258  -6.57853  -5.71206  -0.507098  10.1983  110.086  -2.03581  -0.616825  -24.3053  -3.02971  1.234  -10.4527  -377.675  9.85818  -89.6953  -3.09947  -10.8115  4.66898  3.58925  -3.38229  -3.10308  29.3872  4.84933  -0.542936  41.7256  79.721  
-0.867996  -0.967199  2.15529  15.8134  4.01417  2.59084  -11.2208  -2.77609  1.05545  -6.57408  31.0757  -5.35347  -5.57009  1.8694  1.94627  7.55046  1.27593  -7.70207  5.72576  -1.6931  4.01174  125.46  -3.06852  -0.782375  -47.117  -3.43216  17.0708  -7.38854  -136.33  -0.777567  -89.1892  3.42606  -15.5345  0.68326  5.89598  -1.43202  -6.13039  22.3709  8.76515  -1.31746  -25.3699  68.0951  
-1.2281  -7.53592  2.9538  20.403  19.4793  -13.6735  -13.5895  -1.99616  2.92365  -1.79188  1.41172  -6.65602  -4.26992  0.854775  -6.68689  8.69225  5.69431  -4.44029  17.5199  -2.87928  -4.70157  60.2245  -3.31313  -1.14381  -40.4288  -2.83348  13.7368  2.9147  103.594  -9.47248  -89.8995  7.30049  -19.0477  -4.14078  5.30714  2.77163  -5.18225  -6.87187  8.59498  -1.29027  -83.2508  -21.1619  
-1.07537  -5.69641  2.58024  14.4067  17.6241  16.9423  2.63789  -1.20429  -3.70406  5.54764  -41.3907  -0.291986  -0.962324  -1.31175  -10.5521  7.10287  3.98544  0.95881  18.2784  -3.41886  -7.37963  -22.6926  -2.42902  -1.08394  -9.04774  0.731212  -2.62522  17.9194  -83.298  -8.69859  -90.8624  3.77224  -16.1131  -4.84871  2.25708  4.2637  -1.04962  -28.1976  1.75903  -0.596212  -78.3623  -132.27  
-0.172941  5.48895  1.69931  5.56281  -2.09564  36.6359  9.40278  0.0378408  -15.1033  7.76705  -60.2982  8.48267  4.32235  -4.09791  -5.22949  -1.65411  -2.67304  5.09839  4.04691  -2.94171  -3.46491  -49.8317  -1.82134  -0.255382  19.3668  5.63539  -5.01793  33.1267  -484.08  -6.767  -78.1407  -1.19362  -7.49088  -0.356814  -0.927022  1.36428  1.63931  -19.7198  -7.12191  -0.531456  -21.0089  -157.017  
0.874728  13.0541  -1.20926  3.365  -19.056  0.228059  -5.11444  2.08919  -22.9774  3.02568  -34.9209  12.0928  8.16171  -5.69565  3.4149  -16.2929  -3.19478  6.29454  -12.0371  -1.93644  -2.09833  -15.7705  -2.30308  0.818378  23.5961  7.97768  17.045  47.2731  -593.497  -9.96166  -33.506  -1.56799  0.374153  5.21274  -2.59925  -2.7192  0.797009  9.01202  -11.4137  -1.67254  41.9644  -72.0695  
1.18639  7.24399  -7.16734  6.96454  -15.8959  -56.8907  -16.7539  3.32273  -26.9298  -3.359  7.97499  9.74113  7.34078  -5.14661  6.80415  -25.8204  6.60479  5.14204  -11.5037  -1.21786  -9.45156  23.6822  -2.59642  1.20921  10.1842  5.93123  35.423  57.733  -298.038  -10.6689  56.3661  -0.714215  3.3488  6.22634  -3.12242  -4.17  -1.36705  27.3712  -8.96181  -2.92555  61.5332  25.027  
0.592051  -5.62491  -11.6692  7.59886  -0.329264  -63.3025  -2.91368  2.03781  -33.8091  -5.00879  25.8132  6.86445  3.17247  -2.57498  3.40848  -19.8998  12.4605  3.45847  7.64907  -0.728978  -19.2787  23.0563  -1.37314  0.645773  2.88841  1.62815  13.7666  58.5907  -33.2509  -2.045  146.003  -4.89673  4.75775  2.38421  -3.64298  -2.00703  -1.66092  18.3807  -3.54043  -2.98205  22.2616  37.9013  
-0.228175  -11.3784  -9.3619  1.9699  3.32401  -12.674  21.0287  -0.440853  -38.3154  -1.24998  6.27663  7.37733  -0.829003  0.484132  -1.16222  -2.98181  -1.12181  2.58568  26.6504  0.0353613  -20.0296  -5.17583  0.620784  -0.206158  11.9791  -1.44502  -46.6569  39.2449  -112.222  6.81163  161.597  -12.7747  9.4972  -1.52058  -3.98144  0.738906  0.474447  -4.64206  0.0133794  -2.13717  -44.8375  5.95847  
-0.582383  -5.66042  -1.39059  -1.83613  -13.9569  25.4884  24.2137  -0.896113  -27.3722  3.19092  -18.3326  8.90937  -2.71324  1.70596  -3.13049  6.82855  -25.2141  2.11718  24.7748  0.823619  -10.25  -17.3152  0.925429  -0.588296  18.6145  -1.9418  -91.6885  4.74297  -250.235  5.08291  75.1075  -15.3741  17.4289  -0.809364  -2.74613  0.979117  3.8838  -15.2404  1.2526  -1.68279  -78.1319  40.1941  
-0.516305  2.80153  3.80867  1.88337  -31.1431  5.57768  4.97463  0.979312  0.212249  2.93021  -17.9348  8.28464  -3.4029  -0.283296  -4.4657  -2.56488  -31.686  0.212497  3.25814  0.851316  -0.242906  2.36018  -1.12507  -0.50715  1.75267  -1.06647  -75.8541  -25.9806  -21.8345  -0.919356  -32.6765  -8.61009  24.8296  3.46112  0.0229929  -2.82863  5.93758  -4.81935  3.26595  -1.86405  -39.8758  136.082  
-0.532452  3.54993  -1.19778  5.95552  -21.7947  -33.5003  -9.65016  2.08419  21.5328  -2.14353  7.75094  6.13438  -4.04568  -4.51926  -6.30196  -21.8833  -8.93129  -3.9772  -15.8633  0.255097  1.89633  28.0102  -3.4356  -0.498088  -33.0773  -0.584637  -16.3138  -37.7453  589.391  1.18475  -45.3546  2.41024  26.9019  6.12687  2.38008  -6.34514  3.62451  10.7141  7.09985  -1.63459  51.4073  172.853  
-0.831953  -3.30161  -11.939  -1.85792  11.134  -29.1771  -3.80994  0.50892  16.9818  -6.85716  40.2466  5.47015  -4.50371  -6.78885  -5.37108  -30.6348  20.3547  -8.01573  -15.5223  0.192147  1.63236  27.1942  -3.70361  -0.812601  -50.2171  -0.889192  24.9472  -35.7826  806.084  8.54657  57.0775  10.6016  20.9994  3.85531  3.53171  -5.50663  -2.51417  12.3129  10.0937  -0.535156  127.325  77.932  
-1.09959  -9.54549  -15.3239  -19.9429  39.0936  12.6155  8.23031  -1.69734  -1.67778  -5.02768  57.6674  6.32749  -3.82372  -3.90795  -0.115242  -21.4557  26.6119  -7.96847  -0.520805  1.31135  6.9018  -0.644115  -2.43618  -1.12989  -27.9269  -1.44196  15.6005  -34.6646  205.838  6.95295  158.311  12.4401  7.79704  -1.88508  4.72144  -0.865239  -7.12359  -0.692862  8.43772  0.515799  124.752  -69.3099  
-1.04866  -5.87086  -5.95264  -30.9383  38.8407  28.42  6.61472  -1.94957  -6.27539  2.82185  46.8531  6.07947  -2.1277  1.7906  3.67994  -4.41357  8.97935  -2.90733  9.65341  2.56627  14.5484  -23.9625  -1.78037  -1.11622  12.0048  -1.51147  -15.5026  -38.2511  -613.876  -4.24578  122.967  8.56838  -6.54392  -6.9301  7.34742  1.22189  -5.64114  -15.0865  1.89337  0.547625  42.4227  -148.523  
-0.869265  7.84005  0.499384  -23.7868  17.7568  -4.2151  -7.26679  -0.649067  11.6759  9.0823  12.2938  4.14315  -0.490561  4.21552  -0.21331  8.11785  -8.37694  3.66325  5.68133  2.07048  12.7289  -18.5737  -2.44515  -0.933356  27.9725  -0.713651  -21.1867  -35.1866  -595.383  -7.7337  -49.157  1.71572  -13.073  -7.96272  8.89073  -5.17909  0.59694  -21.3338  -4.90547  -0.167717  -53.8941  -142.654  
-0.921394  20.1495  -12.5482  -6.61315  -0.33478  -38.564  -15.2617  0.213481  30.9676  7.11838  -29.3571  2.81607  -0.267886  1.11634  -8.86576  14.1831  -9.4979  6.71076  -1.85012  -0.303562  -0.896469  7.35626  -3.06914  -0.958334  6.04311  0.715875  2.82608  -19.3871  345.878  5.25792  -202.005  -4.5004  -9.50555  -4.42204  5.40278  -16.8443  4.3118  -20.7091  -8.65604  -0.736915  -86.6754  -120.086  
-1.12677  17.2615  -34.0195  3.15384  -2.29066  -28.8489  -5.68417  0.567678  31.8461  -0.242317  -51.025  4.05142  -0.338041  -2.21375  -11.7153  17.319  -1.74552  4.76553  0.154744  -2.41949  -12.8692  21.5518  -2.29308  -1.15082  -22.5605  1.47696  25.3261  -0.909759  1134.03  18.0936  -199.34  -7.0688  -6.41843  1.23373  -2.46299  -22.3735  1.74054  -16.1294  -10.1585  -0.820768  -47.0097  -119.158  
-0.997156  0.678083  -29.3038  0.979031  2.95639  4.56097  13.7456  1.59683  15.7308  -3.86721  -43.8798  6.71556  1.24246  -0.269006  -3.7943  17.5699  1.53666  0.546533  7.07747  -2.35398  -10.3867  9.74042  -0.963912  -1.03315  -25.066  0.308307  27.9816  6.95675  876.229  13.4075  -68.9715  -6.25006  -12.0701  5.27925  -7.59631  -14.8768  -2.96225  -4.29843  -11.6434  -0.589352  -1.78624  -116.431  
-0.299922  -12.4249  13.0723  -2.59274  0.699604  16.3267  24.8943  2.94373  0.450106  -0.709886  -28.0072  8.18801  4.75406  4.34499  7.63149  12.7821  -0.895539  -2.25563  3.1809  -0.564054  2.61401  -15.2387  -0.784404  -0.344877  -1.79609  -2.17955  22.7376  6.82636  -45.7592  0.595268  33.2703  -4.03328  -18.8353  5.32637  -4.58209  -0.452084  -3.73042  15.06  -10.6762  -0.100493  -16.7622  -97.5029  
0.521268  -9.627  54.7903  0.0249313  -11.4161  8.69593  16.9757  2.88613  -1.13181  2.5005  -29.5716  7.57229  7.38915  3.7944  12.5121  5.75303  -3.11568  -2.25109  -12.5793  0.756599  10.9562  -27.3985  -1.8878  0.505437  21.9301  -3.33401  23.0239  11.9345  -651.581  0.842771  6.65366  -0.948572  -13.7949  2.16491  1.61984  8.48017  -1.19773  28.7069  -3.75499  0.405509  -68.6739  -72.9008  
0.789542  -1.83842  50.3152  5.1281  -24.2354  15.1238  -0.429192  1.24884  11.072  -1.00724  -46.4087  6.40865  5.24372  -3.87194  10.4084  -0.0379308  -3.91779  -1.08918  -21.3673  0.294292  6.61972  -21.713  -2.7608  0.83161  27.3968  -1.13194  23.1841  28.4236  -554  15.8221  -71.9517  3.27553  0.107063  -1.31763  1.47688  7.73469  -0.420469  20.0899  7.48041  0.246358  -70.3455  -43.0958  
0.392826  -10.4187  6.32705  3.20431  -26.8198  46.5648  -6.36243  0.0453299  23.8967  -7.48061  -55.3766  6.23857  0.2085  -10.4325  8.22219  -6.80758  -4.28527  -0.971511  -8.43815  -0.784286  -3.12472  -11.4174  -2.49174  0.46855  18.9173  2.99276  12.0941  45.0071  -211.685  24.1122  -65.2664  6.00215  4.65332  -3.2854  -6.36039  3.27368  -3.36107  -7.81205  15.0262  -1.18627  9.88544  15.8964  
-0.154689  -34.247  -26.298  -5.62459  -15.8019  67.1296  7.79969  0.432328  23.6122  -7.69097  -38.1007  6.60012  -2.03475  -7.43444  10.2974  -18.8313  -0.414661  -2.37327  13.1825  -0.732349  -7.47532  -10.8656  -1.89694  -0.110528  7.40302  5.29693  -5.67446  44.7824  -106.667  11.7964  38.1519  4.17718  -10.8954  -3.40716  -11.8546  1.6119  -5.81281  -28.8911  14.6265  -3.32711  94.9618  100.33  
-0.344218  -48.5038  -20.2548  -12.6018  3.76113  47.2195  26.4033  1.59435  6.76451  -0.187992  0.951794  6.26707  0.736875  2.35475  12.5871  -30.4126  10.3913  -3.60446  18.6181  0.557716  -4.60673  -15.371  -2.20101  -0.374402  -1.77592  3.8901  -14.0363  25.9053  -117.493  -8.8613  109.405  -1.07172  -31.2441  -2.35101  -6.30625  2.48947  -3.70314  -21.6291  9.99624  -4.41205  93.8168  159.397  
-0.215723  -33.5866  -3.99528  -10.014  21.7024  0.91895  28.4963  1.766  -14.4383  6.23474  39.9061  4.7593  3.79177  8.17762  9.47145  -28.4074  20.2148  -3.14401  3.22734  1.4784  -0.143831  -13.3298  -3.29589  -0.296967  -6.60903  0.793178  -10.8522  -0.927112  -54.1237  -14.4017  57.7718  -4.14008  -36.6151  -1.25809  5.60004  1.82976  1.58142  6.07251  6.34215  -3.167  11.2495  154.803  
-0.164145  -1.6998  -13.3807  0.610492  28.4962  -37.6403  13.1311  0.0728789  -24.8358  5.04985  57.1404  3.03958  1.52671  4.67714  1.03428  -10.5381  18.019  -1.33103  -11.4397  0.690022  1.73775  -0.0395044  -3.8356  -0.228264  -7.8566  -0.996361  -5.38156  -22.2358  116.407  -0.136408  -35.7522  -2.23834  -27.2321  -1.00522  11.3599  -0.461573  4.93485  25.4553  2.739  -0.417091  -60.7595  96.3961  
-0.380367  18.948  -36.5458  9.91589  21.6794  -47.9393  -2.52793  -2.86017  -21.489  0.00867686  49.9153  2.38063  -4.29423  -2.66155  -6.59839  9.12771  5.23664  -0.0571238  -9.42499  -1.28566  3.07652  11.4511  -3.00891  -0.374004  -7.43974  -0.95427  -5.23588  -32.4393  284.214  15.8745  -32.7432  1.80744  -16.9522  -1.73869  6.94955  -0.895087  3.59575  18.2282  -4.546  1.39417  -55.9362  36.4383  
-0.688698  16.3389  -34.2525  10.8446  8.92383  -34.0599  -7.31781  -4.81605  -15.0331  -1.78621  31.8231  2.65947  -6.23303  -6.23261  -7.66221  15.5454  -4.9379  -0.194971  -0.0465676  -2.80614  7.36334  4.0161  -1.77651  -0.612154  -7.34085  -1.13391  -4.75277  -30.5471  488.447  14.941  73.091  3.12702  -8.5013  -1.73084  0.458727  0.247187  0.626768  -6.30693  -10.946  0.814355  0.260572  3.04745  
-0.822457  5.48769  0.857236  2.40276  -0.832552  -15.6128  -6.93697  -3.68452  -15.0546  -0.417198  27.3202  2.65491  -1.34355  -6.216  -2.28178  12.2848  -5.49101  -0.834902  -2.64231  -2.98121  14.5276  -23.32  -1.49235  -0.711216  -5.28274  -2.62167  2.3389  -18.3247  616.026  -2.84433  139.583  1.66205  7.38607  0.386778  -0.539815  -0.301868  -0.110926  -26.6176  -8.19187  -1.15263  35.5299  -10.6013  
-0.734244  5.53498  35.5777  -8.03864  -4.67487  -7.90252  -9.49617  0.267591  -17.0092  -0.8396  43.7151  3.01854  4.84708  -6.46597  4.5751  13.2849  -3.20545  -0.643632  -15.5181  -2.33273  21.1596  -48.9113  -2.32387  -0.629289  2.33782  -4.23733  14.9173  -3.21952  262.089  -19.5128  70.1734  -0.487636  30.6653  3.33464  1.99381  -4.87418  1.26371  -30.5015  3.01711  -2.09174  24.417  -38.3159  
-0.555586  17.9287  42.9757  -11.0645  -7.75553  -12.9055  -12.7122  3.46481  -14.5456  -3.58091  58.5158  6.00117  5.69607  -5.45785  6.55862  21.9989  -4.84049  -0.0846772  -19.709  -1.72118  22.4139  -45.9778  -3.0055  -0.480542  12.2894  -4.62674  20.6462  3.38979  -480.198  -21.7345  -61.7877  -2.75862  41.633  4.3577  2.1193  -8.90668  1.05724  -18.7704  9.60569  -1.00636  -3.57867  -92.2744  
-0.410415  27.3853  30.9353  -2.81631  -12.5789  -13.7892  -10.2972  3.02567  -6.55713  -3.88376  41.1151  11.7494  0.79241  1.77591  2.23761  23.644  -5.76185  -0.223515  -7.06814  -1.59197  15.433  -12.2122  -2.39685  -0.364242  12.7943  -4.48003  12.3527  1.58115  -858.369  -15.237  -110.004  -5.3284  30.9285  2.4642  0.0037966  -7.1158  -2.57043  2.5887  2.63752  0.692901  -17.2926  -135.252  
-0.323664  22.9125  21.0113  9.21714  -15.5274  0.489761  -2.7306  0.498343  0.507252  0.117531  -7.18782  15.9321  -3.63079  12.936  -5.06116  7.92306  0.10681  -0.532122  8.21345  -1.43606  2.3447  22.2998  -1.06081  -0.293817  -0.6938  -5.32465  -0.692874  4.79376  -370.345  -12.9646  -41.9554  -6.90514  15.1162  0.573497  0.391334  1.22956  -6.3818  23.3321  -9.46987  1.15931  -19.3015  -102.105  
-0.289715  9.60847  17.2546  12.2455  -10.897  23.0306  4.78951  -0.477422  5.08041  3.12313  -46.1095  14.8082  -2.82642  17.1514  -10.2424  -15.1494  5.75624  0.565336  11.1378  -0.727997  -8.65954  23.0355  -0.519955  -0.260223  -18.3637  -6.85544  -6.1878  22.384  486.457  -12.3453  33.7391  -6.35898  15.7323  0.781159  3.60112  9.99949  -5.82698  29.3113  -11.4776  0.189017  -35.83  11.9669  
-0.29836  1.50442  10.0615  2.15454  0.105586  38.7898  9.23514  1.24529  12.1706  0.631611  -44.335  12.5485  1.75732  8.83536  -11.5662  -25.4152  -0.939492  2.78367  6.48242  0.387179  -9.30286  -8.62475  -1.274  -0.264764  -23.1653  -6.73454  -0.654451  46.3136  635.901  3.12504  17.9141  -4.49151  22.9944  1.74708  5.09066  11.6975  -1.30369  13.2196  -1.93067  -1.01294  -59.244  118.084  
-0.326691  4.03657  -1.44172  -10.2155  11.4214  44.464  8.5515  2.84338  22.3377  -4.64413  -9.14441  16.9825  4.84497  -3.993  -9.21945  -19.4305  -16.6531  3.56785  7.45352  1.32661  0.223301  -35.2916  -2.40807  -0.300867  -9.64005  -3.41077  5.59719  59.8257  -29.5883  34.5011  -64.9183  -2.59717  7.71289  1.25637  3.05222  5.76697  2.54476  -13.4697  4.48262  -1.64988  -57.3931  117.936  
-0.328235  8.8248  -7.79497  -10.9365  16.5373  44.0889  0.825294  2.20931  28.5624  -5.80365  26.4164  25.6671  3.77582  -8.61052  -3.93408  -12.1567  -23.1174  1.50983  12.8227  1.38238  9.24437  -28.0768  -2.91198  -0.336225  11.3878  1.70549  5.1618  64.7754  -606.91  52.777  -118.621  -0.385667  -36.9339  0.248984  2.1855  -1.84153  2.86236  -26.343  -1.69851  -1.79615  -10.9522  19.7513  
-0.254418  5.92783  -3.85814  -0.785249  14.9365  40.0977  -9.49101  0.806516  21.2421  -0.771668  35.4526  21.7509  0.954811  -3.89357  3.17801  -17.3111  -11.1309  -1.16117  8.61659  0.752138  6.96117  -1.54639  -2.65636  -0.324153  23.2933  5.7615  2.49821  71.7423  -413.236  34.2033  -98.0519  3.11661  -74.4034  1.16089  5.7559  -3.54317  1.34655  -14.0246  -12.118  -1.66068  54.3595  -67.5936  
-0.110016  -3.64721  3.99539  5.13143  10.5315  30.8556  -10.2867  1.07024  7.85592  6.0824  16.3901  -5.99167  0.641774  0.801051  7.52923  -28.2065  5.52535  -0.848307  -7.29475  -0.0409407  -5.74198  2.26735  -2.41187  -0.246566  19.7138  7.30857  2.57976  74.4017  194.899  -4.02096  -34.475  6.66585  -66.7868  3.49505  9.87908  0.85774  1.52343  6.97791  -12.1157  -1.24272  96.3085  -67.7006  
0.0212652  -8.56957  7.98575  -2.74291  6.92365  18.331  2.74987  2.25802  -0.877651  9.51534  -25.3125  -38.8071  3.23023  0.0492313  4.8724  -28.0701  8.85776  2.45048  -18.221  -0.767503  -16.1697  -29.8386  -2.87887  -0.139696  11.2171  6.97521  1.11576  45.535  343.674  -21.2496  14.6496  8.29457  -23.8164  3.50725  8.49244  5.93208  3.29  10.3889  -0.183365  -0.89321  95.4536  -13.9462  
0.0242968  -4.87455  7.39549  -15.6462  6.5522  4.42169  14.4214  2.04212  -2.6875  8.2056  -67.5709  -37.4106  4.52396  -1.51931  -3.11354  -12.9873  0.903081  4.46647  -11.6751  -1.49932  -14.4879  -58.6857  -3.94832  -0.0844832  9.41092  5.81262  -7.89156  -21.4129  -1.36386  -6.36348  30.1938  7.38005  5.65411  -0.478774  1.97991  7.37408  3.59029  -7.56707  11.6498  -1.15286  64.9252  12.3154  
-0.140596  0.475506  6.57248  -16.1215  7.52934  -18.4933  6.67586  -0.0127811  -8.49662  4.006  -82.3434  12.0532  1.12128  1.54287  -7.87082  4.33548  -0.859791  2.05266  1.83118  -2.32104  -4.29235  -34.7962  -5.0325  -0.142817  13.8946  3.96179  -15.1663  -90.1213  -146.471  8.93678  23.2849  4.03823  -7.7112  -5.00581  -2.91543  6.24751  0.161375  -23.288  13.9491  -1.72423  22.7354  -10.0595  
-0.384796  1.42837  8.14763  -2.64394  5.14332  -57.5294  -13.2761  -2.21917  -22.1877  -0.89839  -50.7745  67.1048  -4.59021  5.81643  -2.67375  12.8494  10.5209  -2.83343  4.64034  -2.64402  1.92778  41.6155  -5.16975  -0.300195  11.5803  1.50387  -6.49294  -112.283  248.677  -3.40372  3.86146  -1.14144  -37.5767  -6.55523  -3.04877  4.75977  -5.00808  -15.4079  8.63981  -1.65386  -18.8231  -46.1895  
-0.600016  1.64969  9.372  8.76127  -3.48031  -94.868  -19.0978  -4.11539  -30.4448  -5.33087  8.6294  66.5604  -6.72709  4.65146  8.56801  16.315  21.5527  -5.39212  -5.12011  -2.01031  -2.88084  115.001  -3.64669  -0.5013  -5.64126  -0.541021  14.7828  -85.2991  694.778  -28.1631  -14.1876  -6.96248  -36.3153  -5.78741  -2.98924  2.69593  -8.77037  9.55945  1.61278  -0.785459  -42.2166  -59.5951  
-0.802017  5.76749  7.27023  6.04981  -14.1005  -110.553  -5.44007  -6.78467  -22.8242  -8.90378  60.2765  0.636408  -4.49322  -1.79669  14.967  24.8245  16.1665  -5.17882  -11.509  -1.37822  -12.4738  128.713  -0.762309  -0.711261  -27.0961  -1.46803  28.1571  -48.576  460.793  -31.7055  -13.5992  -11.4088  4.11982  -5.7396  -8.99411  -1.52645  -8.95248  25.8122  -6.50273  -0.0137848  -28.7039  -40.543  
-1.08933  7.39225  2.87422  -2.08843  -15.9147  -106.147  -3.08266  -9.90451  -12.4728  -11.2753  83.1248  -70.8683  -2.83357  -5.46554  10.8419  36.6787  -3.68204  -6.61703  -4.68501  -2.48409  -15.358  78.7702  2.05253  -0.931172  -29.1916  -1.79796  26.152  -33.214  -503.521  -9.76196  8.30075  -13.6429  41.0633  -6.88677  -20.1025  -6.29966  -6.4039  18.9678  -17.7347  -0.0848758  15.9037  9.8908  
-1.4269  -1.64938  -0.898009  -0.919101  -4.91677  -98.7406  -35.1522  -11.0803  -17.6961  -12.402  84.0066  -85.2284  -6.07921  -1.644  0.282644  40.167  -21.4543  -12.2494  7.74898  -5.4441  -8.16911  10.8663  3.21355  -1.11182  -5.71935  -2.63061  20.0035  -34.323  -1507.49  10.3295  37.551  -14.009  36.5913  -6.96319  -28.5252  -7.55803  -3.06854  -1.24421  -28.3923  -0.637141  56.8048  79.4311  
-1.51573  -14.9974  -1.18309  7.81938  9.1804  -87.4799  -72.3142  -8.74844  -32.0815  -11.0822  68.0884  -47.7093  -10.4275  4.76074  -6.85558  29.5606  -24.3273  -16.514  13.2983  -7.43515  2.18364  -28.1549  2.31427  -1.10201  22.1628  -3.46111  17.7477  -32.3419  -1802.63  10.7907  50.4959  -12.0337  4.20389  -4.92333  -26.8514  -4.93832  -0.568926  -15.0242  -30.3209  -0.996149  61.3987  122.551  
-1.03459  -16.2946  0.636495  9.00916  12.4018  -47.9991  -59.0419  -4.05316  -28.2797  -6.28486  28.6761  -14.3208  -8.16602  5.41487  -5.67679  10.2632  -12.7904  -11.2313  7.62298  -5.24462  5.5464  -25.3351  0.309228  -0.747942  26.2421  -2.53569  10.3921  -22.9131  -1062.84  2.01165  41.0522  -6.85477  -11.6249  -2.68852  -14.3781  -2.07621  0.365463  -13.0567  -17.8662  -1.07186  27.356  83.2385  
-0.0505745  -0.926736  2.63862  -3.00565  2.87214  24.8288  12.9976  1.18616  2.79683  1.27702  -31.1206  -12.362  1.94538  -1.48963  1.64885  -10.5085  5.79722  3.96484  -4.44772  1.00618  1.17326  3.66006  -1.95328  -0.106973  4.44182  0.521734  -7.66816  -10.6464  354.131  -3.20904  20.1515  1.79467  5.43033  -1.66125  4.72649  -1.33305  0.0358721  -0.0144767  5.35135  -1.14823  -26.6142  -34.9383  
