-0.10243  223.503  -2.19958  1.6187  -0.832902  1.67632  -0.0760285  10.2387  -2.01919  0.281636  4.23968  0.116219  -5.58573  -2.00177  -0.469449  3.70639  1.9424  -0.213605  -1.40066  -0.709026  -3.30452  -2.46601  -1.97299  1.28187  -0.32325  57.1653  -0.958943  -4.74252  -0.146121  -0.986785  -12.0205  0.296666  -1.38349  -1.39236  -16.9683  -2.00671  -2.44102  1.37329  -0.456623  2.12385  -24.7646  77.8085  
1.43112  -661.122  -22.9464  4.17356  7.61573  1.6548  1.27595  -37.9582  2.28745  -2.8873  8.33245  1.25133  -21.2325  7.26683  5.3337  -6.62139  -2.47507  1.19587  0.655929  6.58556  2.32909  2.01833  3.86034  2.11145  -1.69247  228.712  -0.310878  38.0195  3.50412  -0.537808  -2.61358  -1.79269  4.48685  7.73715  50.0508  1.26847  8.6699  0.344943  -5.36216  13.2032  65.693  -312.669  
2.03673  -1110.78  -19.8855  3.36803  7.78762  1.4162  1.55838  -46.7401  4.16496  -4.48675  15.8836  2.07356  -4.80009  17.2665  18.5284  -6.42964  -3.61875  2.0692  0.212043  7.47441  6.982  2.54102  5.63171  2.34965  -1.34154  113.236  -2.01055  46.0999  4.23922  1.19753  10.8283  -3.20302  7.51144  4.91493  51.6168  0.830658  13.6436  0.0798183  -1.58141  22.1635  90.0897  -520.566  
1.67725  -1137.11  1.17403  0.612006  2.42393  3.15937  0.920445  -11.4511  3.65553  -3.79648  23.0329  2.09418  41.2501  22.6977  31.4086  5.36783  -1.39356  2.10751  -1.09183  3.07589  8.65837  -0.692815  4.37027  2.19415  0.790294  -252.825  -4.62686  23.5789  1.07239  2.65651  21.9289  -3.64739  7.0472  -7.22234  10.6261  -5.74071  10.6171  -0.240859  9.62582  26.7688  53.5002  -576.422  
1.0152  -960.969  12.331  0.35197  0.223882  10.5145  0.311124  27.9581  2.73765  -0.990591  21.8509  1.22102  77.1245  18.7276  29.2004  19.6747  1.64178  1.44638  -0.314982  -0.0689809  6.25759  -2.89335  3.16382  2.3855  2.9258  -567.257  -5.38451  3.09696  -2.92232  1.41929  21.4428  -3.19675  4.4029  -16.496  -2.09489  -13.9199  3.00502  -1.09675  18.7826  24.8444  21.998  -608.213  
0.535187  -603.554  -5.27395  3.24218  3.82329  18.8423  0.125513  31.8955  2.59521  2.05263  10.4366  0.134366  71.4844  10.4553  10.9724  25.9649  3.24639  0.779064  1.72548  0.811312  2.35538  -2.28915  1.65522  2.78176  3.01387  -604.105  -3.82193  1.6798  -3.96664  -1.40186  12.1156  -1.879  0.937969  -16.4715  30.7679  -15.1167  -2.10088  -1.17763  18.4855  16.3195  29.5351  -561.465  
0.242372  40.5263  -33.4819  5.91896  7.48815  18.5776  -0.0208641  0.0476906  2.41766  2.84619  0.67913  -0.283864  31.9794  6.10392  -6.54605  16.3294  3.09862  0.790934  2.01128  1.63671  1.90084  -0.606798  -2.0186  3.13389  1.09438  -413.125  -2.26537  5.92981  -1.74174  -2.05064  6.39534  -0.144816  -2.40046  -13.004  58.8915  -6.42496  -1.12731  0.378256  10.9743  5.38916  75.6467  -280.969  
0.0620225  679.335  -39.9932  5.88343  5.80489  6.66911  -0.318305  -24.5275  1.22467  0.809217  3.19501  0.0582098  -5.26897  4.75694  -8.81606  -5.83193  2.43522  1.34375  0.425318  -2.35883  7.17734  -0.241565  -6.67332  3.68219  -0.768549  -201.601  -1.00894  -1.15378  0.57614  0.622336  11.1411  0.67747  -4.01135  -13.0019  41.677  5.20405  2.25316  1.2283  3.94019  -1.72241  116.46  204.295  
0.037798  745.642  -15.3785  4.72676  1.33758  -5.82297  -0.400755  -10.1585  -0.352451  -1.73482  12.9994  0.492273  -18.522  -0.216464  -0.687817  -25.0402  2.5838  1.4319  -0.156173  -8.62292  14.7565  -1.97223  -8.40618  4.48476  -0.737994  -92.7426  -0.353012  -15.6042  0.561733  3.25353  17.2806  0.0241394  -2.3989  -14.2154  1.93275  13.0094  2.14665  -0.837053  1.61969  -2.33552  135.521  604.237  
0.0306615  201.758  10.6293  4.73948  -1.2203  -2.72789  -0.123598  26.3123  -0.682817  -1.55175  14.0567  0.470485  -16.5662  -8.87777  1.48934  -26.7318  3.6763  0.143593  1.13841  -9.90526  17.8949  -5.18378  -6.24908  4.4502  0.164162  -74.5818  -1.00494  -21.2682  0.632387  2.14351  11.5955  -1.01916  1.51673  -9.98412  -17.2328  17.6736  -2.0899  -3.52469  3.501  1.04847  108.495  635.831  
-0.335585  -260.46  12.9972  5.2358  -0.982087  13.7384  -0.100373  41.3867  0.111226  1.25681  -0.792638  0.114456  -12.4829  -11.6059  -7.43677  -12.7161  4.28839  -2.04127  1.89418  -3.56086  13.0634  -8.47174  -3.59596  2.15465  -0.364544  -94.069  -3.26417  -12.7143  4.46075  -1.68362  -6.42647  -0.727628  4.002  -1.27418  -9.66091  25.5191  -4.36951  -2.26212  7.67294  4.18002  41.4162  348.788  
-1.08064  -40.3633  1.31862  4.30073  -0.250834  19.6411  -0.836286  25.3328  0.508288  3.25851  -14.3119  -0.146148  -9.4104  -3.48435  -16.0585  0.0983186  3.28921  -3.36799  0.45005  5.25771  3.73232  -10.1877  -2.67554  -1.57581  -2.47774  -119.234  -3.88403  -0.174012  10.8658  -3.79868  -20.086  0.703909  2.56266  3.13271  -0.212232  34.0718  -0.848151  3.04524  10.0425  4.98409  -34.6444  1.05024  
-1.50816  500.394  -1.67042  1.1052  -0.0116733  -3.40305  -1.7083  5.68472  -0.265457  2.20017  -9.00297  -0.135964  -8.97715  7.82514  -13.9542  3.12184  2.44591  -2.44681  -1.02465  8.74038  -4.34228  -8.39739  -1.78302  -3.55466  -3.55413  -126.358  0.624518  3.5822  14.3416  -1.62974  -17.5184  1.55623  -1.27548  -1.18302  -0.780685  31.8071  4.62742  6.3271  4.05303  3.69184  -74.7527  -234.446  
-0.895158  472.159  2.89611  -2.26249  1.01808  -37.5432  -1.53289  5.57619  -0.935995  0.507844  14.3333  0.0567538  -18.2544  12.1121  -4.22037  5.80591  4.38997  0.181875  -0.148894  5.32803  -10.0885  -3.08555  1.17481  -1.87924  -1.88392  -93.5991  7.58154  -2.4077  11.1886  2.58852  -5.57114  0.886161  -3.51608  -7.25862  -2.71632  14.2202  5.11054  2.97447  -9.36478  1.608  -56.1039  -339.11  
0.407453  -281.432  -4.76588  -3.03275  2.71077  -47.8601  -0.220767  13.4178  -0.528792  1.85858  27.7506  0.294801  -24.1118  9.14777  1.10049  17.0144  7.67787  2.32378  1.66703  0.268164  -15.0543  2.63235  3.87673  1.5213  -0.136239  -43.5094  10.2217  -9.89216  3.35847  4.42794  -4.29742  -0.347677  -2.47122  -5.40414  -1.42511  -9.12841  0.814187  -3.159  -15.7745  0.444811  -15.8831  -322.463  
1.12285  -876.124  -23.7823  -0.216061  3.31023  -22.1912  0.928894  4.81267  0.266804  5.82687  10.4545  0.4187  -0.580141  6.37094  -1.82957  24.2576  6.52971  2.05103  0.985281  -2.27087  -18.981  5.51032  3.08104  2.90609  -1.78844  -37.71  6.68247  -9.91456  -4.55446  2.0232  -17.3007  -0.819044  -0.268581  4.80753  -3.27185  -25.51  -1.67283  -4.086  -1.91404  1.07331  -14.368  -160.826  
0.499764  -544.616  -28.8344  3.92612  1.6667  10.5048  0.799685  -14.8448  0.559277  7.20458  -22.7192  0.301936  50.4538  6.72521  -8.38772  13.5496  -2.14415  -0.358455  -2.33878  -2.86441  -17.8072  4.58813  -0.168211  1.39482  -5.67077  -94.0993  0.734439  -0.982372  -9.68934  -2.26814  -25.2155  -0.751785  -0.0890037  14.4827  -7.00949  -32.0542  0.13845  1.96747  23.6629  2.15251  -59.4323  108.521  
-0.701428  298.219  -5.90546  3.89088  -0.972663  16.4757  -0.186279  -26.47  0.872167  2.86165  -36.8203  0.0852967  79.8997  4.71119  -11.3154  -5.34185  -12.4543  -2.60993  -4.6671  -4.51725  -10.3293  2.78399  -1.8474  -0.0958471  -5.81338  -146.814  -2.54727  10.3664  -10.7732  -4.36531  -13.4351  -1.07944  -1.86668  16.1942  -2.03102  -33.2675  2.02192  8.04162  35.8401  1.67886  -88.312  324.272  
-1.09625  589.957  24.9724  -0.766323  -2.78991  -5.23484  -0.745519  -24.8028  1.44627  -4.06643  -12.2206  0.0396441  43.9932  -3.42964  -8.08455  -7.01774  -14.8234  -2.56099  -3.55787  -7.02465  -2.06965  1.72781  -0.267245  1.04176  1.38194  -122.985  -2.58457  15.4348  -7.3516  -2.25058  2.7244  -1.67282  -3.15693  10.5163  12.9147  -28.8816  0.125774  7.2114  23.6806  0.169571  -48.8267  350.274  
-0.325436  36.6596  40.6525  -5.05498  -2.88507  -17.8679  -0.367825  -22.6037  1.41866  -8.37526  27.982  0.221824  -30.2014  -13.5666  0.594716  15.6556  -7.2357  -0.419081  -0.854521  -7.52845  0.987904  -0.618155  1.8419  4.03998  10.8039  -32.8029  -2.02468  14.3215  -1.14324  2.0912  1.17387  -1.24802  -2.36129  2.99658  21.4781  -17.5048  -3.04785  1.11568  2.85442  0.707388  23.5901  190.01  
0.606368  -447.641  40.5702  -2.02899  -1.4017  5.26144  0.263078  -17.6963  0.490686  -9.14993  40.7874  0.348634  -65.9002  -16.4703  11.1066  38.5942  2.58724  1.3905  0.508941  -5.09345  2.3493  -3.84077  1.53576  6.00397  13.7887  43.6048  -2.5578  12.9862  4.27838  5.04674  -14.6586  0.417744  -0.514593  -1.80204  9.5511  -1.31935  -2.88578  -2.55619  -8.26058  4.45506  51.1083  10.6512  
0.658091  -83.9657  40.6604  5.8366  1.43572  44.7624  0.373297  2.85  0.0621912  -9.30768  15.2505  0.16415  -30.7279  -11.0917  17.7559  35.0536  7.06115  0.846495  -0.0654479  -2.19811  8.54209  -5.93948  -0.222003  6.04238  8.16454  62.2618  -4.44713  13.4647  5.45592  4.2881  -18.5023  2.07898  0.513957  -4.63231  -13.5564  9.55647  -0.260268  0.45972  -11.3048  8.91726  -5.08445  -62.5256  
-0.0243682  697.83  38.7062  8.07239  3.40044  56.3342  0.0253068  31.8792  1.34074  -9.9655  -16.239  -0.10523  26.537  -6.31688  15.9647  10.1238  6.36649  -1.38184  -0.847725  -1.51646  17.0206  -5.5398  -1.11443  5.69701  0.606627  55.4339  -6.98026  12.3004  2.63695  0.631708  -1.492  2.55204  0.224471  -7.51662  -28.5157  9.224  0.475499  6.51878  -16.4529  11.6381  -59.505  10.973  
-0.41105  846.395  19.5826  -0.405526  2.6468  24.5515  -0.123771  34.6305  2.29291  -8.20396  -14.059  -0.0629105  43.3072  -11.3183  6.90096  -12.1137  5.2458  -2.65298  -0.640165  -2.54828  15.8061  -3.02832  -0.664838  6.081  -2.1408  68.9515  -9.07003  9.18081  -1.15961  -2.8772  14.7522  1.66726  -0.25402  -10.375  -24.9152  1.00256  -1.24267  9.28031  -19.0777  12.7621  -37.8777  164.435  
-0.0351716  132.941  -15.5239  -11.6576  -0.240983  -14.5506  0.156422  1.66727  -0.0746417  -2.57234  17.2688  0.31655  17.4186  -22.8704  -2.38215  -17.776  5.21904  -1.60042  0.330564  -2.82473  0.992433  -1.63374  -0.467205  5.87167  -0.481834  97.1888  -9.46701  11.3881  -3.29118  -3.63611  13.7639  0.0853342  0.183969  -11.1816  -8.90287  -7.21125  -1.79421  6.11298  -6.8429  12.7217  38.6166  284.666  
0.500346  -545.442  -38.7572  -13.5418  -2.12183  -18.6755  0.431184  -29.6941  -4.61216  2.89917  34.0627  0.562766  -8.59431  -28.1137  -6.52609  -16.1612  4.6827  0.35465  1.7802  -2.23212  -14.7152  -1.05586  -1.18708  3.65079  0.235565  99.2907  -7.81939  21.5258  -2.17644  -1.66368  7.92022  -1.60689  1.2317  -9.60699  5.98639  -9.85774  0.291716  -1.06518  15.1138  10.9282  73.585  234.571  
0.426654  -370.997  -29.8996  -5.43119  -1.25808  7.82312  0.223534  -16.4398  -6.85406  2.67314  12.1406  0.318389  -14.0041  -20.2223  -5.66276  -19.1817  3.49831  0.977942  3.62462  -2.68074  -15.2245  0.5717  -1.53857  0.605941  -1.27034  52.5207  -4.68415  27.2707  1.12659  0.975862  11.9328  -2.72339  1.70585  -8.50584  11.8758  -7.26341  1.76257  -9.30105  24.3373  9.09588  32.1394  -35.9534  
-0.162839  314.88  -5.91542  2.24078  0.398611  22.6338  -0.357477  25.0661  -4.78146  -2.41903  -22.4389  -0.191503  -4.53062  -9.87571  -3.06262  -23.4099  3.59989  0.134014  4.77377  -4.37335  -2.4683  2.99816  -0.854763  -0.482451  -1.08679  -19.8145  -1.69948  10.2292  3.27794  1.77648  14.1296  -2.54214  0.881621  -10.7744  9.66813  -0.83394  -0.361113  -16.37  10.3395  11.3079  -19.7758  -365.594  
-0.514928  567.588  -0.777826  2.92965  0.0847658  3.80593  -0.761559  39.5656  -1.49085  -4.3495  -28.4335  -0.433563  -1.13163  -10.5736  -0.527277  -20.9684  4.53072  -0.349488  3.17065  -4.51297  7.08014  3.37652  0.0646695  1.02696  2.77569  -77.8116  0.392798  -29.0122  0.915453  0.223701  -3.48602  -1.53825  -0.483211  -14.5036  6.49848  7.4211  -4.05603  -19.9797  -9.81875  16.6709  -21.4961  -479.423  
-0.307103  49.0859  -18.8252  1.55881  -1.23171  -25.0788  -0.689824  4.89965  -0.279612  2.55537  -4.29756  -0.164356  -5.44116  -18.8679  1.59329  -8.51668  2.33417  0.431151  -1.29675  -1.49889  4.69599  0.777216  0.0566663  2.88597  5.23663  -94.5049  0.905946  -64.9968  -5.9242  -2.12254  -28.6012  -1.0966  -0.948181  -13.9587  7.1328  14.655  -5.18023  -18.103  -14.6485  16.6413  -0.0886434  -263.966  
0.00299733  -639.48  -29.5042  4.08954  -0.36386  -33.5711  -0.361492  -34.0791  -0.165504  13.2752  12.8502  0.298886  -11.6069  -14.4669  3.78753  4.5009  -4.1288  1.1542  -5.50985  2.32117  -2.09398  -2.01988  -0.708618  2.8964  1.1773  -67.6985  0.279436  -68.3016  -10.6443  -3.23928  -30.4583  -1.87995  -0.113387  -7.81334  9.89033  16.7766  -3.36001  -11.0819  -3.944  5.35144  -21.7033  42.6919  
-0.0746177  -696.532  -9.83077  7.63059  3.01226  -20.8061  -0.185161  -29.8782  1.31149  16.738  1.0285  0.477235  -12.0752  12.8227  6.31917  10.6888  -9.25111  0.465488  -6.06023  3.62076  -2.35523  -2.30796  -1.10421  1.67857  -6.34836  -22.4939  0.125936  -32.8988  -7.51586  -2.53595  -3.3217  -2.8616  1.01061  -0.493125  10.3294  12.9152  -1.25156  -2.15472  5.37123  -10.2798  -65.0877  111.655  
-0.359074  -99.0932  21.1628  5.48939  5.32114  -8.26474  -0.262182  4.17366  3.12542  8.86674  -18.0118  0.222069  4.13585  45.615  8.9064  11.6454  -5.87368  -0.767702  -2.73841  2.15878  1.42937  1.68664  -0.395444  1.21358  -9.06641  12.7183  1.26863  17.5322  0.993068  -0.909875  21.5633  -2.19354  0.731698  4.47821  6.44278  5.03553  -0.083963  4.82019  4.01611  -17.4389  -52.422  -57.2518  
-0.327622  525.183  27.6108  -1.27581  3.97267  1.45074  -0.343672  14.5729  2.02681  -2.07771  -13.566  -0.120851  24.1796  54.7922  11.0796  11.4887  4.77337  -0.678119  0.699453  0.702394  -0.484915  5.49711  0.86383  2.28392  -4.18407  18.584  2.6251  49.6325  6.71569  0.687503  17.5176  -0.100063  -1.26279  9.51393  -0.444873  -3.76596  1.3411  7.90629  0.553151  -13.2674  21.9522  -116.195  
0.0993052  614.955  4.91201  -5.48084  1.37439  13.7613  -0.196907  -11.0145  -1.22313  -4.90321  9.81441  -0.125955  15.2341  32.6945  11.969  11.8012  12.2567  0.700799  0.860312  0.355679  -9.16281  4.04493  1.54855  3.88875  2.15014  1.46977  3.05121  48.4154  4.98747  2.16063  -6.44524  1.68232  -3.42625  15.4011  -10.3544  -9.21691  3.76239  7.76853  6.17759  -6.89581  69.7275  201.309  
0.450652  174.453  -18.0359  -3.2947  0.629288  18.6625  0.107179  -31.3234  -2.20359  1.41635  20.6233  0.175414  -36.5728  0.195422  10.0502  14.1229  8.48558  1.41996  -1.9557  -0.439517  -15.3142  -3.44159  1.58556  4.87708  3.87056  -11.4914  2.02064  25.1366  0.115544  3.05519  -24.5352  1.79415  -3.52088  17.2228  -21.7314  -9.47581  6.02084  5.7112  17.3524  -6.13335  37.2979  631.552  
0.345407  -325.979  -27.2888  1.60783  1.64234  0.0949335  0.321235  -11.9861  0.560609  7.41183  7.12552  0.316621  -94.9282  -17.7544  5.52222  22.3847  -1.94901  0.333092  -4.49776  -3.24536  -12.0545  -13.1505  1.55141  5.04188  2.35797  -5.08879  1.20294  2.03762  -0.91226  2.19445  -27.87  0.360044  -1.09642  9.09477  -26.8727  -5.32499  6.3105  2.85015  19.0454  -8.15706  -25.5717  642.005  
-0.145582  -482.477  -35.9996  3.66865  1.77003  -32.5139  0.199749  23.1347  3.41045  5.44814  -9.04053  0.0416465  -103.213  -16.8221  -0.286926  35.1899  -6.58529  -1.44232  -3.99312  -6.99409  -3.43988  -17.5537  2.32351  4.30252  2.0727  10.0033  1.12787  -10.2907  2.49757  -0.911494  -26.0027  -1.90328  1.61765  -5.42254  -13.1574  -0.927404  4.91319  -0.483194  2.8305  -6.26089  -47.7796  101.658  
-0.680726  -226.197  -48.5339  3.1934  0.365985  -45.6686  -0.300738  29.1963  2.89435  -2.06391  -4.42298  -0.294321  -50.125  -9.37657  -7.12128  36.0794  -0.802123  -2.05502  -0.778265  -9.19941  2.10752  -12.822  3.92016  2.44153  2.81161  12.3445  0.253813  -17.5913  3.96696  -4.21655  -24.9881  -3.83292  1.78945  -15.9883  13.7954  -1.55966  2.29097  -3.2995  -20.7392  -0.446211  -47.2079  -503.099  
-0.954365  166.094  -41.139  2.84643  -1.19272  -25.0202  -0.886299  3.20767  0.962618  -6.8404  12.1387  -0.183923  10.9217  -4.54116  -13.9204  10.9629  5.84466  -1.20405  2.66027  -8.28268  2.60156  -3.87377  5.42609  0.092394  1.40146  -0.612345  -1.46384  -26.6382  -0.852539  -4.61001  -21.4207  -3.55266  -0.653555  -16.6054  25.3235  -7.16492  -1.84732  -3.41909  -30.4503  3.34927  -65.7851  -628.225  
-0.714265  374.482  -7.62224  3.76546  -1.61771  10.4495  -0.954137  -16.4233  1.4944  -5.79501  12.4351  0.329245  34.9572  -0.0268289  -17.277  -29.9743  2.1096  0.0458018  4.06935  -3.61103  1.94929  0.865293  5.50003  -1.10128  -1.83858  -13.3387  -3.44126  -32.308  -8.70794  -1.38835  -12.2552  -0.241958  -2.29679  -12.1255  1.82812  -12.3248  -6.00953  -0.105493  -17.4298  2.24982  -81.6841  -269.348  
0.0380092  303.14  1.60685  4.14646  -1.66023  30.8448  -0.21277  -5.54412  3.76554  -3.68606  -11.0319  0.678073  35.1717  6.59677  -13.3419  -50.123  -10.3625  0.841946  2.50419  3.48502  3.01967  -1.67153  3.85946  -0.232331  -2.23867  -8.83165  -4.36552  -25.1981  -11.7065  2.89876  -1.51842  3.76761  -0.673448  -8.5884  -34.9649  -10.6503  -6.81082  3.82863  6.48717  -0.442676  -19.4049  104.415  
0.784507  128.652  -44.8248  3.33365  -1.43985  30.8243  0.719822  13.0486  3.64277  -5.6572  -30.4757  0.557484  48.421  11.6216  -4.68631  -28.1157  -18.7261  1.19511  -0.467342  8.45257  4.24147  -7.24209  1.60002  1.7442  1.23514  11.3026  -5.02795  -6.34018  -6.21411  4.59562  8.55631  4.7183  2.23359  -4.87247  -37.6325  -1.35241  -2.83431  4.09249  21.0748  -0.812955  110.408  195.523  
0.778001  70.8402  -83.0648  3.36796  -0.557544  22.5899  0.818707  7.55877  -0.143091  -10.2752  -20.0953  0.283197  67.9693  10.6937  1.3657  15.5502  -15.2665  1.1574  -2.72521  6.73437  3.86137  -9.05791  0.161751  2.91751  4.18178  38.8742  -6.06844  10.0096  3.2394  2.61698  17.6702  1.57113  1.98341  2.28698  4.91701  7.42632  1.80664  -0.58311  18.5131  0.483415  189.581  156.588  
-0.0158833  120.631  -8.75642  5.98732  1.05571  15.8334  -0.0243726  -17.9099  -4.01251  -11.6547  9.0612  0.288742  63.8141  7.56244  -0.0735021  35.6516  -5.46772  0.656671  -2.69566  -0.540998  2.43865  -4.92022  -0.20886  2.57294  2.79279  62.0821  -6.42856  11.1033  8.58367  -1.15275  23.1421  -2.3873  -2.54576  9.81161  48.1381  6.91035  1.29194  -5.89684  8.36608  0.170145  138.812  225.682  
-0.622327  82.1611  158.924  8.77475  2.0219  16.5034  -0.614115  -29.6859  -4.5655  -6.65126  22.4949  0.518746  38.3271  7.55544  -4.32038  17.1173  0.954296  -0.0239888  -0.969681  -5.70233  0.870471  2.2781  -0.87188  1.68685  -0.480231  73.1411  -4.17205  -1.57925  5.88395  -3.76408  19.0816  -3.24701  -6.69407  9.21487  38.9655  -2.07002  -3.64988  -6.5062  3.19835  -3.18062  8.97807  379.246  
-0.159806  -172.568  255.517  7.03371  1.4967  22.9542  0.0530878  -14.3405  -2.69186  2.06555  5.4858  0.557901  18.6172  8.59197  -4.4778  -8.86203  1.73023  -0.161743  0.485351  -3.87241  0.218351  11.4  -2.88946  1.2649  -0.726064  74.1439  0.329328  -13.6926  0.0618643  -3.54686  5.82185  -0.915402  -5.51456  0.500612  -17.4839  -8.4308  -6.22613  -1.7828  5.17978  -7.32519  -87.0092  426.414  
0.888599  -491.018  155.995  0.175695  0.133314  20.8724  1.27414  9.95266  -1.12596  8.80086  -15.2647  0.267684  11.5465  2.80364  1.59143  -6.64014  1.6957  0.372892  0.398714  0.991225  0.579516  21.8279  -4.44156  1.14813  1.91946  73.9733  3.50395  -10.9557  -2.14848  -1.2456  -10.6991  1.63568  -0.061357  -5.996  -61.8452  -2.22251  -2.65634  3.79718  6.34025  -8.83946  -97.9306  322.085  
1.09527  -622.086  -53.6949  -6.07871  -0.453296  -1.79936  1.31849  15.1932  -0.700254  10.1444  -12.8818  -0.0434725  -6.50292  -8.66462  8.01013  18.434  4.87866  0.686637  -0.516086  1.32442  2.43049  29.8377  -3.23194  0.771679  2.47837  78.5204  2.84046  3.7504  0.251117  0.890054  -22.191  2.27204  3.43595  -1.85832  -51.0767  12.7784  2.62884  5.08121  1.15957  -6.72502  -72.0873  188.207  
-0.112129  -520.632  -167.616  -5.65762  -0.257863  -30.7387  -0.295329  1.83182  -0.187284  7.0094  5.76469  -0.134149  -44.3806  -15.4444  11.6954  32.0586  10.4229  -0.160509  -1.01903  -2.73252  3.78412  29.0955  0.843296  0.412445  -1.09671  74.188  1.05822  11.0724  2.18032  0.913335  -25.4717  1.52173  1.37972  8.38204  -5.40017  23.0303  3.05934  1.19087  -7.0001  -3.22759  -70.0524  60.8836  
-1.60093  -319.631  -104.042  0.0935266  -0.485346  -36.2218  -1.95458  -10.7698  0.731703  2.8055  12.228  -0.0336124  -72.5728  -8.63847  12.3293  15.0893  13.8936  -1.92518  -0.73942  -4.10886  2.19766  16.8311  4.3763  0.854999  -6.31863  48.8637  2.43061  -3.4308  -0.470602  -0.837806  -19.8203  0.532622  -2.69497  11.158  22.6359  20.857  -0.831594  -4.35199  -10.6353  -1.09487  -85.7806  -119.857  
-1.87539  -131.414  14.8728  3.77073  -1.51919  -7.3122  -1.88053  -6.85974  1.13404  0.390809  -1.73517  0.0678491  -64.7732  5.44989  9.42376  -15.502  10.8879  -3.35596  -0.533485  0.654305  -3.15873  0.454008  4.92688  1.78255  -9.28278  12.3257  6.63792  -29.7422  -4.83898  -1.73134  -7.30376  -0.687427  -2.69864  0.993836  11.7021  11.8327  -2.81373  -7.14021  -6.92432  -0.698742  -76.1327  -312.907  
-0.868848  55.8418  39.2069  1.80106  -2.81865  23.3781  -0.355264  5.86636  0.733748  0.164136  -15.0349  0.109103  -32.9554  14.0721  1.83737  -25.4021  0.617561  -3.43798  -0.799063  5.95866  -7.94709  -10.7639  3.58558  1.90487  -9.00411  -2.7784  7.84713  -39.6836  -5.66468  0.0237695  4.69502  -2.03336  2.12136  -11.3212  -14.3568  5.92893  0.526009  -5.0781  -0.420834  -0.294629  -24.0113  -374.005  
0.144445  225.676  -28.8544  -1.53259  -3.11795  22.6517  0.713763  11.5403  0.15249  0.512407  -11.1668  0.166064  -8.76666  12.9043  -7.81055  -8.10978  -11.3097  -2.08066  -0.924192  5.15844  -7.43621  -13.6708  3.28227  0.824441  -7.16978  14.6476  2.01351  -19.3129  -2.72567  2.92092  10.3028  -2.66237  5.86989  -12.4394  -21.2407  3.76674  5.50027  -0.547287  3.31858  1.07736  44.7053  -245.288  
0.244176  260.69  -75.2761  -0.70194  -1.12579  -2.54438  0.264723  6.89445  -0.193544  0.0145795  1.08083  0.338818  -0.25589  9.76987  -12.1836  15.3333  -16.0845  -0.0666019  -0.451728  -0.257294  -2.32582  -13.6173  4.43761  0.213236  -4.49181  36.086  -7.30232  12.5241  -0.473636  3.36578  11.7447  -2.03961  3.45465  -3.52022  -3.32974  -0.235849  6.37352  1.37176  3.4538  2.44528  81.074  -40.6448  
-0.087753  127.306  -42.0401  3.3157  2.66859  -20.1699  -0.693617  -0.460599  -0.866661  -0.85974  6.8228  0.635147  2.28159  12.0367  -7.9371  17.5194  -9.5962  1.66389  0.346655  -3.848  0.902779  -15.3069  5.26972  1.90163  -1.00704  33.6352  -12.5158  25.3318  -0.46739  0.0141959  15.9007  -0.881306  -2.72444  5.50787  18.5502  -6.77891  2.49165  -1.72895  3.24295  2.62824  52.2669  129.064  
0.109104  -32.049  22.0333  5.83231  5.78127  -15.6421  -0.539494  -1.84083  -2.23085  -1.02238  4.37884  0.780692  10.3336  16.284  0.934016  -4.15032  3.0689  2.28312  0.813614  -3.49939  -2.57567  -17.6243  5.02986  5.05903  2.6162  25.4379  -9.76073  12.2645  1.86871  -4.17343  22.7723  -0.436014  -5.771  7.15557  25.5977  -8.4478  -2.08195  -6.05492  4.12208  1.34523  -22.4258  254.512  
0.957089  8.60511  46.6823  5.75622  5.1934  -5.71238  0.847111  3.66404  -3.14819  -0.397284  0.0948088  0.596253  18.8412  12.4987  7.09746  -26.0194  12.3572  1.84017  0.927287  -2.73694  -8.97188  -14.4267  4.43269  7.15252  4.8438  51.4741  -3.17197  -4.06922  8.22106  -5.27895  23.2626  -0.744955  -2.90277  5.16167  15.0499  -0.71342  -3.47741  -5.77053  2.66702  -0.894148  -75.8977  347.427  
1.62469  191.314  28.5232  5.29876  1.5821  -7.22979  1.98215  9.10385  -2.17338  -0.195993  -0.946631  0.320054  20.6035  -1.69817  7.12985  -23.4178  12.9445  1.19851  1.08998  -3.69685  -10.3532  -3.37166  3.36275  7.37246  4.65002  109.531  1.74828  -2.14453  12.91  -2.8656  11.2555  -0.759797  1.32764  5.57227  -0.968945  10.4567  -1.07781  0.628833  -2.89578  -3.43632  -57.6067  343.479  
1.49329  300.198  2.32312  3.12759  -1.65232  -15.2872  1.70787  9.24623  0.133769  -1.03483  -2.53296  0.540321  15.0864  -16.2795  2.10317  3.49982  7.25759  1.2587  1.62743  -4.54564  -2.87812  9.46087  -0.41838  7.45193  2.14133  145.023  2.71271  14.9086  8.96398  0.321397  -5.44467  0.23147  1.66414  9.80162  -8.35251  14.2007  1.41058  7.36  -8.70481  -5.13686  6.72674  250.227  
0.786404  187.172  -14.131  -2.79779  -1.16426  -14.7449  0.472004  0.910707  1.25742  -1.89618  -2.17032  1.26892  5.14164  -19.2733  -6.55264  31.9789  2.14958  1.73105  2.09548  -3.1695  8.80682  15.4919  -7.08303  8.30355  -1.79509  113.869  1.18301  26.2664  -1.63112  1.28349  -12.9989  1.75093  -0.978079  14.6594  -2.05676  8.34105  0.557169  7.79698  -9.70334  -4.74325  38.7835  188.132  
0.115366  6.40332  -26.7617  -10.4815  1.90399  -0.570574  -0.383182  -10.0825  0.0221669  -1.13694  0.200526  1.50463  4.79272  -10.5801  -16.2421  39.3753  1.75709  1.35757  1.1593  -1.25464  15.5588  11.0378  -12.2081  7.43817  -5.36771  48.0925  -0.439787  19.3513  -8.13519  0.205713  -4.50424  2.78965  -1.62384  14.3  8.55358  2.72473  -2.813  1.82747  -6.0034  -2.6795  13.5108  196.296  
-0.258145  -55.474  -30.8523  -13.6183  3.68512  12.6782  -0.255786  -14.6361  -1.70165  0.934737  -2.14614  0.408385  21.5104  -2.14113  -20.1865  25.5496  3.2412  -0.355941  -1.50953  -0.788722  10.8215  -0.441196  -10.6794  2.52685  -6.63213  14.6359  -0.103059  1.54064  -4.23431  -0.957846  9.94399  2.54354  1.35619  7.06959  8.19097  6.96305  -4.867  -4.49883  -2.84841  -1.28141  0.812923  72.7425  
-0.436027  -14.9424  -16.6505  -9.66268  2.60903  13.1271  0.300274  -12.657  -1.36135  2.15373  -13.6679  -1.35337  43.807  -3.49982  -12.4751  8.61868  -0.899794  -2.2018  -4.0595  -0.469156  -1.86731  -8.3279  -2.81519  -4.57073  -4.18531  35.9246  2.68436  -12.5794  4.262  -0.667403  15.2081  0.579616  4.2284  -3.79317  -7.40515  19.1286  -2.77673  -6.14646  -4.30649  -2.29257  83.1466  -336.805  
-0.491248  -29.2592  8.92486  -2.89172  0.405997  0.114507  0.45342  -12.2939  0.414345  0.866229  -26.5198  -1.90107  47.8644  -11.1522  3.82991  1.20068  -13.4314  -2.38326  -3.95633  2.51829  -10.9292  -6.63009  4.67133  -8.9686  1.25754  68.5499  4.8171  -16.4225  6.79829  0.948081  1.51942  -2.04482  3.46899  -11.1225  -22.4166  25.4952  0.395277  -4.08553  -7.43463  -4.29605  200.533  -778.069  
-0.385318  -97.2153  20.1312  1.03834  -0.37689  -10.4979  -0.000355152  -16.6721  0.752882  -2.04734  -26.3548  -0.495109  27.4429  -12.7858  15.6413  -2.76829  -25.5004  -0.553215  -1.17072  6.58208  -7.17402  1.4997  5.63846  -8.36625  6.43597  67.0774  2.25544  -14.079  1.09234  2.94197  -22.6347  -3.13065  0.488916  -11.8006  -16.9776  14.6939  0.80751  -2.43593  -6.61546  -4.55009  207.182  -785.684  
-0.24225  -76.4191  12.3529  0.816692  -0.0279425  -2.23303  -0.720718  -18.1237  -1.55225  -3.32751  -10.3711  1.38816  11.2755  -2.96453  12.2738  -12.9314  -23.9545  1.75343  0.873559  7.05859  5.23085  5.47391  0.483234  -5.22922  7.78822  36.427  -4.57003  -12.5067  -5.72327  4.07794  -34.9368  -1.22687  -1.01227  -9.12767  9.8866  -10.1156  -1.67889  -2.39554  -1.6398  -2.6405  47.6787  -293.975  
-0.395148  55.3165  4.57058  -0.755375  -1.11078  18.8173  -1.39695  -8.22442  -3.66108  -1.12861  5.19941  1.64812  19.5109  10.5545  -2.5022  -24.9509  -7.23661  2.63764  -0.217132  2.27317  12.5094  0.763756  -4.87263  -3.10525  4.34258  7.29709  -9.40903  -10.669  -7.01049  3.11616  -22.7647  2.05514  -0.279794  -7.62705  33.6214  -33.5169  -2.83723  -1.97602  1.50386  -0.866003  -146.29  239.971  
-0.966328  102.7  12.8906  0.311341  -3.96291  31.1777  -1.83798  5.25582  -2.57205  2.79751  8.10534  0.0497131  33.2994  15.8524  -13.6536  -24.9545  10.0347  1.30185  -2.68983  -3.9834  6.44007  -4.41887  -6.18804  -2.44589  -0.783283  7.80062  -7.0993  -3.39887  -3.66605  -0.154627  3.66656  2.8782  0.724405  -5.46593  28.2925  -44.0723  -0.563579  -0.406988  -1.6272  -0.760686  -178.123  325.325  
-1.59134  -55.8533  22.9185  3.62889  -5.98479  19.4458  -1.83945  1.38928  0.395515  4.14949  0.172012  -1.75922  18.7296  10.2766  -9.93316  -9.79089  13.3469  -1.38431  -2.73082  -6.78945  -5.6751  -0.55912  -4.59686  -1.57928  -3.18803  45.6754  -1.28835  10.9124  -0.350196  -4.22421  20.299  0.191588  1.208  0.104372  -5.02803  -41.8588  2.26365  -0.214961  -8.07982  -1.17806  -40.3753  49.4168  
-1.74277  -225.918  11.5996  4.73702  -4.74472  0.550268  -1.34573  -24.7486  1.42616  1.03316  -4.94116  -2.34996  -21.5508  2.53811  3.65475  3.13689  4.92257  -3.44011  0.166971  -5.39509  -10.8248  11.3851  -4.22048  -0.0952445  -2.1985  111.641  -0.254711  24.9718  0.56813  -6.65959  16.5731  -2.81642  1.88787  6.56066  -35.7222  -32.8236  2.20672  -3.78862  -10.348  -0.451297  100.668  -75.2433  
-1.30345  -120.968  -17.0432  0.0799522  -0.471558  -1.80508  -0.692978  -52.5137  -0.936718  -3.37094  -2.95574  -1.94081  -56.6558  -0.297058  12.2959  -1.33015  -0.290737  -3.3152  2.48838  -3.15768  -5.82713  17.7431  -6.25656  0.84695  -1.07449  163.171  -4.97753  28.0955  0.510482  -5.88497  4.3526  -2.30443  2.47204  6.42469  -34.745  -18.8114  0.769681  -8.27783  -7.29834  0.769484  97.5201  203.77  
-0.651609  204.124  -35.1644  -7.47806  4.24201  14.1928  -0.383003  -53.247  -3.11187  -4.05017  -2.57416  -1.54715  -71.8054  0.0792743  7.06788  -14.858  5.79816  -1.20219  1.89762  -3.26079  0.898874  7.4667  -7.73653  0.750588  -2.94541  147.237  -7.6548  19.121  0.135527  -2.263  0.725916  1.1559  1.2564  0.495792  -3.07528  1.11924  0.968726  -7.43222  -5.36357  0.570228  -15.1089  606.627  
-0.166771  359.316  -30.9887  -8.9695  6.13675  30.1145  -0.439681  -18.6309  -1.29412  0.272118  -12.9772  -1.40384  -70.6866  -2.50392  -6.56866  -14.285  15.4083  1.05686  0.254357  -4.81177  1.38697  -12.0616  -5.44666  0.362088  -5.79819  80.9136  -1.90138  6.94768  -1.30578  1.42083  3.63722  3.31168  -1.71026  -3.78314  31.2565  22.2465  2.74799  0.580277  -7.24293  -1.38012  -83.8086  708.216  
0.152299  119.647  -21.5804  -0.409013  3.95378  33.6132  -0.312496  30.1138  3.6664  5.23387  -26.7075  -1.0698  -46.4704  -9.36549  -16.2108  8.24875  15.34  1.68942  0.500091  -4.84716  -2.34778  -21.305  0.335047  0.573616  -4.89723  62.0986  7.41318  0.822652  -3.60258  2.29779  2.13297  1.44261  -3.32598  -2.95752  43.5855  32.9203  3.22464  10.0922  -4.84407  -3.09293  -49.2081  443.829  
0.471189  -293.453  -26.6848  9.23632  -1.31225  25.774  0.347169  58.6362  7.10111  5.65235  -25.7244  -0.36555  9.22082  -14.3783  -15.5383  31.121  2.82974  0.721795  2.08713  -2.238  -3.15303  -11.4952  5.88397  1.13508  1.19021  143.436  10.8486  -0.23048  -5.04313  0.187882  -6.11391  -2.31202  -1.42876  -3.73957  30.3274  26.4805  1.34299  12.6053  10.0371  -2.80689  17.2091  119.301  
0.676879  -494.468  -40.7907  8.22035  -6.43224  13.3151  1.03754  51.2509  5.82008  1.32389  0.900373  0.178437  73.5399  -11.8195  -8.90501  29.1527  -11.4778  -0.420306  2.51441  0.751554  0.144008  4.63196  7.87735  1.58437  7.23019  206.95  6.27099  -3.48917  -3.71533  -1.67712  -6.85929  -4.03121  1.77581  -9.98026  4.26088  10.9904  -0.651254  5.82681  28.7808  -1.29599  21.2791  -6.13706  
0.490788  -394.822  -37.5785  -1.38657  -8.12327  -6.77071  0.968288  24.2486  1.4057  -3.29092  34.8684  0.0532894  96.1419  -4.24792  -2.48893  3.78545  -15.1837  -0.688808  0.828362  1.32085  3.53286  8.85082  5.81943  2.26646  7.42746  81.5919  0.938468  -9.77628  -0.635671  -0.0445812  9.82154  -2.36838  2.34965  -13.7186  -16.7433  1.52449  -1.21822  -4.00545  32.6998  -0.750803  -35.3663  36.8245  
0.000228411  -134.771  -14.6646  -6.37554  -6.30858  -34.1737  0.222556  6.87053  -1.54584  -4.15924  48.8773  -0.523149  59.4592  0.216245  1.74087  -19.2117  -6.54691  -0.403447  -0.882076  0.140108  3.25052  1.63128  2.01052  3.34546  2.14599  -196.899  0.523445  -11.8591  0.983954  3.92367  31.9423  0.459904  -0.423906  -7.7796  -23.984  4.57818  -1.7028  -8.8521  15.8768  -2.01428  -71.7418  64.7956  
-0.339423  201.804  2.05876  -0.745999  -3.5611  -56.3248  -0.292999  11.4313  -1.03872  -1.5562  32.0555  -0.970593  2.70238  -1.75774  6.50621  -21.8707  4.74843  -0.415835  -1.05682  0.633498  0.953998  -2.03528  -1.06373  4.18717  -3.24472  -371.605  2.60575  -5.54924  -0.0435752  5.17795  36.2417  1.99541  -3.41241  2.07173  -17.7399  14.0061  -2.94621  -6.3721  -6.49588  -3.69175  -39.9173  -20.0071  
-0.301977  589.127  -2.08314  7.00059  -1.80571  -59.3145  -0.0993276  21.5814  0.319024  1.51474  3.50393  -1.0807  -33.2049  -5.03395  12.3856  -12.6772  8.32058  -0.800033  -0.502735  4.5479  -0.30165  6.0682  -2.43093  3.47368  -5.02713  -260.77  2.12572  3.37495  -2.46  1.28557  13.8043  1.84372  -3.73677  3.81528  -9.47629  18.192  -3.72589  -0.869101  -16.1296  -4.16476  27.0926  -169.458  
-0.276381  800.105  -5.43956  6.88411  -0.118754  -44.9091  0.0857862  15.7773  -1.44151  2.99256  -14.2611  -1.13171  -57.7341  -3.04802  14.9159  -7.87154  2.88316  -0.891818  -0.531956  9.46304  0.97891  14.6232  -2.42613  1.1789  -4.88  6.43001  -1.131  5.50233  -3.79344  -3.9415  -15.5956  1.35442  -1.86034  -1.23413  -12.3542  13.0178  -2.8039  1.64668  -10.9234  -3.47884  66.0299  -301.999  
-0.634066  530.023  19.2778  2.00108  3.20588  -26.7809  -0.511837  -5.75434  -5.9863  2.62122  -16.4643  -1.3955  -91.9304  2.12991  8.86615  -8.61338  -4.22806  -0.260512  -1.64387  10.6011  2.95235  10.3362  -2.14068  -1.19463  -6.12161  165.682  -3.12511  0.17473  -2.19416  -4.72846  -23.8791  1.33383  0.0781087  0.453009  -24.1028  2.9431  -1.24239  -0.59928  -2.50775  -2.77996  68.5726  -356.223  
-1.03841  -77.3092  60.8312  1.21128  6.50525  -12.8924  -1.34621  -22.1254  -8.48792  0.66187  -15.5521  -1.65751  -108.394  2.18084  -4.10294  -7.38368  -6.24591  0.549655  -3.09166  5.09523  3.06797  -2.78485  -1.19752  -2.07045  -7.86495  155.117  -2.31522  -4.82784  1.07411  -0.697249  -6.82376  0.744725  1.18261  12.8045  -26.4398  -5.17582  -0.563022  -4.34537  2.06322  -2.58468  61.8638  -306.108  
-0.82783  -410.141  78.5112  3.29014  6.53953  0.442955  -1.17509  -20.4268  -4.90272  -2.54437  -18.7692  -1.46877  -67.6052  -5.02388  -14.7017  -1.82268  -3.1446  0.667205  -3.9912  -4.04126  0.404415  -9.49419  0.98794  -1.49374  -5.89935  130.705  -1.23778  -4.55876  3.87598  2.84344  12.8736  -0.702916  1.90049  22.6741  -8.06306  -7.89005  -0.663937  -5.12275  3.78709  -2.25821  53.2122  -193.725  
-0.0719539  -126.244  52.117  -0.932271  2.98843  15.0419  0.068829  -9.84869  2.52335  -5.37645  -19.7732  -0.842779  9.31081  -10.7886  -13.5383  -0.443799  0.344755  -0.20676  -3.05449  -11.4346  -2.27203  -7.11415  3.68066  -1.20927  1.15919  195.55  -1.82766  -3.24875  4.54163  2.21787  12.4839  -1.51008  2.96109  17.4443  18.9224  -4.3103  -0.371903  -1.46827  3.7753  -1.49554  31.0815  -102.923  
0.410497  359.596  8.71221  -11.756  -0.228074  25.2316  0.985907  -6.85036  7.04205  -4.97869  -19.8972  -0.265814  43.7257  -7.32571  -4.45663  -6.95919  0.419686  -1.32072  0.377418  -13.5265  -1.13344  -5.35098  5.10984  -2.38523  8.95821  259.454  -1.64337  -6.57021  4.36349  -0.342603  -2.92715  -0.105873  4.19641  3.60913  29.0045  2.70517  0.171493  3.64627  -0.291126  -0.765687  7.95913  -88.4389  
0.2021  385.556  -13.1237  -18.1049  -0.386913  19.1388  0.648453  -10.9016  5.25108  -0.804468  -22.1636  -0.15564  2.35051  1.49993  0.513514  -11.3957  -2.24453  -1.54336  4.32387  -11.1111  4.12643  -12.6989  4.48617  -3.91058  11.3386  229.902  -0.338346  -12.9721  5.16921  -0.867979  -11.5886  2.28946  4.9772  -2.40562  14.7832  8.87833  0.0119221  5.54202  -7.30868  -0.825879  -3.99662  -119.919  
-0.160587  -38.6277  -8.69411  -12.2505  0.145119  -2.35432  -0.199927  -9.99642  0.268436  3.4369  -24.6987  -0.249374  -54.4639  5.34479  -5.30876  -6.39123  -3.39978  -0.473746  5.36672  -6.89578  8.6575  -20.4036  2.98443  -4.128  6.87094  170.927  -1.24542  -17.1293  6.4105  0.957535  -6.49019  2.42538  4.31869  2.84153  -7.46895  10.4333  -0.356739  1.67111  -11.331  -1.54232  -13.803  -103.714  
-0.119937  -319.496  0.00784697  -0.381667  -1.63528  -24.6146  -0.464709  0.420365  -1.97814  3.01656  -18.5409  -0.093125  -49.2413  1.8346  -13.5794  3.19322  0.202697  1.15094  2.15388  -1.99005  7.32803  -16.9524  2.18109  -3.31521  0.286413  183.707  -6.55227  -15.7473  5.28968  1.99635  -1.05014  -0.68831  1.73763  6.43278  -20.1  6.54428  0.315867  -5.43994  -9.44708  -2.51259  -48.2821  -35.5388  
0.012438  -93.8121  -1.09934  6.37409  -4.90211  -28.4951  -0.320659  10.8517  -0.343584  -1.9249  1.50711  0.290427  21.3775  -0.440458  -10.8133  6.66209  6.99187  2.07255  -1.91143  3.71795  -0.164641  -5.07373  1.25193  -3.17624  -3.43802  208.334  -11.0918  -9.40938  0.531481  0.923023  -8.92759  -3.78409  -2.11795  -0.868112  -17.8412  1.475  0.722736  -9.44133  -6.28457  -3.73783  -107.765  -11.0917  
-0.287222  274.851  -7.90123  5.93972  -5.47082  -13.286  -0.534985  12.1662  1.49037  -5.84815  25.0587  0.366307  86.6556  4.76009  4.39339  4.54183  11.5351  1.58912  -2.72615  8.78673  -7.33474  2.76082  -0.898897  -3.80163  -3.51152  96.2093  -7.95771  0.86286  -4.64908  -0.439684  -21.1085  -3.56431  -4.74453  -9.98798  -5.93924  -1.31649  -1.01407  -5.67311  -6.91214  -5.07435  -146.288  -66.5784  
-0.600562  293.045  -10.0564  5.03097  -1.8846  4.96847  -0.731472  9.21395  0.591748  -3.23165  38.7438  -0.156009  84.604  11.317  18.8664  6.06308  10.858  0.211423  -0.256106  9.98459  -9.3713  2.73082  -3.56662  -2.73506  -3.14334  -151.619  1.03255  14.0219  -6.93495  -0.257647  -17.3252  -1.16984  -4.17515  -7.9491  8.35919  -0.684599  -3.91734  2.9788  -8.63525  -5.44956  -129.993  -164.026  
-0.057499  22.7942  -2.8088  6.30484  2.09604  7.2037  0.13487  7.29495  -1.36744  4.39155  37.374  -0.862191  17.51  8.43685  19.7433  11.965  8.46585  -0.853493  1.5104  6.36333  -6.90987  2.83103  -4.30819  1.53996  -3.8022  -343.436  4.81552  25.3484  -5.7447  0.865491  8.17803  -0.039368  -0.943197  5.34081  14.0632  1.6569  -4.45317  7.83183  -5.16229  -3.87194  -40.1684  -207.16  
1.10967  -153.213  13.2232  6.42106  2.08388  -5.02243  1.69468  6.81956  -1.43074  9.59994  26.3068  -1.0829  -57.309  -4.30849  7.25227  12.9144  8.30015  -0.836924  0.129222  2.27164  -6.22962  8.33979  -2.87366  6.17213  -3.92518  -327.833  -2.58104  29.7906  -3.37189  1.47236  34.8886  -0.0889908  2.08408  16.1358  5.84077  1.41892  -0.815966  3.96502  3.07391  -1.10905  80.6581  -166.655  
1.38778  -61.5549  33.7965  2.66816  -1.58647  -9.81017  1.95378  7.74957  0.14526  6.72074  8.01288  -0.756966  -82.5877  -15.3127  -8.54203  2.27811  6.91487  -0.241092  -2.05101  2.40295  -8.74799  11.5228  -1.49713  6.55257  -1.35436  -161.262  -11.8632  27.8369  -1.77607  1.22169  37.1046  1.87114  2.74252  14.0336  -6.65003  -5.22047  3.81539  -3.57583  9.69961  0.475663  171.84  -105.622  
-0.00337977  56.8425  41.8728  -0.586832  -4.91639  7.80468  0.0525173  10.9247  0.0315154  -1.78693  -11.2951  -0.40372  -44.7072  -14.1687  -16.3639  -9.57877  -2.48649  -0.230838  -1.72646  5.60563  -9.65499  5.13233  -2.02243  1.87513  3.15676  -16.0052  -7.08902  24.1948  -1.91129  0.371654  10.6254  6.14761  1.54425  2.8952  -6.36592  -20.2438  5.06161  -5.0674  10.4977  -0.349629  175.892  -86.4392  
-1.76021  -11.0634  24.2813  0.960311  -5.60076  33.0025  -2.08578  13.0645  -2.50734  -7.48039  -20.6956  -0.506257  13.27  -5.066  -12.0725  -7.37005  -17.2267  -1.17661  0.874388  6.84589  -4.50037  -5.92991  -2.82838  -3.72199  6.50465  19.1724  13.9867  16.1842  -3.62459  -1.21397  -19.0891  8.03678  0.749681  -5.80938  5.93303  -33.8762  2.92727  1.40794  7.10758  -2.19435  84.2152  -138.261  
-1.99172  -150.882  -2.14974  5.26003  -4.59846  40.4112  -2.09025  5.1036  -4.12392  -4.84746  -17.9437  -0.829304  40.4227  -1.79174  0.438743  8.96603  -23.7597  -2.04716  2.23775  3.03315  2.8203  -8.66165  -1.05334  -5.90212  6.95904  -2.21763  33.2074  -2.21131  -5.17619  -3.01921  -20.0903  3.97299  1.44218  -4.85928  6.65109  -31.4837  0.563636  8.01837  1.34689  -2.59249  -33.1337  -207.29  
-0.666747  -183.743  -2.95996  5.29674  -3.17295  19.3119  -0.268211  -12.6167  -1.58449  2.42511  -15.6459  -0.842773  22.2642  -10.5544  9.55861  21.4816  -14.062  -1.75852  0.562961  -2.32  4.97766  -1.09581  2.57165  -4.89402  5.21174  -7.49509  31.1145  -25.4199  -4.19231  -3.26832  10.4083  -2.97726  2.10313  3.2868  -17.6189  -11.2854  -0.0442068  7.22717  -6.29564  -1.13472  -68.8788  -155.491  
0.358824  -101.725  32.3952  -0.222073  -1.3454  -13.8265  0.83906  -22.4223  3.28729  5.47104  -23.6907  -0.477035  -5.00839  -22.8252  6.99828  16.5086  1.48147  -0.63552  -2.20879  -3.98222  0.613187  6.39216  4.65335  -4.44747  1.93119  3.19644  9.2284  -34.0184  0.218731  -1.02971  38.7655  -6.49162  0.867143  9.79937  -44.5531  9.27824  0.592397  0.722572  -12.8677  0.348485  -16.2487  131.082  
-0.19694  -52.5359  66.3733  -6.66591  0.967565  -30.7452  -0.0949472  -12.315  5.31187  0.449961  -29.8946  -0.178615  -11.8148  -24.2389  -2.4022  -0.765541  5.31327  -0.059405  -2.97854  -1.50463  -2.34204  3.4077  2.82388  -6.45008  -1.97534  -7.05348  -12.1127  -18.9584  5.07289  1.57761  32.9158  -4.74371  -1.83653  7.21387  -41.5859  11.7167  0.314864  -4.30941  -13.1752  0.20982  35.6044  582.04  
-1.47873  -99.199  62.3295  -8.65761  2.81855  -24.037  -1.65557  8.39902  2.29235  -6.54415  -15.6701  -0.296612  -2.06898  -12.095  -3.28943  -15.3415  -5.73649  -0.492494  -1.14553  0.690678  1.8313  -7.81333  -0.822289  -8.98342  -5.00225  -24.2599  -17.6333  2.98855  5.31357  1.51962  -0.454562  -1.93092  -3.40653  -4.22938  -6.33588  1.80784  -1.69472  -4.10157  -7.14644  -1.14702  2.87625  899.925  
-1.79481  -82.9268  33.5053  -6.63083  3.47589  -7.43959  -1.87939  20.4875  -1.92818  -6.47785  6.80976  -0.655701  -3.01197  2.15083  10.2004  -18.4364  -16.935  -0.847082  1.22214  -0.662322  9.02047  -15.7866  -3.08902  -9.01206  -4.63918  1.11811  -10.9114  6.85618  1.00071  -0.797493  -22.4355  -1.76251  -2.46976  -13.3581  27.3356  -0.361777  -4.01415  -1.08378  -3.31473  -2.25172  -72.899  826.288  
-0.761654  126.815  30.5277  -4.42737  2.83706  1.34612  -0.711076  14.244  -2.65497  1.31855  7.60371  -0.747701  -18.3746  7.28122  24.3834  -14.819  -14.7316  -0.120167  2.59093  -4.55111  10.1011  -12.3182  -2.60288  -6.53507  -0.884439  67.105  -6.05623  -8.60781  -1.96655  -1.53865  -11.0958  -3.11551  -0.24792  -9.70137  29.7416  11.5908  -4.45878  2.61538  -7.8083  -2.40206  -97.056  450.289  
0.420273  411.855  61.1622  -3.52422  1.0749  -2.56839  0.386891  -3.84894  0.272716  8.08632  -17.0974  -0.455933  -35.1081  4.89897  19.7563  -10.1268  -2.27848  0.951098  2.96634  -6.78831  1.77531  0.855389  -0.89891  -4.36232  2.91356  100.593  -7.89793  -20.4748  0.773468  1.13158  9.9944  -2.74731  0.686195  4.28275  8.38045  18.6502  -2.29733  6.67713  -13.1242  -1.90738  -43.8435  131.915  
0.687929  402.837  62.0274  -2.3925  -1.69098  -7.84895  0.571731  -19.1069  2.53329  6.34506  -30.3589  -0.159593  -26.3011  4.08458  -4.55838  -6.19152  7.43973  1.0457  2.3653  -5.07174  -9.42911  13.6989  0.0341118  -4.22375  3.31785  62.2245  -9.2752  -13.5536  6.86653  3.91732  7.69944  -0.100732  -0.34467  12.1372  -7.24592  3.48596  0.697659  9.61315  -5.33635  -1.2386  -0.972189  76.1736  
0.263551  -10.5431  -21.1903  -0.255037  -4.35226  -4.87348  0.267147  -22.6267  1.62821  -1.00342  -3.02925  -0.218319  9.08483  8.40168  -26.9219  -3.9934  8.34344  0.401991  0.316863  -0.240008  -13.7526  17.6826  -0.0634034  -4.78212  1.04199  18.089  -3.11709  0.188454  9.76283  2.58745  -16.3938  2.19381  -1.37693  3.93383  0.0334399  -20.7534  1.66285  7.71552  15.609  -0.736369  -40.7601  140.419  
0.00593801  -410.037  -134.587  1.75687  -5.38044  6.88719  0.084184  -13.1129  -0.660248  -4.7022  39.6624  -0.554455  54.9367  12.0034  -28.5001  -6.78613  5.31026  0.507972  -2.38832  4.66077  -6.65644  11.8822  -0.455615  -3.43221  -1.41853  55.0749  6.52212  2.49766  7.02334  -1.68876  -28.4495  1.95521  -0.240068  -10.8921  16.0485  -27.9238  -0.132632  0.43728  31.1466  -0.933743  -125.635  48.1707  
0.198455  -293.126  -166.237  2.59077  -4.36721  17.2606  0.0496433  0.96194  -1.11797  -1.19389  46.6355  -0.743934  77.6647  8.4764  -15.0002  -11.2678  3.90997  1.61405  -3.25682  7.82711  6.77579  5.3791  -0.0219143  -0.140396  -3.31248  123.67  10.4819  -4.0974  1.51591  -3.30281  -10.0231  -0.180815  2.58016  -12.6039  17.7869  -11.0183  -2.71772  -6.78502  22.5551  -2.0757  -140.46  -248.844  
0.329878  226.964  -78.6797  3.63807  -2.50298  19.3806  -0.050408  9.12159  0.179147  3.15652  9.11261  -0.630492  50.5964  -0.300556  -6.31783  -8.8467  2.92137  1.96398  -1.01451  9.5424  14.1856  3.91862  1.21735  2.38856  -5.24182  66.8678  7.08826  -3.76731  -2.56653  0.304189  14.7872  -2.24545  3.8189  3.63334  -1.6255  9.52563  -4.06606  -7.31794  -5.39827  -3.39365  -49.3535  -538.215  
-0.123299  373.532  33.6971  3.74052  -1.29712  13.8296  -0.293132  10.4827  0.584055  1.18203  -27.0527  -0.483346  -9.67455  -7.72646  -8.68175  5.26431  -0.957461  0.274635  1.87621  11.0177  7.54484  5.42729  2.11552  1.91836  -6.92701  -161.988  3.03668  8.5875  -4.4523  4.77  12.5098  -3.04425  1.08158  20.9355  -27.2476  12.8624  -4.28788  -1.12294  -28.3724  -3.51327  69.5696  -640.994  
-0.998237  -256.718  67.484  0.0267344  -0.0380005  5.7909  -0.684554  13.0619  -1.47154  -5.41899  -19.5363  -0.539796  -49.2494  -8.4471  -10.1206  19.5159  -5.43171  -2.14685  2.01093  11.8232  -7.33322  3.87314  1.6029  -0.714228  -5.96377  -380.551  2.96674  19.5597  -5.07505  4.30924  -13.6696  -2.69305  -4.29714  19.4992  -35.963  0.56753  -3.56104  5.25583  -26.8351  -1.83837  127.621  -590.748  
-1.50953  -993.868  34.3866  -8.03266  1.31708  0.893888  -1.04067  16.2219  -4.12258  -8.46653  18.1415  -0.675928  -32.274  -2.59014  -0.116517  19.0631  -4.96326  -2.77078  -0.979494  10.1015  -15.3023  -0.0779388  -0.478206  -2.82582  -1.94735  -358.169  3.33826  17.4183  -4.62662  -1.16459  -24.7056  -1.48106  -7.6709  -0.0443662  -23.2512  -10.3202  -0.92767  5.98201  -4.71798  0.498912  94.9721  -484.743  
-1.05259  -841.331  26.0875  -13.4836  2.14883  -1.43259  -0.888942  7.9867  -5.32817  -4.05219  38.6859  -0.605198  13.1106  5.7359  13.8072  2.52378  1.19075  -1.11582  -3.61711  5.47317  -9.2074  -0.3496  -2.69668  -2.95227  2.59856  -99.1823  -2.41602  6.64881  -3.28486  -5.74644  1.41802  0.516316  -6.08781  -16.3728  -2.32376  -9.9488  3.46742  1.7824  16.3894  1.63435  32.3207  -308.731  
0.131345  204.274  72.3965  -9.18503  0.506099  -3.15515  0.0580004  -14.1117  -3.9246  2.73661  22.5413  -0.31243  30.8065  10.7317  15.5549  -12.9977  7.61858  0.776755  -2.75884  0.0849886  1.75484  4.23116  -3.21522  -2.06004  4.52741  153.542  -11.5324  -1.75071  -1.82556  -4.69419  39.0165  2.44634  -1.39167  -12.3456  12.4177  -3.43853  7.08365  -2.34138  19.5724  0.527511  5.54835  48.7611  
1.06813  980.383  106.402  1.66093  -2.52138  -6.89689  1.1869  -29.8791  -0.676814  5.12799  -9.07301  -0.0906974  6.50018  9.30792  3.24257  -13.4053  8.98775  1.10631  0.623407  -3.28005  3.86596  5.73014  -1.78401  -1.73518  3.51031  217.42  -14.8685  -5.43524  -1.25199  0.033508  42.162  2.57131  1.90053  5.45971  22.4246  0.707938  6.57019  -3.16554  7.85328  -2.13006  -5.1845  509.675  
1.03455  573.989  71.5654  7.04857  -4.32372  -7.95359  1.42962  -20.2924  2.76832  2.69609  -22.8431  -0.115469  -18.1267  3.46644  -10.233  -1.33851  5.87974  0.312881  3.16073  -5.03612  -3.38955  -0.788928  -0.0498261  -2.47951  1.9226  160.395  -7.04499  -6.27995  -0.830074  3.1417  0.674741  -0.025878  2.09285  15.697  31.1434  -0.828876  2.58584  -1.17557  -1.52118  -4.35602  -32.8922  799.529  
0.256972  -469.415  2.48841  -0.327146  -3.558  -3.78978  0.527229  1.929  4.15682  0.140434  -12.4076  -0.281758  -3.13584  -2.09309  -12.6254  7.037  2.78235  -0.129901  3.01941  -7.27527  -7.05471  -8.30386  0.87183  -3.50208  2.02735  158.376  4.71876  -4.36851  0.435397  2.24093  -43.7154  -3.7262  1.66383  6.51307  32.4274  -2.78916  -1.26438  2.01737  1.70911  -4.48999  -72.9888  614.026  
-0.42373  -820.632  -35.0537  -12.1058  -2.52589  1.36664  -0.576245  12.8265  2.4905  0.229191  6.52459  -0.410182  32.1584  -5.0986  -4.58461  1.70352  2.90349  0.168402  1.04375  -9.90898  0.875159  -7.72641  1.07566  -4.20973  3.95557  242.399  9.72326  -0.0292443  0.927377  -0.0974434  -42.8644  -5.16587  2.97228  -9.10299  17.466  0.144081  -3.03492  5.29168  11.222  -2.72833  -84.6867  60.2529  
-0.524935  -14.8722  -32.9779  -14.287  -3.70516  1.76354  -0.899261  11.9635  -0.684645  0.921793  14.1707  -0.536933  45.3823  -6.32501  5.58478  -10.9483  5.86474  0.508508  -0.676267  -8.60867  12.8838  -0.0859836  0.835074  -4.67169  6.11385  296.826  4.82033  2.53143  -1.16327  -0.707636  2.39218  -3.32731  4.34114  -10.4676  -5.29078  8.17994  -3.71476  7.05649  11.7248  -1.3179  -33.3454  -386.738  
-0.308245  969.713  -27.3189  -3.85679  -6.78496  -2.36102  -0.503306  17.8016  -2.14036  -0.160722  6.41182  -0.748785  26.1945  -5.55215  11.8276  -17.2593  8.39497  0.415063  -1.31128  -2.32347  15.7401  3.86491  -0.0594415  -5.13145  5.97402  271.709  -3.03039  1.34264  -3.978  0.496466  44.016  -0.518384  2.48786  5.77719  -16.6832  15.2813  -4.39302  5.01671  -1.65201  -2.057  28.7965  -342.641  
-0.235493  987.26  -29.4797  7.43056  -8.82959  1.12153  -0.132431  30.2659  -0.973723  -1.88546  -10.1104  -0.891954  1.55443  -1.34898  13.2464  -12.804  5.93066  0.133368  -1.08595  4.62606  6.2018  0.245289  -1.40938  -5.33189  2.61941  247.789  -7.04323  3.63437  -3.03194  1.10358  43.0545  0.809812  -1.74036  20.4597  -14.6342  13.2666  -4.05111  -0.976612  -16.9941  -4.04455  23.6457  16.2785  
-0.423935  81.7282  -20.675  7.44496  -6.61817  13.7157  -0.211605  27.1807  0.348052  -1.81305  -21.9531  -0.82107  -12.3735  4.6272  9.3823  -6.19198  -3.95961  -0.141034  -0.520193  6.13405  -4.87449  -2.73349  -1.83426  -4.62346  -1.80236  276.689  -7.79907  14.6754  2.24709  -0.000122615  10.0368  0.934045  -3.60672  17.3125  -15.1359  2.59057  -2.40038  -6.11588  -20.0613  -4.44082  -44.6557  167.903  
-0.685038  -702.137  -2.02273  -1.82204  -0.7488  18.1064  -0.541281  3.7212  -0.644582  -0.148623  -23.0286  -0.821024  -16.4878  6.75244  2.09744  -4.45618  -17.5814  -0.529979  0.155464  2.66054  -5.64687  1.81853  -0.293227  -2.88413  -3.64469  257.462  -8.41126  26.4726  5.33778  -1.76376  -15.9264  1.72591  -0.786644  3.39968  -24.4492  -6.79999  -0.69682  -4.76523  -10.1737  -2.24388  -94.9888  -109.38  
-0.760369  -645.672  -3.10137  -8.21761  4.87213  -1.258  -0.684734  -13.5768  -2.64346  0.396577  -14.5575  -1.33658  -14.5211  1.67767  -4.73505  -7.61012  -25.3359  -0.783537  0.891275  0.860183  4.25754  9.51449  1.89682  -1.03816  -2.4298  76.5915  -6.21775  24.959  0.86765  -2.56455  -18.2251  3.14586  3.22742  -1.49954  -22.0086  -7.35096  0.685363  2.70756  0.168507  -0.0293606  -61.1552  -458.168  
-0.582245  -115.664  -33.4009  -4.85657  6.57028  -32.9829  -0.502554  -7.7395  -2.67075  -1.3835  -3.62196  -2.03941  -3.14165  -6.20294  -7.75552  -9.03555  -20.1333  -0.422049  1.38834  3.35016  14.3468  12.223  1.4057  -0.57671  -1.07344  -201.788  3.05258  12.0874  -7.47819  -1.96012  -11.8308  3.34265  2.95948  9.35878  5.93548  -2.78659  2.53185  8.46749  1.88458  -0.729197  27.926  -389.424  
-0.301243  190.297  -63.5676  1.96798  4.25036  -43.2939  -0.207031  2.58633  -0.319595  -3.77213  3.37013  -1.68205  12.6823  -10.0426  -6.9183  -6.83992  -4.66067  0.316375  0.717373  5.7964  13.5233  9.35764  -2.02897  -2.083  -2.54906  -376.316  16.5794  7.74044  -10.889  -0.356779  -10.6433  1.51966  -1.85353  20.2302  36.049  -1.63878  5.02147  5.6265  -0.852184  -4.04572  99.9012  65.3288  
-0.248397  134.528  -67.2597  1.9395  0.825334  -20.1709  -0.202053  -6.75053  1.16023  -4.0806  9.64955  0.194771  16.7029  -8.64983  -3.76253  -5.10018  10.1436  0.453368  -1.51969  2.54745  1.21494  8.47931  -4.78235  -4.46295  -5.5997  -351.937  21.9314  20.4856  -5.93466  1.4026  -6.22387  -0.816879  -5.99643  14.8222  32.2483  -4.48015  5.11408  -2.90484  0.057216  -6.55286  107.941  447.481  
-0.569678  81.6812  -53.1131  -5.48698  -0.932361  10.6876  -0.587056  -23.632  -0.141019  -1.40531  19.2357  1.74121  1.5558  -4.62489  0.107078  -4.40299  15.1585  -0.455742  -4.09478  -4.50391  -12.504  12.5641  -3.98461  -5.41866  -5.51448  -229.098  12.787  28.1898  0.548138  2.45179  12.4505  -1.8076  -5.66404  -3.79958  -1.86069  -1.72952  1.22951  -6.96473  3.01028  -5.62515  97.3644  430.025  
-0.832764  195.024  -38.1383  -12.6318  -1.28218  14.9504  -0.740398  -22.4693  -2.41146  3.12059  30.6219  0.251181  -16.6186  0.384209  3.53124  -3.09111  9.94288  -1.35922  -4.24879  -8.61101  -16.501  14.2391  -1.17666  -3.62896  -0.186986  -147.451  0.00717823  4.83015  1.80927  1.59549  35.722  -1.04091  -3.10296  -17.7934  -20.2271  9.2903  -3.57369  -1.39501  0.323993  -2.20492  87.2064  158.197  
-0.417674  200.262  -18.0244  -11.9356  -2.26655  -4.76916  0.0512741  -4.3217  -2.36791  7.04365  33.5987  -4.0745  -22.4449  6.41278  5.44703  1.13136  1.06828  -1.0078  -0.983507  -6.41955  -9.42484  5.45844  -0.579607  -0.0738278  7.29657  -124.53  -0.825337  -41.9716  -0.624372  -0.858553  40.9446  0.411953  -2.34939  -16.7571  -2.94906  16.9762  -4.77611  7.38242  -8.50451  0.848258  61.1422  -43.9311  
0.620321  -18.4634  11.8956  -4.61448  -5.13023  -17.3889  1.4802  5.1253  -0.0405505  7.94357  22.1424  -6.66591  -10.4846  9.64339  5.27885  4.01859  -3.98815  0.253408  3.06781  -0.614347  -1.15375  -9.40501  -2.41343  2.37797  10.5428  -83.6912  8.03096  -72.835  -0.684677  -2.97471  22.0357  1.61974  -3.31604  -5.57751  16.3544  10.8002  -2.97432  8.59576  -12.8424  1.92431  -1.82263  -42.1496  
1.54354  -152.609  32.5436  3.17416  -7.76258  -3.63605  2.35621  3.50622  1.71776  5.20816  -1.12901  -2.99899  13.7414  5.06344  5.42972  0.689887  -2.03391  0.94781  3.87428  4.44604  -1.16966  -16.5014  -2.49617  1.58048  6.69776  0.573229  8.25592  -62.1918  3.50333  -2.51662  -6.93469  2.52888  -1.97994  4.3965  -1.80236  -4.74952  -2.10172  0.255542  -4.67105  1.53462  -71.3619  11.9785  
2.00518  81.2183  25.535  6.86174  -6.94706  21.7217  2.24807  9.4727  1.73928  1.12913  -21.1726  5.57078  34.3362  -4.4339  6.99621  -6.14879  3.63303  0.721733  1.87576  7.78684  -6.52438  -9.02846  1.44774  -1.62149  -0.539129  61.0206  -6.02077  -24.6385  7.3149  0.509009  -28.1495  3.85302  2.9196  7.68051  -44.4103  -14.2048  -3.52791  -8.34189  8.09232  0.793356  -90.7053  -13.7602  
2.62929  508.339  5.98545  7.11229  -0.720316  30.6548  2.31417  23.952  1.71931  -0.637017  -23.0707  11.9776  24.8997  -7.33431  6.53577  -9.81389  5.73554  1.07137  1.49584  10.2286  -5.36339  4.4942  6.19055  -4.18743  -4.65007  38.0743  -13.334  6.6354  7.47149  3.85001  -32.4818  6.63687  6.94215  5.88976  -59.0597  -10.7665  -3.17933  -6.80911  9.23019  0.175814  -60.7554  -124.134  
3.82193  651.031  6.50524  4.99297  8.51579  15.0487  3.52493  23.1448  3.46136  1.04683  -9.21946  10.8673  -21.5061  2.82261  1.06682  -8.14499  0.643834  2.95371  5.43115  11.3536  7.09667  11.3516  7.13048  -4.11665  -2.40849  -44.596  5.78333  15.5392  5.12396  5.12612  -22.5426  10.2876  5.70664  1.62846  -22.8587  -2.90718  1.7693  4.29224  -5.4569  -0.450529  -36.2014  -213.867  
4.50055  411.177  23.7644  2.1984  13.9514  -6.08631  4.63513  2.89698  5.329  3.42923  6.66437  4.73938  -66.4429  16.1105  -6.08994  -4.08853  -6.48535  4.68408  9.75229  9.89991  19.7986  7.22382  4.19586  -2.4791  2.2467  -107.48  34.0441  8.65876  3.34851  3.97736  -8.11581  11.7459  0.790953  -1.95399  27.3387  0.989006  7.35225  14.2627  -20.8753  -1.10688  -36.2918  -232.968  
2.94199  65.5974  22.4969  -0.242304  9.97985  -11.0318  3.23923  -9.30995  3.96678  2.89146  9.64013  0.444718  -54.2488  16.0909  -6.85588  -1.67955  -6.89687  3.44152  7.73072  5.52294  16.6729  -0.643568  1.32388  -2.00348  3.22431  -100.104  33.9845  -1.2001  2.17745  1.69845  0.603869  7.53973  -1.9774  -2.55544  38.0154  0.596556  7.12391  13.1379  -18.2889  -1.5856  -37.4183  -161.948  
-0.881988  -149.164  -11.5186  -2.27085  -1.82821  2.68635  -0.949074  1.54715  -1.04184  -1.11997  -1.40207  0.504722  20.0911  0.301588  0.0897416  -1.56067  1.01536  -1.00251  -1.48693  -0.437313  -3.15711  -7.05457  0.62994  -3.50973  -0.834168  -37.9011  -2.68584  -8.14968  0.572121  -0.751661  1.5172  -1.76305  -0.535352  0.319331  1.80879  0.0217454  0.255907  1.4689  3.27987  -1.78285  -17.6751  -30.5936  
