-0.837076  1.65848  -14.7599  4.19469  2.32188  -0.518876  2.48968  -5.08289  -0.174564  3.49965  -0.812844  0.919433  1.83798  0.668306  -1.25793  -0.0506561  1.27732  2.28374  0.420791  -1.02464  2.23674  0.152165  22.2645  0.156615  0.416795  -1.10015  1.26218  0.626023  -3.47974  1.00288  22.6762  -2.57037  2.00298  5.64373  -2.6179  -0.805637  16.9412  15.9531  -0.803857  6.24861  0.587209  1.06095  
-2.5029  -6.87697  -23.558  -8.4941  -8.41951  -8.00872  -2.80667  35.5949  2.61449  -6.97922  -5.38119  15.7438  -2.37156  -5.16912  -4.37092  -7.55649  -3.46351  -5.30928  11.6895  0.327449  -0.239389  -5.21999  16.5101  -4.30639  16.6766  -2.46244  -1.18503  -1.98198  39.1359  0.545688  -61.3464  9.6552  16.15  5.65566  -5.22978  -9.60266  86.0559  -22.6132  -2.79129  26.66  -0.631515  -6.01254  
-3.03527  -10.1643  -43.0232  -15.9091  -8.98021  -7.25393  -2.08376  51.2357  0.34123  -16.2434  -8.75703  20.545  -8.56207  -3.96369  -5.92742  -7.83444  -4.58255  -8.35248  11.4759  -0.0744713  -5.0803  -8.53622  1.21143  -6.03926  8.56095  -2.83149  -5.136  -1.20685  47.543  -2.12305  -76.9924  13.9775  4.82516  12.4774  -4.51756  -5.8452  43.4444  -46.6147  -4.0362  24.3643  -2.68902  -7.25459  
-1.81171  -7.52782  -68.7174  -16.083  -0.0242489  0.669771  3.65574  38.1195  -4.34595  -22.2252  -7.09506  14.5886  -11.5698  1.76075  -4.56133  -1.1186  -2.1062  -5.78588  1.33334  -1.23291  -10.7054  -9.26636  -19.3204  -4.66913  -17.8708  -1.59335  -7.42075  1.71353  24.3478  -5.03361  -40.0203  11.7363  -15.5717  21.7131  0.689474  6.42518  -73.4903  -49.0235  -2.71695  7.7462  -3.70134  -2.5875  
0.57759  -1.92637  -77.1341  -11.9078  8.31706  6.26631  8.67774  17.928  -5.18781  -23.2249  0.311061  6.14833  -6.35417  4.05886  -0.293768  6.57759  0.866651  -0.495614  -6.34729  -1.16231  -13.3071  -8.33079  -23.4414  -2.10095  -34.1637  0.746613  -4.25964  3.06731  -4.39851  -4.40282  -21.6954  9.62254  -10.9827  24.7168  7.93364  11.5841  -130.767  -52.2366  1.07662  2.94686  -1.48469  2.7926  
2.54734  4.12131  -53.6555  -6.81335  7.77228  3.14528  9.84129  12.9946  -0.803422  -18.4557  9.95185  3.11903  3.77393  0.417734  4.3341  10.0508  1.72082  2.41865  -3.91302  0.842125  -11.0521  -6.3433  4.2518  -0.191345  -25.8718  2.65759  2.97921  2.49598  -16.1986  0.2237  -45.5667  9.52219  13.0099  20.4927  13.6076  -0.114397  -71.6467  -89.3998  3.15638  17.2558  2.89579  3.16711  
3.0055  8.15189  -10.8208  -4.53789  0.803765  -4.17377  8.33659  21.4625  3.85277  -7.37442  14.5559  5.6043  8.33826  -3.85863  6.34158  8.59252  0.596451  0.257854  2.76794  3.71832  -6.96729  -3.76773  46.3063  0.989364  -4.8557  3.07461  7.38234  2.37672  -11.8165  4.69728  -65.0438  7.81331  11.3839  14.1882  14.0092  -19.3966  28.3976  -132.75  -0.621705  30.6626  5.65232  -0.995752  
2.43574  7.01698  16.2378  -6.57473  -3.82089  -6.165  6.0273  17.6912  5.06737  6.40145  12.1954  8.31613  3.65173  -4.00961  5.43314  4.12548  -0.551553  -4.08638  3.51605  6.2151  -4.81704  -1.09817  63.4136  2.34013  8.74981  2.52461  4.18032  3.30576  -1.11927  4.94153  -38.8948  2.88647  -33.5042  7.30396  8.43175  -29.6651  54.1143  -106.028  -7.68442  25.7078  4.79986  -4.46247  
1.99188  0.236813  3.6036  -11.5376  -0.477623  -1.36707  2.84485  -14.3568  3.57399  14.4689  7.52574  7.73715  -2.08172  -0.926152  4.11943  -1.44456  -0.480292  -4.73571  -1.69777  7.5645  -5.60875  0.927732  45.7011  3.87874  10.7929  2.16035  -1.84997  2.99355  10.6569  1.24489  16.8236  -1.87025  -70.847  -3.06049  0.525755  -23.854  -5.50286  3.35574  -10.2756  9.35545  2.35602  -4.02008  
1.87905  -6.86378  -38.5016  -13.751  6.70734  2.30468  -1.07587  -52.2284  1.03827  10.5221  5.20133  5.67868  -0.297098  1.47744  4.36391  -5.45608  0.482221  0.853984  -4.18589  6.97657  -6.33535  2.35428  33.9782  4.12462  8.46389  2.10277  -2.38267  0.969879  22.1611  -2.68502  52.417  -3.47665  -37.7471  -14.8233  -3.96329  -14.5254  -67.4919  92.2348  -5.79974  0.0838184  0.546043  -2.51366  
1.40167  -6.89294  -74.005  -11.6239  9.13202  0.221454  -4.08428  -56.5104  -2.41376  0.0128192  2.62341  5.35917  6.7676  1.98516  4.68776  -6.09877  1.24127  7.30789  0.407859  3.98222  -4.04558  3.54621  57.1001  1.92615  7.85603  1.58989  3.8043  -0.572404  28.5771  -3.68488  49.1756  -2.82741  53.7622  -19.0245  -2.28962  -17.2299  -62.5209  62.5291  -1.56049  3.03908  -0.61122  -3.67405  
0.382646  0.479156  -74.1202  -7.87533  2.40509  -2.32097  -5.35759  -21.7568  -5.64081  -4.45292  -4.32172  6.41303  8.75859  1.91151  2.40403  -4.74407  1.37393  6.40071  5.55715  -0.0537008  1.11895  3.85439  81.9427  -1.64256  7.76494  0.521454  8.22319  -1.3443  25.2721  -1.48304  27.2831  -2.40644  121.896  -12.5391  2.60423  -32.0987  -6.73484  -27.309  -4.21554  8.42773  -2.22995  -5.71838  
-0.34932  6.75368  -45.6635  -7.1775  -8.25074  0.966108  -6.48816  16.5676  -5.84312  -0.0887419  -15.048  5.63019  2.47689  2.15365  -1.8792  -4.38733  1.31264  -2.52729  3.50938  -2.8655  6.82985  2.74353  57.4774  -3.93319  4.26433  -0.166031  3.77977  -3.97329  15.2761  1.86516  9.08496  -2.56864  109.672  -3.46648  5.40527  -42.2625  33.3813  -26.2088  -7.53796  9.34338  -3.11003  -3.86171  
-0.142821  4.4859  -28.4602  -6.8709  -13.1364  6.18654  -9.05328  24.2881  -2.62795  1.71344  -21.1885  2.47791  -3.73778  2.11799  -4.61925  -4.79735  1.70804  -10.2301  -3.04571  -3.20747  11.1174  0.293239  -4.54287  -3.09252  -5.6783  0.114504  -5.65563  -8.87403  7.73279  3.8629  1.6566  -2.1432  49.5973  -0.249031  3.26923  -29.9128  16.2262  85.0273  0.928886  9.38131  -1.01547  2.39075  
0.571271  -3.14299  -50.6225  -0.275111  -7.52992  4.29002  -12.0434  11.8471  0.393544  -9.15787  -16.3795  0.0193756  -2.53969  0.74211  -3.53942  -2.35318  2.71796  -7.13171  -5.62327  -1.79286  12.86  -2.46661  -39.3528  -0.231586  -19.5594  0.78181  -10.0573  -11.3878  4.03964  2.77751  2.61614  -0.747256  9.74663  0.110341  -3.09575  5.26109  -28.7045  151.942  20.9309  13.0145  3.10606  7.97506  
0.948593  -6.11774  -88.4288  11.6999  3.66752  -4.9474  -13.342  8.57244  0.375021  -23.0403  -3.68369  1.18696  2.03035  -1.25112  -0.227953  3.57548  3.82688  5.4517  -1.67526  0.0270376  11.5022  -4.44596  -24.0819  1.76031  -26.7543  0.971352  -5.51699  -7.22089  -2.43003  -0.501283  5.8579  0.946555  10.161  5.86784  -9.47657  42.1033  -47.6916  49.3366  35.092  17.6202  5.53269  8.27252  
0.830789  -0.655681  -80.8334  16.6618  11.1183  -10.6438  -12.6387  14.8732  -0.938809  -20.4967  7.09364  4.23721  1.97175  -1.73623  1.10893  7.03425  4.41003  15.7895  3.3641  1.84881  7.01527  -5.21981  -6.83804  1.10214  -18.332  0.720868  2.20107  0.0319843  -16.8764  -3.44214  -0.428572  3.072  18.1828  16.4265  -10.5044  61.1366  -21.061  -132.181  28.6693  19.3369  3.34908  3.82781  
0.692047  6.39127  -1.02715  6.89455  10.5979  -5.8511  -10.8912  8.82286  0.129621  2.25183  9.63841  4.66125  -3.60514  0.314909  -1.05149  3.57717  3.94701  14.2693  3.71774  2.87167  0.947202  -4.64555  -36.8944  -1.08619  0.459744  0.63803  5.35293  3.15253  -33.7551  -3.40742  -15.8337  5.47097  7.08193  22.3773  -3.97951  61.2536  15.4335  -187.22  7.62703  19.902  -0.599055  -1.17551  
0.77053  6.23197  96.6921  -5.96474  5.93188  3.51177  -7.90742  -12.9899  3.99851  25.4864  5.99479  1.08317  -7.44994  2.57087  -5.1533  -1.77213  2.22451  2.67478  -0.0703272  2.13924  -3.91715  -2.81338  -85.5774  -2.28513  8.13759  0.868444  2.84275  0.521975  -39.0165  -0.688235  -18.892  6.68233  -13.1086  19.3822  5.68213  55.0936  13.8927  -71.699  -9.70907  22.2914  -1.78526  -3.22607  
0.78747  -0.295461  124.721  -4.02939  2.11039  5.86271  -2.93539  -18.8919  7.30398  28.634  1.98172  -3.00384  -4.70379  1.82125  -7.78543  -0.0557076  -0.244363  -8.01982  -3.58651  -0.106221  -6.80575  -0.564622  -92.1519  -1.45885  -6.93986  0.95386  -1.57399  -2.03449  -26.6733  2.22456  10.0984  4.62654  -24.3529  12.0835  9.84168  48.6065  -21.8863  43.9468  -13.6162  22.6268  0.626014  -2.11268  
0.495739  -4.16141  66.5985  13.6424  -0.627812  -0.563908  2.74316  7.92222  7.44241  15.3675  1.76683  -3.1495  0.853741  -0.929222  -6.685  8.12023  -2.20059  -8.97969  -3.82353  -1.59871  -9.19673  0.92392  -47.549  -0.0462868  -24.6125  0.606099  -4.76519  0.439684  -2.635  2.80585  52.603  -0.0558904  -26.2916  5.87426  4.15748  34.1085  -47.166  -6.9014  -8.20911  14.1015  2.55938  -0.146053  
0.0800789  -0.442658  -6.3639  26.7604  -4.8305  -7.22169  6.34076  37.1774  5.38342  7.77076  4.49564  0.591341  2.62924  0.213195  -2.32754  11.9629  -2.72956  -0.476485  -0.287218  -0.532024  -11.2527  1.31781  -7.09819  -0.0344297  -14.5329  0.0931529  -5.39202  4.93674  17.0784  0.764881  63.7116  -3.50172  -27.5746  1.45058  -4.91789  6.28375  -34.3624  -170.122  -1.06664  -2.25907  0.475127  0.465741  
-0.13564  5.10946  -31.2711  20.2956  -9.10036  -6.78568  6.76638  27.2844  3.16318  17.2058  6.78674  4.44965  0.571776  7.33314  2.2981  5.08922  -1.96254  8.42436  5.88006  2.02043  -9.47239  0.97705  -9.35828  -1.55966  23.0241  -0.195197  -2.91898  6.29295  21.7608  -2.28149  25.2011  -2.15361  -26.531  -1.14026  -7.3003  -24.8733  -4.20423  -261.181  4.44685  -15.8166  -3.64732  -0.939376  
-0.0928458  3.97766  -22.2702  4.83189  -8.45349  -1.3229  6.09027  -9.82169  1.13079  27.9492  4.42772  5.17321  0.143042  12.9445  4.05315  -4.81357  -0.435527  8.67842  10.2055  3.4304  -2.06717  0.616109  -29.586  -2.93601  47.5842  -0.18514  1.99522  2.90757  12.1713  -3.88546  -27.113  3.10692  -20.4145  0.960306  -0.860468  -41.2137  12.0547  -195.162  5.52634  -18.1944  -4.67992  -3.06804  
-0.0562745  -3.36469  -31.4466  -0.431504  -1.71453  2.15067  5.52289  -26.1603  -1.06542  18.131  -2.75097  3.32088  5.53832  6.39573  1.80758  -6.2191  1.64048  0.0886364  7.79248  2.41371  6.21748  0.103806  -28.4097  -3.00249  26.9948  -0.0984188  5.83283  -1.97303  -1.20161  -2.62781  -49.8553  7.24928  -11.8206  7.65399  6.97976  -36.0614  13.7222  -71.4671  -0.33251  -11.2871  -1.02266  -4.25791  
-0.232071  -7.30176  -57.8452  7.68576  5.25294  0.85323  3.71344  -2.62185  -2.84739  -7.85161  -10.7239  1.6881  13.0657  -11.0538  -1.86001  0.392152  3.68165  -8.333  -0.705288  0.671747  8.0154  -0.716716  -1.31025  -2.39107  -19.6532  -0.132305  4.92369  -5.37135  -7.39135  0.82525  -38.1757  6.01461  -5.45503  12.0742  7.74697  -19.397  22.8946  5.81988  -9.63142  -0.423398  2.64136  -4.13937  
-0.506934  -1.64951  -54.0537  14.4712  6.55016  -1.29794  -1.00906  23.1899  -3.82619  -17.5556  -13.774  1.86654  15.6466  -24.2628  -3.8349  3.31261  3.88876  -7.55865  -6.95441  -0.11367  2.03908  -2.06904  18.6552  -1.96701  -41.2889  -0.291096  -0.227624  -5.29604  -3.64663  3.89207  -17.0877  0.0559134  1.50337  8.63754  1.01159  -4.11891  37.8915  60.9533  -13.7018  14.1999  2.14796  -3.39471  
-0.587893  8.07828  -3.90461  9.78748  3.56338  -0.552972  -6.64536  14.3327  -4.51586  8.37571  -9.09415  3.11509  9.54628  -20.6956  -3.38236  -2.74893  1.09814  1.28626  -4.3929  0.126285  -4.09206  -3.16905  12.511  -1.35082  -21.0131  -0.450915  -3.77596  0.92616  6.87159  3.78322  2.1207  -5.41569  13.0956  1.91921  -5.81479  6.28347  39.4498  172.048  -9.19695  33.0196  -1.07761  -2.2265  
-0.350083  11.0094  38.6169  -1.23484  2.17135  1.93449  -9.1938  -13.9123  -5.39066  44.6937  -0.408599  4.06308  -2.88407  -5.43314  -2.59285  -8.83919  -2.88588  8.32427  3.28873  0.496632  -4.33235  -3.19105  -3.90716  0.476323  3.85151  -0.466573  -1.88153  12.3149  11.4325  0.535405  26.7546  -5.03196  23.0554  0.262951  -5.30327  14.5928  28.317  303.145  -2.38002  46.06  -2.03802  -0.178559  
0.0197406  4.01022  27.5763  -8.09444  3.45488  2.3274  -7.3029  -19.9875  -5.03415  45.5429  5.38198  3.51851  -14.9168  5.46221  -3.47603  -4.09642  -4.09688  6.66926  6.58163  0.754912  -0.841694  -0.903085  -3.18773  2.95236  -4.57449  -0.276106  1.98196  22.141  2.83519  -2.90963  52.9267  0.963108  22.4073  3.85449  2.41897  21.2463  35.8979  340.851  0.78057  37.8321  0.517897  2.33393  
0.265008  -4.98678  -12.5528  -10.6444  2.51984  0.779376  -3.24247  0.724353  -2.17116  1.77171  4.43959  1.0586  -19.4897  4.76907  -5.24529  8.57974  -1.08147  0.267769  1.92496  1.76241  0.534431  2.74952  19.2293  4.21878  -30.3345  0.0394747  2.01543  20.7936  -12.2106  -3.53747  59.6288  7.23522  12.6897  4.83617  8.67857  21.244  70.9946  244.109  2.06593  7.60588  2.27412  4.03716  
0.344514  -6.39418  -24.3261  -14.4919  -2.88456  1.34967  0.0289254  12.1985  1.38449  -45.0024  -1.29117  -2.29135  -15.7936  0.408213  -5.01324  14.6976  3.23265  -2.39254  -4.73506  3.24803  -0.0527587  5.32541  41.1004  3.30725  -26.2285  0.326997  -2.11704  6.06591  -17.6125  -1.02329  39.3336  7.53307  1.64592  -0.398305  4.69941  12.4758  94.2556  93.4935  4.27299  -22.4059  0.396224  4.35611  
0.36114  0.072892  0.992584  -17.8546  -6.30748  5.39616  2.01056  -4.11099  2.50217  -54.5048  -3.92875  -3.86232  -8.3975  2.01969  -1.50753  6.92982  5.23449  0.464469  -6.99809  4.71734  1.97862  5.28568  38.3109  1.45547  16.6319  0.424214  -4.49867  -11.5952  -5.55596  2.08587  11.8837  1.08771  -8.29197  -4.61076  -8.07771  -0.148009  65.7948  -8.37524  4.33104  -28.8568  -2.42183  3.59252  
0.360767  6.11217  26.1637  -15.5982  -1.40621  7.49233  3.78325  -21.1385  0.716772  -34.2739  -0.169361  -1.64461  -3.98629  7.3769  2.84673  -5.58233  4.6627  3.04183  -4.56985  5.70534  6.57212  4.15879  11.6287  0.192357  53.5622  0.324026  -1.39074  -19.1762  16.124  3.18496  -4.97163  -5.86221  -17.5613  0.0683692  -17.3817  -9.74708  -4.52249  -53.95  -1.18779  -13.8412  -1.75139  2.6337  
0.231446  5.57861  16.3631  -7.12948  7.9914  1.86938  5.81115  -10.3203  -1.84911  -19.6487  6.4576  2.93392  -3.86298  6.22006  4.6089  -9.07905  3.5512  1.352  0.288316  6.22941  7.71421  4.25041  -10.5874  -0.579885  46.988  0.118389  3.77098  -13.0413  27.1072  1.64973  -11.2592  -7.05016  -23.1536  9.93679  -13.5746  -14.057  -61.1312  -72.2138  -6.97726  -0.77914  1.4896  1.81478  
-0.0634356  -0.00222415  -17.6212  1.61452  10.405  -7.87818  7.12311  11.5278  -3.81517  -21.2739  9.58111  5.84042  -3.70932  -4.41142  3.41148  -1.64373  2.74144  -1.18638  5.99195  4.86126  2.63011  4.21937  -6.68518  -1.94116  12.9002  -0.0473252  4.69894  -2.77443  19.1861  -0.950895  -16.3912  -3.02477  -16.3586  12.92  -1.74426  -17.393  -78.609  -62.772  -5.20674  -4.44905  3.01477  0.757084  
-0.353181  -4.22409  -44.3648  5.3583  1.3904  -11.47  6.07581  10.6306  -5.66493  -19.0546  9.39166  5.25731  -1.03982  -14.9707  2.39977  6.11954  1.51621  -0.0910571  11.4214  0.324919  -3.19243  1.3179  14.9802  -3.91032  -2.75848  -0.0884775  0.511454  -0.19098  5.30432  -2.51087  -13.8405  0.400797  1.77155  5.03531  4.48924  -24.6795  -76.659  -16.8702  2.00009  -14.6288  1.81849  -0.613455  
-0.443975  -4.11343  -47.3836  3.01591  -9.81053  -5.17322  2.57405  -13.3014  -6.58118  -2.93781  10.86  3.84929  2.56871  -14.4106  4.34133  5.02868  0.361856  3.76138  12.6923  -5.80508  -3.43542  -3.08942  26.1335  -5.24688  14.9033  -0.0629686  -3.20105  -6.23919  -0.475912  -1.67207  3.18263  -0.896241  16.6203  -4.57215  0.0422002  -29.1217  -72.393  32.2128  5.09997  -13.8029  0.758825  -1.98034  
-0.278386  -1.66525  -30.0464  -1.83924  -10.9736  2.67563  -0.85299  -24.708  -3.64845  8.18005  15.6037  4.68951  5.89359  -2.97648  7.16048  -2.92394  0.745867  5.36725  8.01219  -8.60439  0.372187  -3.45054  13.2294  -4.88428  38.7839  -0.0422552  -1.87177  -10.6248  -1.4265  1.47569  27.2626  -4.23873  12.035  -3.99144  -6.31983  -18.8621  -58.7659  27.4952  1.76243  -1.24874  1.52606  -2.64263  
0.0130642  0.197713  -7.44455  -5.60999  -1.90134  2.2994  -0.926623  -4.70056  2.59148  2.75649  18.2097  6.68689  11.6351  8.11226  5.95663  -9.24835  2.26349  3.20194  1.64442  -5.25969  1.67383  1.56126  -9.32567  -3.00125  40.5011  -0.0353483  2.58716  -4.09945  -9.38051  4.67985  38.0504  -4.38843  -8.4288  5.4436  -4.93165  7.6271  -35.6026  -16.7859  0.20319  7.98478  2.08102  -1.77452  
0.268516  0.64706  3.67926  -6.66252  6.44402  -5.44474  2.42639  18.1619  6.89369  3.24193  14.3274  5.53753  19.3493  9.71132  -0.327349  -9.03439  2.26753  0.324954  -0.754516  0.398686  -1.17448  5.00007  -22.6083  -0.630913  17.8235  0.0189924  5.02118  9.32246  -25.2616  5.0292  31.246  -0.252676  -25.1151  12.4489  2.33722  35.0931  -25.8422  -17.9996  6.11928  5.145  -0.0863242  0.0457056  
0.367822  0.401733  -2.18823  -5.93934  5.52641  -10.7043  5.02359  10.7422  4.78975  32.6273  8.3024  0.48669  20.6089  3.73016  -6.95717  -3.53155  -0.225475  -0.8032  0.681018  1.0295  -2.21015  0.683486  -23.5826  1.37497  -13.5188  0.0968735  2.85481  16.3433  -30.9741  1.79763  18.3107  4.1207  -19.7338  8.75696  6.9899  42.5626  -29.7062  58.4919  12.4271  -2.09682  -2.6731  1.60131  
0.311313  0.097623  -12.0413  -4.30208  -0.883272  -7.61811  2.89257  -16.5154  -1.01794  69.2109  5.10822  -4.22737  9.90698  -1.57389  -8.6559  2.78101  -2.61454  -1.2058  0.349769  -5.16205  2.31956  -6.63237  -23.7621  2.42493  -39.5495  0.143399  -0.97138  10.5342  -14.7179  -2.33733  9.327  4.66868  5.90796  -3.23225  6.40564  26.0028  -9.23934  148.481  9.99308  -2.34711  -2.42961  1.47821  
0.191101  0.416809  -17.4822  -0.7756  -3.5423  0.73985  -2.73887  -23.8889  -3.61351  65.4608  3.13436  -4.43318  -6.48965  -1.38209  -5.60393  5.4415  -1.83262  -2.80352  -3.44277  -11.0174  7.97582  -5.95835  -23.1319  2.39001  -50.4582  0.126342  -2.47117  0.416136  14.0277  -3.42408  1.72805  2.03504  28.9808  -15.6586  5.14984  0.483684  54.9154  160.319  1.01301  3.70975  0.652406  0.187298  
0.166004  1.90414  -21.3868  4.08726  0.423815  8.66431  -6.50624  4.42582  -0.634019  13.6013  -2.33273  -1.25102  -14.6425  2.08382  -2.71642  2.56645  1.03667  -4.63604  -6.20394  -8.14442  7.60555  5.04375  -15.3507  1.67658  -40.3938  0.135214  0.13488  -1.7637  30.4193  -0.454561  -6.54993  0.165268  29.8664  -22.1881  5.89813  -16.6892  107.091  88.1261  -4.69487  5.98696  2.96142  -1.20953  
0.233172  3.41336  -34.9572  4.74308  4.90488  12.6828  -5.61582  37.6551  3.6987  -38.7305  -10.4215  0.720262  -10.204  4.48117  -2.23798  -2.50836  2.31035  -4.31375  -3.627  2.87301  0.642321  14.5305  4.36534  1.02387  -17.8923  0.189691  3.01557  4.15009  24.1831  3.19668  -13.3328  1.1772  8.41317  -20.1357  5.16106  -19.6282  84.5863  0.832141  -3.88325  -0.331497  2.24909  -1.40558  
0.23604  2.49746  -49.2812  -2.39972  3.2276  11.225  -2.95069  34.4163  5.3418  -47.6526  -13.7307  -0.118823  -3.39749  4.31433  -2.25851  -3.20757  0.977156  -2.08544  1.41546  12.4078  -6.33162  10.8819  28.4216  0.72303  0.146532  0.225734  2.24137  6.6029  6.24137  3.21809  -14.9317  2.67486  -12.793  -9.91306  -0.35928  -15.3892  16.8355  -49.667  -2.05418  -9.11922  0.16568  -0.229214  
0.0735813  -1.38901  -43.3334  -10.2734  -3.28612  3.22033  -3.47179  -6.11766  4.58639  -24.5691  -12.4403  -0.93185  -3.3843  2.5898  0.159743  3.01685  0.188277  0.064795  2.75562  12.1191  -7.88195  -3.4208  42.2135  0.425336  3.78726  0.203448  -2.17725  -0.90692  -6.31473  -1.14391  -13.7512  1.36731  -15.9232  3.53381  -5.75633  -10.9933  -1.20512  -60.9664  -3.59106  -12.7512  -0.608781  1.62639  
-0.115305  -4.8726  -16.1683  -9.17435  -7.30617  -7.68045  -8.39935  -42.3894  3.12447  -9.49177  -12.8211  0.731929  -7.67625  0.688148  3.64559  9.76752  2.5607  1.99895  -0.610787  3.61567  -4.8064  -13.9548  35.5829  -0.306698  1.87699  0.182525  -4.62994  -8.84286  -10.1366  -5.42911  -11.6458  -2.24782  -8.4105  12.7464  -5.01381  -9.81687  58.0228  -44.15  -5.09862  -11.5293  0.532977  2.99195  
-0.0871197  -4.44733  6.00109  0.499789  -3.79232  -12.7809  -13.7482  -39.2869  0.799467  -12.7442  -16.3992  3.8269  -8.74718  -0.647985  4.95388  9.1834  5.65092  5.66385  -4.18871  -4.73768  -1.79276  -10.9291  10.7872  -1.41108  7.092  0.238899  -1.52705  -4.78493  -13.8484  -4.51123  -6.03592  -4.23227  -11.8027  13.7827  0.819924  -7.72482  99.4054  5.42829  -2.5981  -10.7043  1.36551  3.00821  
0.170203  -1.17594  -1.8241  4.4974  4.27059  -7.10055  -14.048  -3.50528  -2.59934  -9.20963  -15.9963  5.47924  -5.51825  -1.33265  3.71412  1.0166  4.91007  11.2072  -4.63949  -7.5015  -0.801719  1.62385  -15.9463  -2.30059  17.5764  0.312415  3.92326  9.65237  -22.5707  1.61168  4.53878  -2.53534  -26.5299  9.50079  4.04321  0.420873  31.0703  62.5603  1.33642  -11.4731  0.0247023  2.09026  
0.473211  0.390207  -27.464  -3.27788  8.96237  3.58184  -7.31156  25.0737  -4.34383  14.4835  -8.49216  4.7404  -1.7371  -1.28597  2.12775  -6.75721  0.213517  14.7339  -3.8463  -6.39025  0.260407  12.4311  -27.0601  -2.22756  23.2549  0.359665  4.43343  17.8346  -25.6994  7.29363  13.0913  0.2642  -24.0024  4.17958  0.737117  15.0063  -103.115  70.6071  1.65868  -9.50042  -2.55326  1.62859  
0.682345  -1.49024  -35.5834  -8.36521  6.47498  9.16103  2.20822  21.4869  -2.32215  36.0098  -6.12442  3.11414  1.33199  -0.665015  1.67255  -7.77885  -3.11255  11.9096  -3.09937  -5.12811  2.99805  14.1303  -20.5282  -1.13539  22.3011  0.468208  -1.80067  8.55635  -16.9023  7.18945  12.7107  0.840302  14.9158  -1.81699  -4.14908  26.7712  -173.383  6.77546  -1.7602  -1.82268  -3.8626  2.17851  
0.768806  -3.79561  -15.6526  1.90938  1.0698  6.91931  6.73513  2.68204  1.15657  30.4445  -16.7789  1.71907  4.01994  0.752211  1.40149  -3.07946  -1.33268  3.23905  -1.31079  -4.58968  5.73276  8.67133  -10.7004  0.161748  20.6268  0.667808  -7.84375  -9.79905  -2.88494  2.10725  4.27864  0.0139187  63.546  -9.22591  -3.88135  24.8075  -118.888  -59.9212  -4.5134  7.50736  -1.93994  2.02638  
0.620901  -2.74063  10.1197  17.9883  -0.418045  3.41091  2.82384  -3.96217  1.32845  5.3746  -28.8182  0.65596  5.19917  2.9674  0.0741036  1.88324  2.54705  -5.5996  3.13445  -3.54611  5.67544  3.12224  -6.19068  0.327491  19.2109  0.676506  -6.45193  -18.5568  3.7271  -2.1755  -1.16362  1.42175  73.8851  -12.4329  0.938169  9.80283  -12.9342  -36.6144  -4.53907  11.8623  0.931822  -0.373511  
0.156092  0.0819326  14.8845  19.7561  2.93186  3.2671  -3.43841  5.15408  -1.92696  -10.6475  -22.3307  0.325742  2.77034  4.71499  -1.03759  3.26506  2.74978  -9.16179  6.70448  -2.38965  2.8167  2.20335  0.465397  -0.877863  10.7669  0.228041  0.811719  -8.80754  2.33298  -2.10558  2.24709  5.54721  34.8947  -7.00804  3.66397  -1.77886  38.9694  76.3735  -3.30573  9.09846  0.983308  -3.59801  
-0.432481  0.510067  7.48992  7.45695  5.08425  3.62128  -2.09768  9.11563  -3.47896  -5.80335  2.38518  2.03917  -1.64292  4.36755  -0.225598  1.02849  -1.273  -7.41774  4.67064  -2.37125  0.601626  4.71267  14.0336  -1.92196  -4.13511  -0.487542  5.6372  9.7338  7.07429  -0.148084  9.97892  7.75237  -14.4776  6.64012  1.29052  0.385314  17.1589  167.182  -2.35482  2.51563  -2.04512  -3.86138  
-0.688674  -2.09482  14.2704  0.298941  1.53366  0.884834  7.9833  -3.46327  -0.0283527  5.92882  23.4389  4.6225  -4.18657  2.32719  2.39756  -2.34188  -4.09925  -5.30947  -1.87397  -3.38542  0.561387  5.86574  21.8911  -1.41624  -12.5023  -0.849937  3.52297  20.3745  26.2603  -0.458048  11.8558  3.84354  -32.2123  18.6991  -1.89871  8.26898  -10.4317  137.657  0.198656  -3.67368  -3.96818  0.0165369  
-0.440586  -4.11043  43.2323  6.15382  -4.89836  -2.43124  15.4653  -19.1303  4.42064  8.80733  24.5649  4.93459  -3.34156  0.938754  4.64961  -3.24282  -2.05182  -6.84505  -6.02627  -3.14696  0.629379  2.94329  13.8727  -0.504841  -5.35426  -0.539349  -0.849436  14.5254  43.0377  -2.92254  5.55252  -3.99675  -23.1121  21.0289  -1.34241  3.78369  8.42495  19.6752  5.13588  -7.36026  -0.907706  4.66154  
-0.0758931  -2.57454  69.3821  11.8477  -7.54334  -1.60517  9.53855  -20.9627  3.44931  2.73319  17.0024  2.22999  -0.682722  1.16207  5.23787  0.486885  2.06615  -10.0145  -3.638  -0.842487  -1.43124  -2.33156  2.79734  -1.58223  9.81126  0.0245852  -0.15255  -1.36231  33.6339  -3.61154  -0.641794  -8.28281  -12.1666  12.2081  1.52375  -14.7655  52.8775  -62.4295  9.00889  -8.30425  4.58167  4.35219  
-0.0290829  0.806582  61.9942  4.98543  -3.99002  1.56885  -6.29783  -9.43669  -2.0502  -2.9589  19.5274  0.259868  2.56629  0.53939  4.06872  6.35717  3.74368  -8.85604  1.7254  1.49523  -4.33316  -5.86258  9.23661  -4.58968  18.4262  0.245003  5.80122  -14.3214  -1.16059  -0.714202  -3.72625  -4.83192  -5.20803  -2.83088  1.9627  -30.947  65.5101  -40.4489  8.28301  -7.44498  6.30747  -1.40528  
-0.199498  2.24044  26.6804  -4.06444  2.23596  1.16114  -16.5962  -3.71312  -4.65569  -3.95679  31.5235  1.92599  6.18476  -3.24308  1.71955  8.47153  2.51682  -0.958544  4.63743  1.8025  -3.88515  -5.09909  24.407  -5.64158  15.2389  0.0530169  9.91205  -15.5094  -27.4412  3.20595  -8.89335  1.22866  9.91107  -13.5496  -0.155989  -31.068  29.3958  26.1097  3.44668  -7.12142  1.69035  -7.46032  
-0.111522  1.29127  -5.88509  -0.866402  6.76215  -3.42155  -11.2354  -8.74117  -1.35403  -2.74074  35.8167  4.3384  7.65046  -7.86458  -1.10152  4.0706  0.861089  8.05712  4.29697  0.640221  0.711602  -0.673506  14.2404  -1.67449  6.99169  -0.079564  7.06737  -7.52344  -20.583  4.36125  -18.9362  1.74518  28.8117  -11.978  -0.314453  -22.097  -3.59928  42.2788  -1.66719  -9.16807  -4.26863  -7.83216  
0.37769  0.216115  -10.1328  11.4802  8.86804  -5.18268  4.1836  -12.0721  3.1943  -1.30857  22.7697  3.00647  3.96302  -8.58957  -3.51208  -2.79211  -0.521356  10.4738  3.54316  -0.110138  4.89199  5.2387  -32.8551  5.18615  -2.29407  0.148023  0.233299  -0.384055  7.17107  2.26458  -24.9869  -3.84124  29.9931  -0.905741  3.10294  -17.3083  15.5635  -0.909446  -4.72274  -12.1308  -4.62221  -2.12905  
0.802015  0.27068  8.2567  18.7696  8.93893  -0.155557  15.2019  3.03194  3.22363  1.50036  0.739571  0.96433  -3.37809  -4.21659  -4.05908  -5.45899  -2.65809  5.26253  4.14406  0.484115  3.70769  9.49148  -79.365  9.39729  -11.2215  0.448868  -3.63376  -1.03556  18.5541  -0.805496  -15.2385  -7.56267  8.59273  6.9638  5.33618  -15.5244  64.5729  -32.8847  -5.70969  -12.2632  1.15751  4.30672  
0.744635  1.28279  19.7929  14.9224  6.41303  6.29104  12.8678  25.5842  0.455206  5.0296  -16.5063  5.91837  -7.95433  0.678873  -2.55556  -2.67294  -4.74352  -1.0613  4.45586  2.11189  -1.60736  9.82292  -78.2427  8.24029  -14.354  0.453817  -1.83332  -6.53529  1.31686  -2.41822  9.27491  -3.48913  -13.3165  3.41959  1.72712  -2.82482  74.1272  -16.3161  -4.53123  -8.12666  6.7118  5.84884  
0.306002  2.72574  0.875236  6.35001  1.06323  6.75198  0.984005  30.3394  0.753352  5.43527  -25.0664  17.8396  -4.71392  1.00994  -0.355256  0.246107  -4.11866  -2.77598  4.06083  3.89472  -5.24793  6.1535  -32.9638  4.36982  -3.35109  0.161116  1.38715  -8.51508  -19.2574  -1.76363  27.7267  4.55972  -13.815  -5.58145  -4.22966  18.9902  25.7293  3.51826  -1.55009  -2.08186  5.91491  2.08483  
-0.0689029  4.0658  -48.1833  -1.14861  -4.60885  2.17416  -9.30003  7.52529  3.81415  0.238436  -26.6657  24.8504  3.17406  -2.43522  0.401117  -1.28982  -0.443563  -0.640023  3.04807  5.34142  -3.34479  1.08009  7.78385  1.88385  16.0411  -0.105367  1.1146  -3.39175  -14.9359  0.147696  25.5432  8.47353  -0.905303  -7.19726  -5.15447  32.4853  -37.5474  -14.7967  0.548883  2.84895  -0.472732  -1.79866  
-0.16284  3.93604  -91.4602  -5.34384  -7.22045  0.594305  -9.60246  -23.0221  3.72595  -6.27633  -24.2276  16.5898  7.36474  -4.28829  -0.685588  -5.16483  3.23998  1.9891  0.878777  5.57416  1.26826  -1.23969  6.76774  1.66625  24.0451  -0.180116  -1.85523  4.86787  7.43621  1.13064  9.09625  6.31423  2.94743  -0.77115  0.0433172  26.3205  -65.2947  -21.9918  -1.58502  5.80341  -6.3758  -1.2617  
-0.12447  1.63614  -84.3295  -4.11844  -6.18522  4.69042  -0.74351  -36.2257  -1.76256  -6.60458  -18.3745  -2.42992  3.99406  -1.26957  -2.03782  -5.43836  3.9726  4.84829  -3.27608  4.26229  3.15813  0.764891  -15.019  1.54319  8.73442  -0.193675  -3.38032  11.1045  16.0353  -0.336397  -1.33455  2.97746  -7.27893  3.58372  4.47021  11.4416  -62.3595  50.5818  -6.40313  7.2883  -6.90204  2.47103  
-0.165605  -1.21853  -16.9958  2.54897  -3.13412  8.14995  8.04154  -29.7763  -5.30425  0.872338  -11.1084  -17.463  -3.02792  3.89655  -1.84293  -0.465447  2.12404  8.07496  -7.61288  2.14052  0.55584  4.21188  -11.3126  0.0568362  -13.946  -0.310087  -0.953356  12.9579  -3.19009  -2.86673  3.90882  2.1968  -15.7036  1.49495  1.87726  3.74434  -48.5282  167.176  -7.91797  6.88987  -3.24441  4.32481  
-0.318409  -1.71158  59.0075  6.55617  0.923092  4.95451  7.67604  -23.0647  -0.490045  7.79001  -3.37096  -21.4281  -5.93918  6.17865  0.603204  4.41202  0.104488  8.47384  -8.79642  0.555739  -3.16001  3.92272  31.2525  -1.75507  -19.1818  -0.507093  2.95544  9.96329  -28.7209  -2.65256  11.4233  2.33343  -11.6351  2.91969  -4.35404  1.91965  -16.9127  192.142  -3.12742  3.89303  -0.624599  0.666371  
-0.470704  -0.266241  75.0347  1.0642  5.40803  -2.45286  -1.24353  -25.4552  8.79175  5.71928  6.66648  -20.18  -2.33093  4.37536  3.8553  4.07272  -0.159137  2.84386  -5.05803  0.897925  -3.64984  -1.53385  70.1296  -2.41532  -2.28085  -0.630099  5.14236  2.44201  -33.2032  1.33056  5.24853  0.745251  -5.13341  13.0418  -6.49116  -5.58959  43.3238  70.0535  2.42097  -0.778082  -2.04597  -5.8728  
-0.552952  -0.781275  26.7836  -8.0656  7.58067  -6.58679  -8.55704  -23.3422  12.0071  -3.35455  18.4923  -21.5798  2.45893  1.83327  5.44065  0.506495  1.20146  -4.8656  0.919251  2.53472  -0.180218  -7.41058  56.1214  -1.71423  15.0124  -0.632374  3.95946  -5.4885  -16.8368  5.17384  -12.2696  -1.76262  -10.498  23.356  -3.42425  -16.6513  89.2451  -97.8534  1.03375  -5.04049  -5.65667  -9.22281  
-0.560265  -4.75485  -21.563  -6.16613  3.42039  -4.17955  -5.56234  1.87633  4.93881  -8.87304  24.201  -23.2081  2.52507  1.66445  3.94337  -0.090231  1.95145  -6.07277  5.04225  3.76432  4.4911  -6.55259  -14.1986  -0.582076  15.3772  -0.589722  1.23358  -7.58173  -3.84467  4.30906  -20.607  -3.23918  -24.1756  20.7702  -0.676736  -16.6134  65.3487  -166.158  -5.93368  -7.57047  -6.50128  -6.59683  
-0.511285  -8.94363  -17.6683  7.85088  -6.1805  0.764082  4.85943  43.2763  -4.97706  -5.47291  17.8318  -18.0616  -2.24235  2.93079  0.641497  3.20545  -0.603423  0.881705  4.64575  3.0065  6.11576  2.79366  -86.0464  0.331049  5.46651  -0.557069  -0.157362  -2.33872  -8.08008  -0.210288  -12.383  -3.68355  -28.9547  7.28339  -1.80815  -2.41461  -7.69761  -112.465  -8.23254  -8.92049  -2.48631  -1.03644  
-0.42007  -8.83992  9.26551  16.8987  -13.1817  3.6862  11.8341  71.6426  -8.38555  1.05048  1.42266  -5.88249  -5.86445  2.55795  -1.92104  4.82052  -6.42772  6.36665  1.57903  0.312377  2.90267  13.1885  -100.765  1.20546  2.37345  -0.501446  0.168127  3.29109  -17.993  -2.75872  -2.40491  -3.86494  -15.4555  -2.32347  -2.94355  7.84317  -36.9223  -29.9992  0.238948  -10.3779  3.21038  2.60511  
-0.267117  -4.27306  1.19409  7.41949  -10.1209  3.43273  9.41393  60.8494  -5.09119  2.60957  -13.8235  4.38454  -4.3483  -0.219001  -2.7083  0.762019  -11.0489  2.20274  -0.697921  -2.76624  -2.45919  15.265  -44.197  2.24472  6.44466  -0.337093  0.21757  2.71467  -14.3193  -0.527542  -9.98274  -3.39311  4.881  -1.24697  -0.0701527  0.00361106  19.8602  3.20992  13.2253  -12.5139  6.00769  2.82892  
-0.0182515  1.70407  -37.8344  -9.62597  0.333196  0.877197  2.56257  18.3366  -1.59162  -0.3893  -20.5332  4.14061  -0.3681  -3.36421  -2.72043  -4.61739  -9.28772  -7.04883  1.30388  -4.48504  -4.24855  8.48951  32.1623  3.26002  4.91629  -0.0521443  -1.96649  -1.50174  -0.0990118  2.6391  -27.5977  -1.51739  15.0466  3.58277  4.37151  -14.2309  99.1929  -3.44476  19.5113  -14.6823  4.38541  2.0774  
0.259021  6.62573  -51.6031  -15.1365  7.97729  -1.81206  0.358739  -23.174  -1.7434  -1.51991  -19.794  -6.36221  1.00867  -4.35146  -3.23624  -4.46799  -1.63048  -10.1825  5.70094  -4.92791  -0.255615  1.61831  63.0125  3.79587  -5.68324  0.190301  -4.77092  -0.907356  10.1831  2.26346  -26.8098  0.84859  12.0829  0.0432121  4.62732  -13.9432  104.749  -15.0021  15.5269  -14.691  1.60976  2.65747  
0.402276  9.35871  -24.4254  -4.68766  6.85273  -2.58507  5.23661  -34.4118  -2.82852  1.32942  -14.8949  -18.0575  -1.52527  -3.32365  -3.06699  0.452137  5.51411  -4.60808  6.86686  -5.85393  4.8396  1.61533  33.7021  3.6695  -11.5947  0.213015  -4.9483  5.69862  7.42792  -0.972364  2.38079  1.91643  8.68364  -12.2797  0.632347  1.28394  30.5413  -16.1951  7.30734  -11.2597  1.41835  4.54557  
0.319669  8.35269  -8.66045  7.5459  1.28762  -0.307432  10.5011  -17.4077  -1.09446  3.51008  -5.03653  -21.9885  -3.62792  -2.035  -0.242741  3.38106  7.04801  0.693667  2.40993  -7.62602  4.06544  4.62046  -7.88885  3.12206  -1.26421  0.0439267  -1.80187  9.57952  2.43902  -2.87253  35.0786  1.45746  15.9005  -23.1179  -1.11135  10.812  -49.7206  1.15748  1.04028  -5.33287  3.55776  6.02424  
0.126403  2.8359  -37.65  11.6962  -1.18895  3.24463  8.64351  2.24281  2.52019  1.2389  8.91345  -15.7733  -0.604143  -1.61525  4.45473  1.17563  4.22692  -1.92251  -3.40347  -7.86718  -2.00766  3.04976  -7.73497  2.6613  16.5239  -0.0872602  1.23897  3.14382  8.82062  -1.81422  39.6853  0.612013  27.8808  -22.2574  3.21367  5.02927  -69.8517  50.7276  -3.04657  -0.13891  4.56055  5.70966  
0.00201033  -3.43715  -62.3991  10.3567  1.15947  3.55216  0.33058  2.52457  4.35995  -2.23909  18.3382  -5.19616  5.1781  -1.75744  6.98408  -1.7996  1.90189  -8.25518  -3.165  -4.31863  -5.5671  -0.69603  25.8443  2.77213  21.4733  -0.0736419  0.174508  -9.28735  22.1082  -0.258271  16.5329  0.695024  25.0203  -10.1362  8.43013  -5.03942  -28.9223  108.055  -6.45274  2.39759  1.97079  4.06269  
-0.118894  -4.73682  -25.9373  8.92804  4.46078  -1.49391  -6.72665  -12.5468  2.16275  -1.97996  17.2766  0.957874  6.53132  -1.1441  4.69821  -1.34335  2.17759  -8.36549  2.94235  1.5847  -0.954138  2.7316  37.0185  3.1695  5.00521  -0.170594  -4.02946  -17.1191  24.4656  -0.131978  -7.99736  1.78176  2.85049  1.60378  6.11104  -6.96474  29.7203  110.751  -8.69524  3.10076  -2.48005  1.48416  
-0.399958  -0.364349  45.5039  6.49163  5.3476  -8.59913  -6.36285  -24.9346  -2.71278  0.761971  8.52131  -0.982809  1.08071  0.868496  -0.309169  0.123507  2.80087  0.250139  6.9225  5.90069  6.76938  13.5721  -4.39764  3.06439  -19.2599  -0.576142  -6.54683  -14.4243  7.46938  -0.521302  -11.5731  2.27541  -24.2586  2.20526  -4.24864  -6.71932  60.4282  32.0344  -9.08677  3.51007  -5.03408  -1.36203  
-0.703283  4.00156  70.1238  3.29495  3.14366  -10.7708  -1.66681  -21.9135  -6.95016  0.638546  3.94848  -7.06898  -4.36649  3.44858  -2.92279  -1.69538  1.54694  9.45989  3.06299  6.653  8.34979  17.7345  -57.6572  1.94977  -28.7874  -0.948137  -4.27703  -5.762  -12.2023  -0.0878907  1.16609  0.779507  -35.4422  -6.97036  -13.9451  -14.7893  44.3382  -62.9466  -8.34553  3.11926  -4.27089  -3.20527  
-0.646989  3.03373  27.0837  4.69698  -2.37807  -4.48397  -0.579072  -9.66956  -7.56446  -3.83594  6.25219  -9.18444  -3.32517  4.52854  -0.500589  -5.5104  -0.623491  10.6212  -4.1465  5.58625  2.72643  3.65603  -67.6993  0.265978  -14.1392  -0.725654  0.687855  0.986571  -14.1162  0.69596  12.1911  -2.3194  -26.8429  -13.1052  -13.9501  -25.0915  2.90628  -76.826  -6.92203  0.970971  -1.86564  -2.6339  
-0.286525  -1.203  -20.5441  11.5274  -9.85279  6.78601  -5.7542  2.23914  -4.25396  -7.57987  7.68899  -4.12368  0.836389  2.74784  3.96068  -6.82995  -1.11788  3.56098  -5.88086  4.40811  -2.56829  -19.5428  -32.3752  -1.19405  12.8445  -0.0823902  4.20911  1.47999  2.9416  0.709384  9.39824  -3.75749  -13.1729  -7.30364  -4.44188  -18.8686  -18.755  -1.10917  -4.30893  -2.1939  -0.612819  0.0983627  
-0.351163  -2.54149  -20.4196  14.9111  -13.5569  14.7101  -11.0078  7.9151  0.139138  -5.26217  4.97925  3.94432  -2.13677  -1.45448  4.69276  -4.55028  0.493138  -5.035  -0.932353  2.26566  -1.95712  -30.9027  4.72139  -2.22072  29.5309  -0.0415808  4.67827  -2.26181  12.4131  0.200269  -6.65513  -1.73258  -11.0668  3.33996  5.66716  2.71104  1.50062  66.8685  -0.883484  -4.74507  -1.35493  1.46125  
-1.31626  0.632396  -0.971504  7.77665  -8.06475  13.0196  -9.43963  6.14389  1.70142  1.1507  1.932  7.97871  -12.4164  -5.23814  -0.0802239  -1.94495  1.71237  -8.18109  2.96746  -1.69446  0.969649  -23.1916  13.7738  -2.6512  20.7863  -1.19282  3.84706  -5.52258  -0.63553  -0.232553  -26.3599  1.44359  -16.6966  7.31055  7.99338  17.337  35.5272  37.9233  0.390867  -7.14085  -2.45637  -1.25033  
-2.42781  4.52821  -11.3974  -3.09128  3.61253  4.12536  -2.31447  -4.07056  0.231073  4.06351  4.69764  5.14045  -17.8531  -6.35626  -5.8395  -0.681703  0.687814  -4.44582  0.0163522  -5.07519  0.262911  -10.4489  12.3801  -1.95707  -4.94227  -2.58836  3.20887  -4.80549  -19.4194  -0.542333  -35.716  1.73048  -13.2001  4.27576  2.48003  9.97015  35.913  -67.2577  -1.27437  -11.1075  -2.25551  -5.51987  
-2.29509  5.09087  -40.5137  -5.81174  10.6428  -3.24946  3.41173  -15.8194  0.0964678  -0.808222  8.24332  -0.608566  -9.08773  -4.72283  -6.28663  1.04601  -0.902234  1.78209  -5.84273  -4.13505  -3.34923  -7.19015  25.717  0.181059  -25.6598  -2.59941  2.20753  -0.345444  -18.0057  -0.713241  -30.9688  -0.314153  9.71209  2.38812  -3.79594  -6.3882  11.6181  -134.244  -1.48626  -15.0226  -0.482417  -5.71665  
-0.555364  3.30366  -39.7121  1.13794  6.38122  -2.93528  5.1279  -18.7856  4.66275  -8.88567  4.89415  -3.71131  7.28748  -1.93887  -0.841162  3.63545  0.340494  4.31538  -6.02515  0.719242  -3.78706  -11.8186  45.8806  2.41924  -25.7602  -0.820107  -0.559562  5.67999  3.50141  0.118162  -22.123  -0.658302  39.1605  4.12622  -5.30834  -8.37625  6.06932  -88.6474  3.47518  -14.0817  0.811655  -0.0300063  
1.46867  1.68225  -2.51111  7.71912  -2.77954  1.50224  6.42065  -7.52827  11.4445  -10.9775  -3.15609  -2.35543  16.3053  1.15776  4.90298  4.43421  4.17767  0.541305  0.389554  4.17145  0.949748  -12.6087  50.5549  2.72254  -10.8585  1.31223  -3.90519  10.6431  15.3071  1.78403  -20.433  2.02376  53.1175  3.5928  -2.38717  7.89671  24.9727  28.0601  9.52835  -6.88646  0.210274  6.07202  
2.21543  0.767105  25.1827  6.24096  -5.66973  2.06807  10.1239  8.54463  13.9076  -3.19294  -5.21784  0.944024  12.7965  4.13034  5.63344  1.74349  5.64069  -6.28001  6.19253  2.6928  5.31053  -6.72354  34.8238  0.911026  0.542719  2.17039  -4.59192  13.0323  -0.0830451  2.40356  -19.0747  3.15646  42.0083  -3.49622  1.003  22.4333  18.2299  96.8715  9.07204  1.22649  -1.19849  5.52571  
1.55285  -0.0952465  14.5821  0.313106  -0.294621  -2.86302  13.714  14.6576  9.90108  7.36635  0.741696  2.15922  5.97482  5.8291  1.90137  -1.43681  1.18472  -9.80184  6.12726  -1.26836  4.52632  -0.993733  9.42859  -0.741134  0.537828  1.59245  -0.684431  12.2298  -24.6863  0.84512  -5.00278  -0.581681  20.7884  -8.17587  3.05283  17.7672  -43.6456  53.9006  2.12399  3.73671  -0.669835  -0.40725  
0.642071  -0.999949  -8.88142  -1.68987  5.08825  -6.22101  13.1603  7.71949  4.27148  9.58338  4.78881  0.0340032  3.83267  4.34307  -0.516032  -1.97852  -5.33715  -6.35443  1.95645  -2.79183  0.865595  -1.00425  -19.3915  -0.393936  -1.18655  0.692605  4.99433  8.46212  -32.0855  -1.023  15.9538  -5.66994  9.43605  0.820717  3.37085  -2.26242  -115.473  -48.5554  -2.57577  0.968526  2.64124  -3.59433  
0.379936  -1.02211  -14.4557  3.3307  2.77464  -2.29315  7.85834  -3.44427  1.48058  1.27031  1.14932  -3.08721  3.06792  0.482483  1.16469  -0.536843  -6.47415  1.53283  -1.07286  -0.914895  0.257844  -3.72123  -43.3996  1.01484  9.05651  0.351375  7.95664  3.90982  -20.0146  -0.769839  20.7757  -6.01025  10.169  21.0945  2.17211  -18.6877  -123.622  -98.2421  0.528008  -1.45298  6.60875  0.14835  
0.522219  -0.690005  -16.7641  11.6451  -4.33781  4.73216  0.0609082  -12.0504  -0.301211  -7.97867  -0.725772  -4.94257  -2.3938  -1.71031  4.37232  0.0949551  -0.758444  8.4562  -1.53727  1.53365  3.36468  -3.84814  -49.6063  1.25584  27.6774  0.421481  6.5168  0.229012  -7.17006  0.617692  -0.501854  -0.929764  9.64901  33.4908  -0.895837  -18.5629  -55.1908  -51.6978  5.65514  -0.645912  8.14088  5.62713  
0.389181  -1.08982  -43.8938  15.7261  -7.6748  6.54045  -7.90735  -16.5788  -5.16676  -7.72897  7.17173  -5.16949  -9.9376  0.631629  4.842  0.276423  4.57735  10.6526  -1.0568  2.37201  4.92236  1.06596  -27.6078  0.205346  35.9215  0.326685  3.68138  -4.28256  -5.14795  0.252115  -22.0137  4.32511  -1.81422  21.4534  -3.66774  -6.54169  27.4165  24.9298  3.99576  0.0416516  5.96083  4.88921  
-0.156073  -1.914  -83.0137  8.73183  -3.33429  1.59642  -14.0165  -13.5073  -11.1073  0.532477  18.8038  -4.57645  -10.9892  4.09043  1.86607  2.43866  2.75456  7.74784  -0.0123665  2.21495  0.981765  9.55037  6.92182  -0.464731  20.145  -0.0905264  2.4189  -11.4061  -3.95215  -2.0714  -18.7273  5.89533  -18.5408  -10.7185  -3.15966  -0.0575481  65.5407  44.2102  -4.22073  -2.47465  1.45938  -2.40206  
-0.733116  -2.11403  -102.701  -6.37435  4.43608  -2.47188  -15.9713  0.896047  -11.0581  6.00644  18.6522  -3.4664  -4.2826  1.7813  -2.15171  6.19122  -3.76763  1.55667  1.92116  2.0377  -4.92298  16.2268  24.1873  -0.0654433  -9.15945  -0.582782  2.03514  -17.3321  4.86681  -2.82473  0.944974  4.70257  -28.7984  -41.7059  0.593735  -9.29667  55.8399  -1.92003  -9.84975  -6.03565  -3.27896  -8.51242  
-1.01292  -1.42991  -97.3447  -18.3509  8.01425  -0.606109  -13.3669  17.1084  -3.56378  2.86862  4.18302  -1.46269  1.63555  -7.35423  -4.58428  7.19948  -6.70959  -4.48918  1.98705  1.56713  -5.88294  14.3927  14.331  0.119704  -27.3983  -0.868849  0.345805  -15.547  13.4802  -0.174993  5.27558  3.699  -29.5741  -51.1746  3.02527  -22.4002  36.4021  -52.2743  -7.62209  -6.07944  -5.88389  -7.73162  
-0.990469  -0.511537  -97.4384  -16.738  4.12456  3.26881  -8.6173  16.1418  2.91441  -3.45339  -8.55751  0.863737  -0.172823  -14.7813  -4.67398  3.39077  -2.2493  -6.43146  -2.70546  0.528165  0.533073  3.43171  -2.37011  -0.80475  -23.5932  -0.882792  -2.80582  -5.49883  13.3507  2.74587  -12.0382  3.04765  -23.9699  -37.233  1.05613  -12.4323  26.6288  -69.4201  -2.52762  -1.97467  -4.99983  -2.30911  
-0.721403  0.702178  -107.418  -4.61173  -2.99043  2.4424  -4.02854  -2.51851  -0.9187  -4.60618  -6.00374  1.96541  -6.11999  -11.6754  -3.09728  -1.79929  5.02373  -3.57263  -9.25537  -0.717791  8.94914  -7.41415  -4.81053  -1.36851  -9.72837  -0.636418  -4.79573  3.82341  9.84391  1.73451  -26.6273  1.7939  -13.0661  -16.8883  -2.70461  27.9846  26.0229  -73.5834  -2.48529  2.98332  -1.59352  1.1327  
-0.252087  1.48146  -91.7919  2.79587  -5.797  -1.63836  0.811644  -15.2588  -11.2229  -0.336632  6.25101  1.03916  -6.38444  -0.421476  -0.946251  -3.69649  8.50152  -0.484911  -10.196  -1.653  11.2482  -7.75584  3.44882  0.274233  -3.39004  -0.227562  -4.65304  4.12814  15.3445  -2.28657  -19.4378  0.30695  -0.03419  -5.46256  -4.06403  70.5663  22.0527  -79.3713  -6.25597  5.84367  1.42217  -0.069641  
0.208921  0.464221  -13.5955  -2.08693  -1.57964  -1.87015  6.53772  -5.88262  -14.8673  2.25521  10.2122  -1.04334  0.915144  7.61778  0.546101  -3.3243  7.23754  -2.54272  -2.27504  -2.46916  4.71192  1.34094  3.82386  3.55984  -6.87271  0.110683  -4.25432  -1.78883  23.3749  -4.30375  -1.84049  -0.537196  7.31989  -4.23345  -2.60113  76.6724  5.12001  -56.064  -5.12381  5.70522  1.8096  -3.58825  
0.355731  -1.58702  105.817  -11.7136  4.12137  3.38472  10.7146  10.912  -5.02308  -0.22067  1.28982  -2.79461  8.74741  6.42424  0.864326  -4.92622  5.16766  -7.77146  7.56625  -3.24009  -4.91004  8.09767  -7.53829  5.86284  -6.8673  0.130176  -5.46542  -4.21658  17.0951  -1.86966  0.678264  -1.06407  2.20717  -3.74926  -1.05224  40.0398  -20.21  17.4215  4.5487  2.53227  0.454084  -5.33544  
0.206494  -1.24704  186.213  -13.0779  3.87048  7.29604  10.2565  11.5866  8.96244  -3.0284  -9.25727  -4.1699  10.1939  1.30445  0.812437  -9.18188  4.60072  -6.97919  9.09716  -3.7644  -8.52433  5.56346  -15.7005  5.43844  2.28883  -0.0577286  -6.8605  0.628331  -6.09416  1.57858  -14.6731  -2.44407  -11.8724  2.85598  -1.18516  -5.73121  -38.1583  91.5894  14.7739  -2.87371  -0.0915054  -3.55214  
0.15291  3.2436  160.093  -4.44835  -2.36709  3.28309  6.43141  -1.066  13.6063  -1.05891  -8.25381  -5.0593  6.40997  0.297401  1.19396  -10.5087  2.76092  3.88909  1.32501  -3.77626  -2.66555  -1.1392  -12.7483  2.96948  12.0518  -0.0395879  -5.53878  6.63892  -19.9471  1.59695  -24.3619  -4.39106  -22.3245  10.3248  -1.58414  -25.5403  -28.4453  81.8316  14.8889  -7.83844  1.24257  0.947966  
0.476655  6.95943  40.465  3.52138  -6.41457  -4.94986  3.39734  -5.38401  6.23023  3.68604  -0.8221  -4.48572  3.27725  3.45213  1.849  -4.52618  -4.23522  15.4094  -6.7497  -2.44858  6.51647  -3.37166  -6.89961  0.474417  10.791  0.434114  -1.39114  7.7227  -4.12212  -1.82706  -7.77906  -5.33727  -21.6866  11.7227  -1.06444  -16.0129  12.5505  -8.47087  5.09606  -9.53724  2.99323  5.91723  
0.895922  3.66703  -64.0127  1.14306  -2.70423  -8.23964  2.22649  6.42836  -2.51419  4.45719  -1.88965  -1.5069  2.3623  5.44403  1.35643  5.14272  -14.6432  14.9654  -5.88344  0.828762  9.3999  -0.0326649  -5.13156  -0.869418  1.25801  1.00875  2.49199  6.04099  30.444  -3.97941  24.0322  -4.38818  -12.1848  5.51505  0.290396  -1.36123  58.7095  -73.5925  -3.18794  -7.51577  3.56989  9.251  
0.904367  -4.73312  -31.4568  -7.71085  3.9585  -2.97903  0.00839548  15.1227  -2.98246  -0.47293  -13.9468  1.98499  0.303066  3.72879  -0.956411  9.7415  -20.3549  3.51299  3.06492  5.21046  3.55874  4.04816  -1.92347  -1.07138  -3.47848  1.08664  4.24416  6.35157  49.7357  -1.77982  40.0746  -2.65255  -1.98718  -1.01726  2.23669  2.96726  76.2708  -30.9062  -1.5836  -3.49108  2.70726  9.32403  
0.415207  -8.88747  143.053  -9.76164  3.70748  5.3859  -4.36773  8.43797  3.49503  -4.93295  -19.2038  2.78343  -4.26366  1.08267  -3.81179  5.38269  -14.5806  -4.54675  10.0993  7.43854  -3.95789  5.73984  6.50841  -0.664668  1.65334  0.521481  4.74352  6.58308  33.1335  2.82544  21.173  -1.39186  7.68714  -3.99776  3.70825  0.699603  56.3721  73.8627  5.14443  0.687351  1.48119  5.82331  
-0.146885  -3.87653  314.13  1.83775  -4.80963  10.2807  -6.78526  -1.20976  7.68225  -3.47319  -4.32947  0.220222  -9.00013  0.168288  -5.14788  -2.09895  -0.716805  -0.439427  8.19885  5.3633  -5.25454  4.98941  11.1368  -0.197134  7.37259  -0.20126  5.77066  -0.598148  0.236757  5.01319  -18.2716  -0.470902  21.1331  -5.11609  3.26278  0.790574  20.8579  119.411  6.46688  3.13705  0.445101  0.438825  
-0.415275  4.18499  322.306  17.5926  -11.7789  9.60325  -3.79035  -2.19054  3.82273  0.749527  19.4137  -1.54492  -9.34359  0.131895  -3.82601  -4.37014  9.55976  7.17367  0.270691  0.817044  -0.745631  3.0041  0.563219  -0.0392891  4.42941  -0.557005  6.03347  -14.5695  -15.8713  2.70789  -44.2837  1.271  37.8192  -6.41715  -0.328773  5.38981  -6.99362  50.5729  0.261515  1.83998  -0.754552  -4.16919  
-0.548112  5.52824  162.281  21.5264  -7.86741  5.70799  1.16536  0.641692  -4.55795  0.246827  24.9786  0.560751  -5.32072  -0.0772046  -0.974281  0.502968  8.8647  5.095  -4.69848  -1.9852  2.16511  2.07587  -16.5121  -0.392139  -6.42425  -0.631751  3.75049  -23.5621  -5.47109  -1.55028  -35.5058  3.52739  42.3028  -6.7721  -4.41934  6.3204  -18.0708  -70.4257  -5.68161  -3.03339  -2.68455  -6.15289  
-0.797674  -0.176423  -18.5299  10.7003  4.0974  0.922203  0.998166  -4.5314  -9.52177  -5.85705  2.81188  3.32247  0.287211  0.060919  0.981964  6.35814  2.60585  -5.7794  -1.75214  -1.97568  -1.63122  3.75296  -18.5854  -0.919754  -13.5591  -0.776225  0.0863297  -16.8589  8.49401  -3.33954  -8.22499  5.07994  16.6523  -6.04053  -5.40321  -1.06886  -20.4905  -146.865  -5.257  -7.60322  -5.50916  -5.40031  
-1.08768  -4.88656  -93.162  0.145317  11.9262  -2.76219  -5.18076  -11.3808  -6.66031  -9.66293  -23.2797  0.416947  4.06773  0.446334  0.639426  7.37866  1.51819  -11.6403  5.22373  -1.57429  -8.9384  5.77142  -0.40587  -1.14222  -9.6309  -1.06453  -1.49679  1.4483  2.65561  -1.13518  2.7016  5.01706  -33.1668  -7.82362  -2.684  -13.7736  -22.8626  -148.699  -1.1718  -7.94406  -8.15419  -3.00045  
-1.19194  -3.61887  -63.3895  2.47643  8.45981  -3.80313  -9.87673  -9.42155  0.541782  -5.68757  -25.1406  -8.23565  4.45944  -0.203631  -0.772524  3.82876  6.77465  -6.12685  8.51238  -2.85832  -12.1443  3.25031  20.6022  -0.890979  3.46985  -1.27415  0.495001  14.4267  -17.8168  2.48067  -14.005  3.45832  -70.7777  -14.4235  0.804499  -23.2114  -34.2966  -98.6698  0.447061  -5.77601  -8.92907  -0.838157  
-1.21078  -0.366737  -13.984  9.61626  -1.70452  -2.1579  -5.93729  -4.02751  5.60815  1.22084  -1.52423  -14.6672  2.87568  -1.83558  -0.59553  0.345925  8.25381  2.79922  4.87032  -4.06194  -7.08261  -3.43891  23.3214  -0.37738  16.2076  -1.40422  2.45293  11.7877  -28.1413  3.70163  -35.1798  0.403434  -61.0541  -20.2215  3.19553  -22.6444  -52.5545  -22.0705  -0.549908  -6.12445  -6.78539  0.105788  
-1.5376  -1.2792  14.9571  3.23114  -8.3954  -0.408495  4.18994  -7.33496  5.59505  2.68617  20.4093  -12.9458  1.46931  -1.98317  1.95186  -0.82166  -0.424824  4.22753  -1.93708  -2.86589  3.28587  -6.71459  6.92064  0.0945682  19.4215  -1.78148  0.348127  0.0596604  -17.9908  0.848585  -32.0586  -4.54245  -8.25103  -17.3208  4.8699  -10.3199  -55.6852  55.998  -0.739953  -9.68411  -2.39434  0.905827  
-2.15976  -6.02491  41.6583  -17.6295  -7.54926  -1.11048  11.0735  -17.8493  2.66634  -1.73884  21.8428  -7.23338  1.65194  -0.228592  4.15797  -2.16114  -11.1906  -1.25881  -6.87638  -0.228722  10.8359  -0.618766  -10.9082  0.372175  11.822  -2.39028  -5.04583  -6.69193  -3.391  -4.30124  -8.05677  -9.31072  47.266  -8.11877  4.5792  6.54051  -23.5458  95.864  0.658055  -11.4357  1.88031  3.81479  
-2.38512  -8.99751  67.844  -31.2679  -3.40647  -2.89734  9.04844  -16.3516  0.804379  -4.69344  11.5741  -6.7101  1.83743  0.660242  2.64287  -5.91433  -10.9502  -4.85888  -7.78367  0.706167  9.99322  9.54892  -15.8556  0.413611  -2.84859  -2.5417  -8.48579  -3.13399  -5.87032  -8.20031  7.28044  -9.36236  69.9404  -4.17639  -0.243054  16.8143  31.0055  66.944  1.04117  -8.62857  4.36823  9.07676  
-1.54968  -6.82645  61.8019  -19.0456  -1.53528  -2.22499  2.02847  6.01089  0.594808  -2.09748  8.03548  -12.5472  0.303276  -1.45588  -2.1861  -9.41327  0.619318  -2.97267  -6.22418  -1.26132  2.76731  13.0353  -5.16351  0.204351  -17.028  -1.56925  -5.98687  4.28376  -19.8769  -7.83941  1.70421  -2.835  58.1274  -10.0971  -7.0429  15.876  62.568  -9.36896  0.00338497  -5.80724  5.04613  13.0564  
0.134808  -1.92536  20.7502  6.67266  -2.12706  2.02581  -2.84681  30.1682  0.0275819  1.62301  15.5622  -14.257  -1.60488  -3.72665  -5.2254  -8.71832  10.0027  0.229345  -3.86781  -3.12107  -2.47658  8.02447  10.3074  0.00089149  -22.7692  0.2435  -0.825245  8.6122  -22.1159  -2.66551  -5.71672  5.37347  32.6677  -16.7066  -8.30966  9.80965  34.3269  -59.2768  -0.0123369  -8.57873  4.97683  11.783  
1.67491  2.02832  -4.79023  19.8011  -1.15733  5.83678  -3.4513  34.7137  -2.0177  2.11098  22.4464  -0.329142  -1.62991  -2.61652  -2.69269  -4.2272  7.98069  1.00899  -0.835586  -1.89179  0.451123  4.92279  17.5296  0.275125  -17.9532  1.78564  1.37646  9.08405  -2.26839  4.38043  0.495472  8.20347  11.5811  -13.0207  -2.07548  4.48423  -22.6719  -33.4484  0.940298  -15.3526  4.53228  5.67488  
2.24992  4.20208  19.5795  10.118  2.77725  5.4873  -2.69676  20.6038  -2.94482  1.32865  21.0422  26.643  0.0807039  0.599422  2.78009  -0.748827  0.741093  0.179021  2.96584  2.35981  9.12178  13.1848  7.59482  1.07388  -7.57992  2.21413  0.447794  6.84263  20.9926  8.68644  7.62592  5.66412  -0.0762269  -1.39078  2.54238  -1.52049  -35.8063  22.3909  -0.898973  -19.0413  3.08097  -0.0567703  
1.91548  5.16544  68.7158  -5.97828  6.13916  1.84565  -2.2784  8.67785  -1.1293  3.10367  14.8785  45.6301  -0.231825  1.54138  4.82962  -0.362934  -0.664221  -0.254877  6.42631  6.19322  14.9818  26.6095  -10.5549  1.53585  0.737076  1.74923  2.19544  0.768222  26.8438  7.42881  -4.40697  3.81174  -7.53413  5.45469  -2.90806  -13.6825  27.3248  19.112  -6.72682  -15.2865  0.117611  -2.08716  
1.33793  4.48542  83.4433  -11.7327  4.63926  -0.0523736  -0.0967198  11.6351  1.74532  5.48301  6.27027  32.9722  -2.67437  -0.161061  1.37513  0.511387  3.58595  -0.608606  7.17708  5.50589  12.7977  27.3612  -13.4058  0.657999  1.77165  1.23371  8.80556  -8.30103  15.3187  2.45134  -26.5414  4.82738  -18.7377  1.96736  -10.3999  -26.3607  113.317  -64.4814  -10.1538  -6.16305  -3.69558  -1.8745  
0.996704  1.58134  50.0192  -10.6242  -1.46744  1.8002  4.68547  19.9519  2.83463  3.32193  -7.80018  -10.9745  -3.59568  0.200235  -2.40775  5.339  3.99642  -1.44261  3.6915  0.5934  5.74799  4.60648  6.7676  -1.45298  0.265904  1.12394  13.8776  -13.5174  4.11233  -1.37024  -29.8268  2.99764  -36.0856  -5.28233  -5.2208  -25.9308  135.425  -138.914  -4.70927  3.47414  -6.20141  -2.64665  
0.858179  -1.77227  4.23028  -12.4728  -7.35211  3.03683  8.17171  15.9476  2.01692  -2.35737  -24.525  -50.947  -0.38719  4.49987  -1.60532  10.9839  -2.95278  -1.76708  -1.64155  -4.48214  0.818796  -31.0478  28.9062  -3.04425  2.94486  1.17944  9.61421  -9.98694  2.30314  -0.94612  -5.96775  -4.58446  -48.8983  -7.29948  10.9065  -9.91054  71.3778  -106.263  6.49984  9.791  -5.05586  -3.99576  
0.564144  -2.14597  -16.124  -16.1678  -8.35235  -1.67788  6.24076  -5.41839  1.32484  -4.82553  -32.1331  -47.3375  3.62911  7.77945  2.23695  10.4229  -9.86517  -0.738259  -4.95682  -5.49104  0.265476  -54.7814  25.1659  -2.75906  10.3075  0.893754  -2.65596  -1.32891  1.22258  1.89461  19.3054  -11.2356  -42.5742  -2.74972  18.3709  7.41962  -18.9583  24.1231  12.2246  10.8032  -0.194243  -3.43631  
-0.109631  1.20937  -6.46545  -11.883  -4.69976  -10.9575  0.669662  -29.7028  1.46126  -0.338516  -26.1008  -1.74681  4.50454  5.25781  3.62152  2.30047  -10.2924  0.111562  -6.35387  -2.77313  -0.454879  -50.6686  -2.84165  -1.35214  12.1896  0.119215  -13.0467  4.10265  -9.5103  3.0841  29.6257  -10.9351  -19.4376  3.78268  5.55826  10.9273  -77.3602  132.606  6.52775  7.90253  5.04627  -0.95921  
-1.04842  4.97786  18.6603  -1.45783  -0.435615  -17.6223  -2.26963  -38.0513  0.636466  6.37757  -18.9431  36.7989  4.63678  0.129354  1.03608  -5.76027  -8.20798  -1.21371  -10.5744  -1.02288  -6.11641  -26.054  -21.0493  -1.26982  -0.500352  -0.828563  -14.5111  4.35487  -24.9692  0.372703  43.9525  -9.41312  -4.22751  7.64965  -11.2733  4.13387  -106.945  117.057  -3.4303  5.83749  6.29606  -0.242119  
-1.83258  5.51438  45.8768  3.38799  1.14613  -15.6851  0.666355  -26.7637  -2.49004  8.25281  -24.428  27.6673  8.74753  -0.729909  -1.73841  -6.52048  -10.567  -3.8053  -19.6154  -3.33008  -15.2012  -2.15382  -4.62128  -3.3611  -22.8767  -1.4809  -9.35792  4.43212  -31.6003  -4.15427  80.4917  -15.4287  -14.665  9.3912  -9.58173  2.3263  -137.176  -4.49899  -6.90248  7.78534  2.50711  -3.13329  
-1.97827  2.82648  61.0879  -0.320604  0.374463  -7.70377  5.21236  -6.69374  -5.39666  4.34133  -34.3564  -10.3245  14.1211  2.79326  -1.93044  -1.52804  -14.6992  -4.72926  -25.3998  -6.69019  -19.5282  7.60175  24.6585  -5.26642  -37.1115  -1.53812  -3.86061  5.81294  -24.6389  -6.44151  108.743  -23.6747  -35.1582  7.87065  7.22826  7.55732  -153.35  -110.23  -2.76465  10.5409  -2.43157  -6.06823  
-1.21412  0.376314  48.3629  -3.94844  -0.0151431  -0.665657  4.99931  4.77025  -4.1205  -0.853721  -25.968  -22.7374  11.742  4.06779  -0.879313  1.4449  -10.6669  -2.60475  -17.0453  -5.54282  -12.4485  5.36122  25.5692  -3.59802  -28.2371  -0.94869  -0.608344  3.96379  -9.2775  -4.24867  75.9292  -18.1821  -32.16  3.57644  13.8113  8.17576  -109.515  -103.803  1.28118  6.96521  -3.5492  -4.00129  
0.210719  -0.269799  12.2667  -0.892283  1.07358  2.44744  -0.977604  5.44845  1.7788  -4.15831  6.53496  7.88174  -0.479124  -0.142574  -0.576145  -0.673869  3.85836  1.63319  5.58896  1.05685  4.38712  -1.31324  -9.77395  1.80484  1.35947  0.0425509  1.44579  -3.4474  6.7774  1.37837  -22.0501  4.867  1.63837  -3.29237  0.114373  -1.66793  0.767908  5.13687  0.948755  -4.06165  -0.273734  3.40903  
