-0.0467717  1.93806  0.323462  177.362  9.04938  -11.7747  -0.0634822  6.82473  -1.8148  0.408472  -3.9055  -0.219325  -0.94945  -0.718094  1.62928  -0.943749  0.131871  -1.30543  6.401  2.37289  17.4595  -0.367983  -8.93895  -0.867293  3.67176  0.622145  -1.32247  2.79799  -7.71017  -3.71687  -0.417651  -0.605172  -0.382428  -3.66687  -0.458394  -0.0824448  7.31968  0.348638  0.0700037  16.8007  -0.634747  11.7445  
0.382449  -7.46326  -0.0825094  28.8716  -26.1373  -70.6983  0.114271  7.70478  0.656605  -1.47473  30.5515  5.06884  -4.29934  2.60141  3.30659  8.03255  -0.0262366  4.50304  -26.4285  0.357164  4.70312  1.86293  6.75635  -1.23285  4.35975  9.54173  11.7419  35.2676  -161.558  4.86687  -2.3314  -8.53998  -1.78859  9.1594  -0.123477  1.38433  1.2959  -2.07582  2.86932  -54.8207  -1.63458  -34.8307  
0.597152  -14.3884  -1.45615  -123.917  -27.6709  -59.0071  0.219678  11.2096  3.80365  -2.39184  35.5226  9.83901  -4.34493  4.13652  4.57401  11.6983  0.627301  14.4918  -36.6258  0.483498  -5.81546  1.86499  15.5501  -2.18857  4.85026  11.1516  17.0725  35.1504  -193.116  15.4223  -2.44145  -9.79263  -1.32612  22.2082  -0.474366  3.19697  4.19072  -2.96542  2.63044  -97.836  -1.26012  -63.7605  
0.576526  -17.4814  -3.63336  -304.835  -2.88215  -7.67714  0.362258  11.3803  5.29864  -2.4751  15.8262  11.7451  -1.03901  3.09687  4.84708  10.0917  1.75493  22.8327  -26.5972  2.36925  -13.1423  0.0317745  15.0148  -2.89958  3.90712  4.14382  13.2835  10.681  -108.112  21.5433  -1.43242  -3.75822  0.963647  29.397  -2.26028  3.78267  10.8996  -2.94454  -0.545207  -102.437  0.603228  -72.3196  
0.309588  -17.9899  -5.27929  -439.759  9.76891  2.70891  0.45838  2.61028  2.43148  -2.16497  -2.00436  9.1774  2.74953  0.279414  3.90922  7.27085  2.17802  25.5475  -16.738  3.86284  -17.9231  -0.566473  8.4768  -2.09848  1.80349  -6.05716  6.91685  -4.26404  -14.3147  15.4764  -1.31495  3.10873  3.03799  25.7773  -5.37783  1.65544  10.6947  -3.61345  -3.34904  -77.524  2.88206  -66.8298  
-0.304063  -17.8549  -5.3814  -428.297  -5.59187  -29.643  0.0798535  -9.49682  -2.72877  -1.46833  -6.15411  4.47012  3.8024  -2.47152  2.04712  5.538  1.35705  34.973  -16.719  2.6044  -18.7185  1.35035  1.24399  -0.0137018  0.0805096  -12.0104  3.47869  2.88745  18.0134  1.53909  -2.26433  5.05751  2.98237  16.7  -9.40609  -1.83984  1.77694  -5.14832  -3.1335  -37.9363  3.32019  -50.5044  
-1.05936  -14.4873  -4.08261  -233.537  -28.2718  -34.9659  -0.8367  -12.5154  -5.09382  -0.127179  -5.59814  1.66078  1.51449  -3.44454  -0.241808  3.28907  0.0940512  54.8895  -15.9022  -1.55164  -17.0354  3.69146  -7.91894  1.67787  1.04871  -10.8876  4.4269  14.0271  -1.70674  -5.73857  -2.26414  2.49846  1.43289  10.2044  -11.9533  -3.64109  -4.22647  -5.46294  -0.746373  4.09941  1.66325  -21.7099  
-1.31371  -4.417  -2.2962  3.86467  -29.7515  9.14581  -1.49795  -6.21743  -1.66514  1.39277  -6.89691  1.76316  -1.81206  -2.96537  -2.5464  -0.612417  -0.350405  61.9342  -3.13181  -6.8323  -16.629  4.04991  -20.7304  1.86271  4.39334  -5.85102  7.78933  11.1251  -31.1401  0.130827  -0.0595551  0.734425  0.768969  5.3648  -10.0623  -2.8842  1.7814  -2.71224  0.43469  38.4901  -0.152086  13.1421  
-0.701238  8.45146  -0.785359  138.541  -9.30223  45.0323  -1.09988  -0.163271  4.62348  2.33168  -3.39622  2.197  -3.33974  -1.66847  -5.26248  -4.00876  0.340466  31.327  14.3212  -9.12305  -16.2793  2.70384  -32.1814  1.39492  8.71715  -2.01677  10.0061  -1.92082  -55.5745  8.59718  3.021  1.93391  1.71082  -5.11731  -1.64386  -1.81085  13.637  1.41356  -1.13502  54.3669  -0.0640944  40.8389  
0.157622  12.7409  -0.263118  177.382  11.1793  18.2399  0.0213351  -0.627409  8.48691  2.47183  5.9499  1.00696  -2.23967  -0.479053  -8.32388  -3.72314  1.26337  -23.367  18.784  -6.29016  -8.48483  2.09447  -32.4493  1.4724  12.8719  -1.67438  8.10223  -10.8782  -66.156  5.25384  4.01095  3.27535  1.5636  -18.9874  9.74681  -3.02652  16.5011  3.37892  -3.45786  45.0863  1.73637  49.1566  
0.26204  4.11408  -1.01469  205.706  14.8164  -40.9086  0.716731  -1.79096  6.23406  2.02932  10.2448  -0.837653  -1.28124  0.202468  -9.70343  -0.524642  1.34217  -55.8035  4.15751  -1.03951  9.43432  2.19604  -24.91  1.47621  17.3472  -3.56307  2.75599  -12.1755  -53.7164  -8.86719  1.99426  1.7425  -2.10007  -22.3903  16.5194  -6.17433  6.28876  1.89632  -4.17618  19.6706  2.75179  39.9217  
-0.457525  -6.23345  -2.08951  217.148  6.46096  -63.1965  0.487753  -1.53801  -0.311765  0.94449  1.99917  -1.59225  -2.91843  0.0666934  -7.15504  1.14884  0.738721  -41.0353  -14.8091  0.528706  26.3849  1.16725  -27.2551  -0.239073  21.3035  -5.2135  -0.958955  -9.6124  -8.35897  -17.9367  -1.1029  0.042559  -7.21064  -9.32893  13.0696  -8.10852  -4.12689  -0.30739  -3.27627  2.54009  1.22271  23.9599  
-1.01074  -3.72315  -1.94316  128.623  -0.165775  -23.8991  -0.0408876  -4.27425  -5.39329  -0.729482  -6.28494  -1.19111  -6.04128  -1.13874  -1.74172  -1.77408  0.538227  -2.60534  -19.719  -3.35834  30.1593  -0.938919  -44.1409  -3.68819  23.5264  -5.27825  1.01163  -2.11718  44.6268  -10.7681  -2.65689  1.19449  -8.47741  7.41954  2.87173  -5.83378  -3.36056  0.358467  -2.033  12.1526  -2.01666  9.85577  
-0.65197  8.6997  0.156867  17.3838  -0.209136  39.6283  -0.14157  -9.99347  -3.8085  -2.16402  0.326006  -0.633999  -6.21354  -3.1724  2.44056  -6.7481  1.20262  17.8802  -8.43461  -7.56321  21.7279  -1.4229  -49.7265  -6.24562  21.7949  -3.91061  8.00683  11.2052  63.4776  6.1195  -2.10552  3.48591  -3.94424  11.1119  -4.76639  0.819613  4.78106  3.34595  -0.144697  37.9129  -4.15226  -1.13451  
0.156317  13.5538  2.56118  133.993  2.25368  81.4349  0.11262  -8.83018  2.25261  -2.11283  17.3905  -0.0362619  -2.07512  -5.75068  2.37286  -8.90663  1.67629  8.60804  4.62186  -7.72719  14.6895  0.504665  -16.3459  -5.75402  13.1578  -2.36663  12.9148  21.6241  49.5734  17.481  -0.967108  1.00858  2.1341  2.56913  -4.78619  7.67166  7.26144  4.13084  3.01546  50.4447  -3.83882  -11.6966  
0.463792  2.62986  2.21703  460.446  1.44394  81.7156  0.248057  4.75582  4.88181  -0.601832  23.3261  0.8227  1.8458  -8.06822  -0.34386  -5.89779  0.386181  -14.4359  7.93803  -6.75384  15.1475  1.34546  40.2005  -2.93059  -3.31251  -1.95959  10.1712  17.5552  25.9643  15.0377  -0.899453  -6.35137  4.24174  -2.69256  -2.36612  8.96041  0.936228  -0.0945969  6.24474  38.2696  -1.68262  -23.0082  
0.055027  -10.9711  -1.79342  512.767  -1.55087  47.3671  0.130601  18.9838  -0.472578  0.767417  6.88546  1.54545  -0.541776  -8.71985  -1.56038  0.485614  -2.53715  -37.3946  4.06824  -9.78471  14.2579  -1.79906  66.166  -0.343564  -21.33  -2.83225  0.536054  1.45546  -4.05591  3.44034  -1.80068  -11.3879  1.9216  2.86792  -3.62761  3.96301  -2.76727  -6.16672  6.74675  22.1974  0.813954  -29.5737  
-0.423505  -10.7132  -6.04936  8.47355  -1.04704  0.673088  -0.013706  19.6058  -8.37664  0.432964  -15.9109  1.38038  -7.04631  -6.49973  -0.195793  6.36407  -4.88702  -55.1879  4.31503  -14.069  3.09567  -5.74995  39.5097  0.6741  -29.3659  -3.58776  -8.98577  -9.63034  -46.3997  -7.87873  -2.89698  -8.64613  -0.469946  10.1648  -7.15659  -1.81509  4.69632  -7.70714  3.59495  22.5771  1.92017  -24.6594  
-0.407389  1.40068  -5.57505  -592.266  4.74278  -33.3937  -0.0785364  10.7203  -9.65579  -0.614461  -22.4172  0.658902  -8.63666  -1.38895  1.54518  8.03984  -4.64464  -53.1096  9.91655  -10.1031  -14.6306  -4.9791  -1.73919  0.926662  -23.4844  -2.56571  -12.2481  -4.43794  -87.6679  -11.7526  -4.00176  -1.98661  0.0994665  8.413  -4.73462  -1.3879  15.5715  -2.26336  -1.46714  28.8704  1.03969  -9.03423  
0.0418235  9.09379  0.344415  -565.189  10.3448  -53.7198  -0.0834273  8.04845  -2.74686  0.30074  -8.03489  0.385632  -0.329312  4.96758  1.9899  3.55598  -2.21792  -16.4582  11.1569  5.68418  -30.2795  0.773309  -8.75578  1.34162  -13.6233  0.110411  -8.33883  9.35638  -95.3076  -6.49807  -4.61284  0.628593  2.18038  -0.541052  5.1571  5.07273  15.5513  4.92027  -5.62823  17.7789  -0.89016  6.42719  
0.547761  4.60031  6.97027  51.7899  7.2965  -78.8022  0.0255473  12.447  4.91779  4.40548  8.35438  0.925721  10.6467  9.59245  2.30778  -4.97248  0.195878  35.739  2.31357  22.9481  -35.9732  6.33224  13.2506  1.57397  -11.1623  2.62705  -1.37783  16.9497  -63.7079  4.52591  -3.3667  -1.79212  2.66242  -7.5107  14.1942  10.2482  5.28387  6.67604  -6.18701  -8.25931  -1.66456  12.1906  
0.894129  -2.9748  8.97559  390.848  -4.66321  -111.31  0.284862  8.34321  6.39935  8.65361  7.71948  1.5719  12.4464  11.1636  4.17122  -11.6853  1.3383  52.1657  -9.66658  28.407  -29.8493  6.99832  19.591  0.771229  -12.3352  3.5977  3.16467  14.3278  -21.5594  12.7177  0.548754  -3.14271  1.33485  -8.97965  13.5283  8.02065  -1.97897  2.17858  -1.76853  -27.694  0.400511  12.1823  
1.04822  -3.38073  5.58306  -29.18  -16.3559  -118.212  0.518278  -4.26075  2.8847  8.6591  -6.99003  1.62894  3.51389  10.5864  6.4069  -10.7957  1.8825  9.52176  -13.8679  19.7571  -12.15  4.82948  -6.97555  -0.855009  -3.38221  3.34056  1.43753  12.1227  5.57243  10.4174  4.82295  1.44939  0.402054  -7.85163  4.19894  0.36396  1.52549  -1.4117  5.65805  -38.7253  3.02426  16.9817  
1.04121  2.2251  0.384501  -609.272  -15.7003  -68.0309  0.542892  -5.29908  -0.790382  4.41693  -15.2385  1.12795  -5.88523  9.98252  5.90374  -2.74387  2.64093  -45.9699  -8.57319  7.5773  7.2555  3.16853  -32.3649  -2.04664  17.1158  2.90745  -3.67386  20.6223  25.1292  -1.88992  6.16493  7.21348  0.92907  -4.40034  -4.82527  -5.41944  6.28234  2.46134  10.8974  -58.9891  2.20166  28.6053  
0.872861  4.17702  -2.99487  -534.232  -4.10348  11.9721  0.385527  13.1769  -2.55244  1.37936  -3.6959  0.631819  -7.5312  8.74147  2.28521  5.54326  2.94767  -48.4492  -1.56538  2.49715  13.3701  3.20009  -20.7985  -2.15146  31.1436  2.57057  -2.97917  38.0077  57.6706  -14.1171  5.0215  7.20625  1.31894  2.68191  -7.08925  -5.8178  3.7754  10.8782  9.74127  -80.4421  -2.58531  34.9251  
0.483406  -1.22548  -3.93888  106.577  4.98281  58.3376  0.118955  27.2095  -3.77478  3.23571  17.4272  0.316595  -4.85636  4.13028  -0.855859  8.4311  2.13077  5.39356  1.08437  4.13694  1.83395  2.5888  16.8118  -1.86517  22.2595  1.74647  5.62748  50.864  76.0425  -15.7043  5.3542  0.991568  -0.0113534  10.1668  -4.40069  -3.52158  -1.36891  13.7504  3.82936  -62.1245  -6.48854  24.3935  
-0.233023  -7.93521  -3.60316  426.346  3.93109  48.8474  -0.340175  10.5205  -4.77166  5.65498  28.2916  0.107805  -5.07098  -4.19345  0.0510437  7.19856  1.04545  46.4745  -1.59876  4.90731  -12.6926  0.336841  38.5516  -1.96878  -1.67865  0.242975  15.2304  45.7512  49.935  -5.77234  7.97068  -5.41964  -2.49099  9.9139  -1.44867  -3.16859  1.98889  5.13738  -1.37767  3.74941  -4.94458  0.99965  
-1.16784  -9.51389  -3.07488  64.7625  -0.84522  25.1703  -0.96737  -19.2525  -4.31184  1.16381  21.1882  -0.00321983  -8.79988  -11.4932  3.80666  6.88348  0.964222  22.0648  -5.63278  0.96182  -12.9986  -2.9903  23.9992  -2.11464  -17.6663  -1.16644  14.2924  19.8257  -4.47899  7.15136  7.79726  -7.72056  -4.09454  1.28299  0.27295  -5.03146  11.2205  -9.01367  -3.26384  60.6113  0.504144  -19.1874  
-1.85564  -5.64045  -3.40631  -350.58  1.86111  28.9342  -1.36642  -21.3075  -1.86078  -9.96324  6.996  0.0576739  -10.0902  -13.2449  5.88993  8.14612  1.14916  -30.8528  -7.49239  -4.76824  -2.97723  -5.6407  -7.66611  -1.14944  -13.5826  -1.67034  2.57192  -17.704  -28.2729  12.6067  -0.039176  -7.40751  -3.80928  -5.80985  1.42367  -5.07835  12.6309  -16.5868  -3.37748  56.5312  3.63865  -25.5562  
-1.79606  -1.21127  -4.77007  -150.039  10.4589  43.2381  -1.1192  10.4687  1.55149  -17.6602  -1.37591  0.187912  -5.44023  -11.4762  3.94939  6.97411  -0.557463  -38.6588  -4.52726  -6.73792  1.68712  -6.6849  -27.2831  0.66847  1.66479  -1.31396  -7.51134  -52.9154  1.71284  6.95459  -11.5866  -6.65559  -2.26296  -2.96311  2.17181  -0.830577  1.17348  -12.4122  -3.14054  21.0004  1.79123  -20.4264  
-1.06974  -0.20176  -5.49447  444.005  11.0174  23.6268  -0.455601  35.8579  4.93537  -13.5723  -3.33863  0.0717049  1.33114  -11.5305  1.05116  2.91839  -4.2502  6.71199  0.571291  -5.27117  -2.14412  -5.50024  -24.3614  1.55  12.6006  -0.849795  -7.38756  -72.3147  31.9048  -4.67204  -17.3639  -5.63016  -0.456761  4.66585  2.05862  5.15193  -10.7338  -2.78101  -1.70694  24.8668  -1.08752  -14.1893  
-0.28092  -2.63714  -3.24557  663.601  -3.63325  -29.6618  -0.0232442  22.5227  7.10055  -1.41784  -5.21826  -0.202139  5.00825  -12.7339  1.4568  1.38118  -6.54918  41.9057  1.27373  -5.10211  1.69686  -2.21678  -10.3636  0.195582  13.9198  -0.729098  -1.36701  -66.1984  -0.287713  -13.583  -13.1056  -4.15003  1.17486  4.75475  1.14181  7.98022  -9.51311  2.17751  0.509783  81.175  -0.731177  -13.6215  
0.160824  -4.38665  1.62019  288.926  -21.1504  -66.2782  0.0149322  -6.3289  6.57185  7.20952  -9.93806  -0.193256  4.98915  -7.25587  4.96624  5.23984  -4.34315  23.8696  -5.03631  -8.40978  18.1864  1.22635  -0.349887  -2.32916  9.20458  -0.703327  2.37839  -36.4299  -77.4542  -13.446  -4.37342  -2.40729  2.30569  -4.98882  1.42747  5.20369  -0.931451  -0.739671  0.286289  132.302  1.67585  -15.2484  
0.383191  -2.7842  5.71361  -161.855  -21.1992  -60.6924  0.124164  -6.87152  2.70714  6.22863  -12.1377  0.544896  2.57745  7.31065  6.31178  8.40816  0.760887  -12.9609  -10.762  -11.863  25.5437  2.70084  0.196796  -3.69024  3.59752  -0.286863  1.11214  -0.819732  -113.323  -3.74305  1.33359  1.31324  2.22076  -12.9882  2.29166  -0.475379  0.948677  -6.00674  -3.06979  136.739  1.85279  -10.7494  
0.615251  2.01481  6.23568  -193.702  -2.6846  -30.9678  0.564288  21.5647  -1.66028  0.219404  -8.18732  1.58428  -0.304246  20.3154  2.03221  3.6354  3.68288  -14.6513  -6.38221  -10.4498  4.18729  1.66607  -6.54693  -3.12598  0.187417  0.354598  -2.18255  17.6812  -57.9232  9.3488  2.63378  8.56706  0.83921  -8.67212  2.35319  -4.68679  -5.93231  -6.603  -4.59397  110.395  -0.632151  3.45623  
0.6552  7.72882  4.59476  45.9362  14.7172  -11.3064  0.784173  37.202  -2.82258  -2.81153  -2.31129  1.93249  -2.00862  19.5156  -4.7224  -6.34267  1.80799  14.3506  5.48267  -4.05369  -29.7315  -0.480729  -11.4444  -2.29636  -1.02419  0.61429  -5.50121  12.875  28.197  16.8166  3.18961  16.9178  -0.581405  4.41252  1.14517  -5.81386  -9.91724  -1.40481  -0.419451  77.8713  -2.20497  19.0912  
0.126132  11.2608  4.04888  90.3368  12.0847  -6.81221  0.0883974  15.602  -0.849931  -0.766689  -0.829457  1.04322  -0.49342  6.99537  -8.07329  -11.3705  -1.56852  29.4713  12.0102  2.6506  -39.5779  -1.75669  -7.95887  -3.00454  -2.04836  0.1943  -9.19236  0.696379  52.6335  12.1803  4.41254  18.7494  -0.402432  13.2652  0.716938  -5.23871  -2.35707  4.60884  5.32457  32.0035  -1.06521  20.9155  
-0.858378  9.94984  4.39178  -183.943  -6.87414  -6.19385  -1.28533  -15.8793  0.827183  1.82398  -5.03715  -0.339067  3.96497  -2.19208  -6.46302  -8.00246  -1.30753  12.1947  6.38783  6.54602  -17.0483  -2.35876  4.72797  -4.80245  -4.68332  -0.416447  -8.69579  0.424001  2.61509  -2.38531  4.22521  8.08996  1.11672  8.66527  2.5589  -4.46572  8.2663  5.87647  5.54331  -30.3578  0.649296  3.52164  
-1.61319  2.21534  2.74056  -384.144  -19.9768  4.02992  -2.22174  -20.0847  0.438308  0.574224  -10.3973  -0.829075  7.5238  0.546356  -3.92849  -3.58252  2.75977  -8.67777  -2.56509  7.61034  6.41018  -3.40363  18.7098  -5.39105  -5.86075  -0.498424  -0.358703  9.96124  -47.5626  -16.6011  1.64554  -9.6906  1.8764  -4.34907  4.15769  -3.12674  9.99039  1.85909  0.426156  -71.6576  0.396557  -18.8652  
-1.51649  -8.09798  -1.49604  -178.078  -12.2937  35.185  -1.86239  -0.695812  0.265209  -3.70355  -12.0159  -0.0321526  5.67322  7.85515  -3.86291  -3.88974  5.00812  -11.0555  -4.22594  7.70468  3.16215  -5.56372  24.5087  -3.16492  -1.47134  0.0915006  9.77656  12.048  -29.6254  -18.5774  -1.10053  -21.5879  0.527703  -12.5444  2.16674  -0.337657  3.74119  -3.10715  -2.27033  -57.0704  -1.00367  -24.8838  
-0.652052  -11.6067  -4.35153  214.361  7.08449  79.7058  -0.531224  8.94416  2.33916  -6.14476  -8.87442  0.974421  -1.28808  8.07763  -4.93533  -4.58219  0.961021  -3.1356  1.60308  7.86667  -12.0781  -7.94619  20.0302  1.0327  7.3493  0.677345  12.4223  0.596965  33.6657  -6.46115  -1.58879  -19.653  -1.47101  -8.88565  -3.28184  3.33077  0.157803  -4.39712  0.97776  -12.5338  -1.01811  -8.5688  
0.271666  -3.73842  -2.89915  332.97  16.9891  97.0914  0.63819  -4.11485  4.85179  -3.60564  -3.79947  0.94994  -8.65057  0.13632  -3.89923  -0.325006  -6.71236  2.7231  6.34484  8.48374  -3.60947  -9.06786  14.1536  4.76976  14.9454  0.621354  7.98923  -10.5749  52.2179  9.18065  -0.450237  -8.02106  -1.68783  0.494045  -7.96653  5.65119  1.73231  -1.42219  4.44442  3.29954  0.192036  13.7032  
0.669978  7.73171  0.953637  142.1  8.55773  38.6399  0.916412  -15.9134  5.1054  2.00834  -1.8485  0.144938  -11.9773  -6.84438  -0.166448  5.14548  -10.6206  9.57417  6.37332  10.3013  31.5152  -9.109  16.6027  6.0381  18.8245  0.20725  6.914  -9.79666  -10.1598  14.5956  0.100688  2.13259  -0.010869  3.61017  -7.71012  5.40589  4.65336  2.53372  1.70603  -21.4247  0.659458  24.3964  
0.59674  9.86988  2.4306  17.4799  -4.92403  -69.0515  0.602482  -5.46046  3.44135  6.39262  -4.27066  -0.131553  -9.15945  -6.94075  3.33957  4.28478  -7.0115  18.8269  3.84079  11.9603  54.3474  -8.98384  22.6318  4.90911  21.4687  0.307694  13.1913  -5.43861  -78.8483  5.32704  -0.543541  5.95211  1.00063  -1.73629  -4.29181  2.52146  5.15562  3.98673  -4.45768  -41.3778  -0.443814  22.5972  
0.552356  1.88227  0.175718  152.225  -6.38498  -123.935  0.486839  17.9832  2.09727  7.54098  -6.66916  0.56861  -2.41809  -2.70765  4.44074  -0.985085  0.0636129  14.4144  1.64414  10.5175  35.844  -9.47465  19.4204  2.99517  21.4397  1.10959  14.9911  -12.621  -72.2847  -9.58587  -1.05951  7.56147  -0.30781  -4.81247  -3.15577  -1.84502  7.70783  2.33867  -6.01891  -22.1198  -1.75065  17.9178  
0.851587  -3.23652  -2.80663  222.6  3.32421  -64.3297  0.868267  27.1312  0.590898  7.08371  -3.10987  1.22034  4.11073  0.715804  3.75944  -1.88621  3.8998  -8.03676  -0.197316  5.25465  -8.73103  -9.26083  2.03024  1.89089  11.486  1.76747  3.25276  -27.1731  3.54099  -17.0237  -0.420899  11.3792  -2.0353  1.62561  -5.54687  -5.24877  13.966  -0.592326  -1.01549  14.6165  -2.04611  15.2787  
1.2323  3.65475  -3.69193  -24.5413  8.20233  43.427  1.28183  12.8923  -3.2536  5.95251  5.69563  0.86968  6.35903  2.84685  3.07711  3.66904  2.6575  -24.8047  -1.1029  -0.850126  -35.2808  -6.12081  -16.2959  1.65581  -8.75742  1.4851  -14.2374  -27.491  69.3116  -11.6929  0.778215  14.0229  -1.2183  9.70447  -5.99833  -5.45261  16.0405  -3.0063  4.03202  27.4948  -1.48816  9.16078  
1.25894  12.9333  -3.05143  -276.451  -0.626233  79.3919  1.23381  -5.53182  -7.86227  3.26239  12.2622  0.0384801  2.48239  5.47661  3.12229  7.47569  0.0962  -13.7181  0.135034  -3.92365  -25.487  -0.447391  -19.4202  1.39685  -26.4466  0.7694  -20.6164  -3.24839  72.1343  0.273034  1.32078  7.96635  1.76739  6.09042  -1.0101  -1.93394  5.36446  -3.77465  3.29389  6.51629  -0.799984  -2.93159  
0.857926  10.8417  -2.20966  -52.3129  -11.9403  22.0706  0.784307  -10.2157  -8.22352  -1.01632  10.8675  -0.0175342  -3.99896  8.71874  3.22185  3.84961  0.410742  5.91203  1.21624  -2.63069  -1.74823  4.83203  -5.32281  0.472771  -25.78  0.658645  -11.8693  24.9581  38.5865  7.46823  0.739155  -5.4886  3.26684  -7.86367  6.28067  2.44756  -15.4417  -2.44534  -1.04594  -24.3746  -0.739626  -15.7607  
0.346061  -0.650564  -0.275179  427.24  -6.99035  -38.4161  0.298583  -1.08225  -2.45903  -3.56377  3.53094  0.800869  -7.48212  9.70838  2.14037  -1.32784  3.40188  -2.54693  -0.563314  1.75296  5.44317  7.09994  13.0587  -0.801346  -8.90047  1.07479  0.0194929  25.9778  12.8575  3.59457  -0.391048  -14.1586  1.41903  -15.7211  8.41437  3.84452  -30.0521  0.209548  -2.90756  -40.8495  -0.82303  -21.5082  
0.0180493  -5.9846  3.67737  502.748  15.185  -29.3481  -0.0742387  7.91799  4.47556  -1.3978  -2.16519  1.35869  -4.7476  7.09102  -1.04889  0.198909  5.22622  -35.0547  -2.98258  6.62354  -4.16474  6.78391  24.8126  -1.75047  6.52849  1.01543  2.27683  -3.97584  -4.71498  -4.86056  -1.18244  -8.29495  -1.02756  -8.11348  3.38876  1.98166  -26.9868  2.13088  -0.700667  -38.5527  -0.711696  -19.6297  
-0.139065  0.0247013  7.18252  65.149  35.8171  19.1844  -0.433383  8.18816  6.31323  3.21917  -2.10982  0.939288  1.24247  2.71033  -5.69826  6.03235  2.81939  -47.0854  -0.448428  9.32  -11.8603  6.05512  28.3827  -2.0011  6.16812  0.282976  -3.2102  -31.6691  -45.9926  -5.8345  -1.80211  5.73769  -0.26614  5.19067  -3.42225  0.245374  -11.4818  1.53833  1.86859  -26.781  -0.146385  -15.2993  
-0.407342  4.98864  6.26525  -203.225  35.2604  42.1225  -0.890804  2.40941  2.58874  5.0017  3.07044  0.0396986  5.36394  -0.255999  -8.94168  5.69885  -2.63493  -12.5705  6.47439  7.62365  -5.19842  5.39715  26.0904  -1.86696  -6.55505  0.118223  -5.30954  -25.2272  -92.5502  3.60041  -2.86339  12.98  2.77761  9.29102  -5.36834  1.14244  2.34566  -0.959729  1.49961  -14.4412  0.732938  -10.0663  
-1.05112  -1.0657  1.33452  134.763  12.3658  31.4152  -1.48875  -2.90554  -1.70613  2.19144  9.69106  -0.385708  4.97115  -0.485186  -8.38023  -4.26319  -6.67272  42.1378  11.0218  3.07531  6.62392  3.88098  22.0508  -1.79772  -17.1123  1.29699  0.107037  8.53105  -87.0495  11.7876  -4.13984  7.78095  3.11477  1.14875  -1.29744  3.01818  5.3551  -2.69265  -0.694671  -5.37951  1.4838  -2.24428  
-1.94021  -10.0111  -2.49433  552.302  -13.0992  14.3884  -2.12161  -3.15455  -2.68596  -1.24518  13.9625  -0.0738713  1.91959  0.657795  -4.85101  -14.7318  -6.19657  77.2957  7.9729  1.01104  9.13882  1.47612  20.5216  -1.78293  -15.7504  2.42853  8.05254  31.4203  -15.9928  6.23432  -4.4404  -1.1904  -1.60839  -8.73286  3.82501  3.07158  3.77676  -1.75088  -1.76304  1.43683  1.35047  8.63017  
-2.37168  -7.45795  -1.50527  353.734  -22.0976  -1.96218  -2.27266  1.27585  -1.54553  -1.77334  11.8771  0.66472  -0.835241  1.01747  -1.50473  -15.3555  -2.54378  81.3279  1.78538  4.87082  0.906829  -0.148552  23.1471  -1.22704  -5.8559  1.6723  12.3192  20.9964  58.9656  -9.32102  -3.01225  -4.23821  -7.43168  -11.3602  5.17323  1.33647  6.83993  0.826419  -1.0737  5.7533  0.233798  18.3758  
-1.50991  3.41064  1.97697  -245.943  -11.8476  -30.9663  -1.22245  5.74128  -1.61811  -0.587871  3.73256  1.37352  -1.95376  0.347293  0.0612077  -6.06317  0.64202  65.7407  -0.704209  10.1538  -8.18919  -0.158765  25.0058  0.351156  2.07987  -0.266038  11.3726  -4.04493  51.6958  -18.6457  -0.659173  -3.82057  -8.28892  -6.95349  1.68008  0.639855  12.2333  2.32759  -0.192588  6.84151  -1.57385  20.4061  
0.429894  6.30519  2.88999  -481.807  2.77315  -59.5277  0.80668  6.30761  -3.03479  -0.875006  -5.9022  1.47698  -1.15909  -0.369526  1.44695  3.90842  1.97578  31.2162  0.230479  10.2215  -11.3514  -1.07445  18.216  2.11116  2.67792  -0.809995  7.23766  -13.2513  -22.7938  -13.4371  1.13672  -7.23057  -3.35016  -1.15148  -3.96188  1.30618  8.94542  1.18464  -0.369872  8.13991  -2.8089  12.5142  
1.82484  -3.58761  0.261751  -162.754  4.29805  -56.3753  2.11151  4.54238  -2.99488  -2.65109  -11.538  0.860372  0.951779  -0.898063  3.67182  7.14837  3.01026  -18.1081  -1.9898  4.4689  -10.4218  -5.4929  2.34077  2.44752  -0.868705  0.999812  2.65258  -2.55956  -64.7553  -1.85132  1.59235  -14.1289  2.20151  1.37388  -7.43945  0.517442  -3.01608  -1.55161  -0.968918  15.203  -2.31601  0.604029  
1.26002  -11.4663  -1.70239  34.0919  -8.19281  -15.6812  1.23086  5.56809  -0.412591  -3.14402  -12.2582  0.469753  4.2044  -1.94506  4.66221  4.42048  4.46916  -59.2488  -9.46653  -0.800068  -9.05908  -11.1356  -14.7592  1.34393  -0.458701  2.87589  -1.76647  5.93256  -20.7751  4.31778  1.01416  -15.7985  3.23841  1.21851  -7.41953  -3.1405  -8.35456  -3.44233  -1.05122  24.5229  0.491521  -5.1549  
-0.555087  -3.95566  -0.0704759  -279.778  -19.2966  30.387  -0.893835  11.3641  2.13793  -1.24461  -12.8721  1.47064  7.4531  -4.07834  2.32987  0.563163  4.47646  -65.5712  -13.8911  -1.5305  -6.00235  -12.1782  -29.6319  1.10242  4.74794  2.40898  -6.3884  -2.33267  41.827  4.06824  0.57989  -8.96688  0.0215238  2.18139  -5.4914  -6.82017  2.90227  -2.96252  -0.722823  20.7922  4.37729  -2.00117  
-1.31923  11.8903  3.23992  -725.943  -13.4589  55.2472  -1.61998  15.7791  1.87669  0.994003  -15.8852  3.41926  8.96872  -6.2527  -1.19406  -1.42261  1.75138  -44.734  -9.70022  -1.73126  2.07556  -6.90347  -42.2927  3.53463  6.99082  0.440265  -9.75304  -16.7794  15.9639  2.17747  1.19224  -0.558787  -2.86199  5.01953  -4.48787  -7.25638  18.0538  -0.422801  -0.399189  -4.70915  6.75452  0.94652  
-0.0179198  17.5476  3.82331  -695.077  9.81395  52.7712  0.0427563  14.6408  0.138789  1.61164  -19.005  3.96689  8.20865  -6.33346  -2.34405  -2.15184  -1.86394  -26.6555  -0.740392  -5.64012  11.2498  -0.141655  -43.0089  6.71865  0.0170731  -0.220042  -9.80633  -20.8794  -93.2047  -0.462887  2.71711  2.60113  -2.07061  6.30245  -4.32504  -4.97602  17.6101  2.35535  -0.0394542  -36.0446  6.16075  -8.92754  
1.69651  8.05971  0.991176  -170.655  30.7369  27.4305  2.00425  13.5499  -0.018105  1.21056  -16.7941  1.55315  5.80687  -3.85278  -0.846102  -3.22846  -3.88937  -21.9271  3.37506  -10.4572  14.5984  1.73082  -17.8179  6.47839  -12.067  1.17397  -3.6833  -13.662  -169.325  -4.93029  4.00964  2.45755  1.28112  3.20958  -2.49296  -2.97058  1.19972  3.56336  0.624383  -45.2727  2.59493  -26.3203  
1.60891  -3.1969  -2.13638  328.539  31.2434  -3.63608  1.78138  15.3703  1.35463  1.14987  -7.53096  -1.94502  2.55705  -0.685363  -0.762659  -4.47193  -4.72548  -10.4492  -0.963441  -9.78925  9.49733  0.116605  24.0706  1.37974  -17.6653  2.55994  7.19218  -5.3096  -125.326  -7.08397  3.60057  4.32905  3.43624  -0.24793  2.03128  -2.65671  -9.55192  2.68472  0.982759  -28.4098  -2.59446  -31.8342  
-0.0938201  -2.4798  -2.68004  484.866  12.3374  -9.29138  -0.174487  19.5548  1.18373  1.43833  4.08922  -3.07574  -0.0761439  0.858123  -4.37774  -4.07806  -6.04376  16.7533  -5.71733  -4.36823  0.412715  0.793951  42.5513  -4.7432  -11.5661  2.17748  16.4666  -1.50126  -12.6026  -1.75013  1.49435  7.75375  2.546  1.07306  6.19307  -2.71524  -0.633738  0.215801  0.288628  -10.2984  -7.16408  -14.683  
-1.20487  7.69693  -1.79798  394.367  -7.60173  25.6522  -1.26216  19.228  -1.70741  1.08774  11.3714  -1.00707  -1.00548  0.540717  -8.01008  -1.00298  -6.78502  40.4056  -2.27748  -1.43687  -8.86121  4.96693  10.0014  -7.18103  -0.223478  0.828047  18.0602  -1.49588  59.8212  6.66573  -1.07096  7.56942  0.329248  4.46676  7.05413  -1.83837  14.4577  -2.69621  -0.846217  -8.04889  -8.77799  8.67345  
-0.515436  13.637  -2.35277  330.623  -10.7098  55.1907  -0.31629  12.6263  -3.81118  0.0848901  11.8987  1.2913  -0.414122  -0.0847024  -7.03642  3.26976  -4.20411  34.1694  6.93365  -5.43522  -16.7762  7.81747  -45.0856  -5.45471  6.67465  0.107907  12.2927  -1.19438  61.5028  8.14924  -2.76387  4.20675  -0.439765  2.70369  5.8057  -0.24798  16.2363  -4.65795  -1.29405  -8.82336  -6.07329  13.0629  
0.821143  7.24845  -3.94406  360.957  -2.02478  28.6378  1.13443  2.00887  -1.6697  -0.569061  9.61221  0.837917  -0.203059  0.427471  -2.1136  5.20141  1.24529  0.832993  11.7199  -12.3425  -20.6261  5.37249  -64.2839  -2.98538  6.8507  0.251713  3.84815  1.03781  51.7062  0.12243  -3.45755  3.81736  0.699445  -4.42091  6.22065  1.12606  2.48538  -3.97283  -0.923167  6.39969  -0.650426  -3.57118  
1.09372  -5.77308  -3.45842  348.163  1.99717  -36.5377  1.23471  -10.1616  2.30164  -0.710612  10.1169  -1.98902  -2.23617  1.74473  1.73885  2.60359  5.26298  -36.4013  7.80772  -15.6115  -15.5857  1.00756  -29.0377  -2.61079  5.47681  0.622125  -2.35923  5.37607  69.7371  -9.12989  -3.13281  9.13868  1.70247  -6.87059  7.77774  1.95098  -11.5721  -0.308689  -0.946049  29.8503  2.92239  -17.1881  
0.228371  -14.715  0.716667  163.091  -4.40089  -61.2797  0.120444  -18.8064  2.66523  -1.24138  13.5545  -4.37586  -5.24523  2.30151  1.49099  -1.83596  5.00549  -54.7322  1.9475  -14.1443  -2.78751  0.26914  17.6505  -3.43719  6.21736  1.15787  -6.24147  11.1215  82.4264  -11.7492  -1.42096  13.5471  1.16514  0.860094  7.12578  2.19323  -15.3561  3.88497  -1.47662  34.5283  1.49077  -5.89731  
-0.511199  -14.1115  5.99414  -63.9973  -8.30809  -2.05444  -0.728139  -18.4575  -2.17573  -2.44701  14.2067  -4.72737  -5.55336  0.817514  -0.198445  -3.13948  2.61621  -47.4831  3.22085  -12.5844  5.93217  4.28825  29.4157  -3.04829  6.6681  1.91808  -6.48977  15.9414  63.3637  -8.58926  1.44209  9.08862  0.033655  10.2635  2.15585  1.68181  -10.6582  5.13287  -1.10549  11.7574  -2.69066  24.4827  
-0.314188  -5.73019  8.44813  -149.961  1.86385  81.3352  -0.525643  -8.75564  -6.33406  -2.98701  6.67748  -3.74629  -1.9632  -1.90719  0.667471  -0.260891  2.11697  -19.0363  10.1731  -12.1576  3.15589  8.19176  11.6546  -0.836043  2.74416  2.10474  -1.56612  18.9456  29.8176  -2.37256  3.83413  -2.52261  -0.0461868  9.74217  -3.4399  1.1508  -4.69622  2.17279  0.49505  -15.0387  -3.1377  47.0766  
0.450919  5.20885  7.00487  -77.6369  18.3042  95.8817  0.289966  0.0240615  -3.89198  -1.67965  -7.2619  -2.64944  2.63244  -3.34505  3.61185  2.77361  4.0495  15.0174  11.5442  -8.46472  -2.77345  7.66133  3.3963  1.35707  -5.7735  1.35184  6.52855  21.0534  5.08575  4.93803  4.2215  -11.2002  0.58108  0.922108  -3.51647  1.81721  1.36121  -2.52602  1.1657  -21.3834  2.67152  44.762  
0.96862  13.5347  3.75906  -84.9989  19.4937  26.6331  0.910444  -3.5771  4.6161  0.677348  -18.3643  -1.80463  4.35931  -2.35097  4.41471  1.62135  5.12294  34.0398  2.44972  2.40453  0.656784  3.12889  20.2849  1.7421  -14.3208  1.13927  8.97315  20.334  -25.5682  8.88975  2.37485  -10.85  0.254852  -3.45384  1.36524  3.64258  4.73921  -4.93382  -0.634648  -10.8147  9.64912  22.6283  
0.776033  15.3678  1.11743  -269.017  1.7798  -54.9264  0.826428  -16.7972  11.9429  2.14257  -20.1246  -1.38461  3.46086  0.209144  0.51494  -1.99406  2.62637  27.0642  -9.02122  16.286  8.72042  -2.91507  37.9452  0.556592  -17.051  2.88003  0.356255  12.7085  -74.5443  4.3789  -0.31022  -5.08713  -1.39925  2.06935  4.6502  4.70953  3.28584  -3.63826  -2.45097  -5.69801  9.69323  -1.48095  
-0.0496128  9.86478  -0.843133  -416.865  -17.8233  -81.8025  -0.0136693  -24.8309  11.8342  1.74049  -11.4301  -1.89727  3.46876  1.76585  -5.47255  -3.14832  -2.22382  4.01172  -11.4086  24.1521  3.8837  -7.83232  34.2486  -0.170936  -11.5232  4.57428  -12.3268  -0.422804  -94.0878  -4.42751  -2.42984  -2.19242  -2.60943  9.2804  0.875488  3.03105  -3.32637  -0.339917  -0.589917  -14.6872  2.29998  -13.6938  
-0.960547  -0.218446  -1.89387  -254.367  -18.1895  -55.3951  -1.02863  -18.4318  4.22771  0.385051  0.908759  -3.3248  4.77083  1.62083  -8.24587  -0.37863  -5.6874  -15.0085  -2.88198  22.3973  -16.5859  -10.7122  13.5304  1.0779  -0.450335  2.27152  -16.0973  -9.90225  -38.5818  -4.68485  -3.26458  -5.08584  -2.03318  7.19492  -5.28006  -0.638733  -10.9289  2.26167  4.07856  -25.2763  -4.80543  -11.591  
-1.27033  -9.52081  -2.25004  12.1144  -2.06561  -11.7267  -1.28894  -4.42245  -4.96573  -0.663491  9.97764  -4.53944  3.09965  1.01712  -5.69158  2.6338  -5.40404  -24.4644  7.18381  15.3551  -31.4218  -11.4578  -6.37501  3.39771  7.59333  -4.06375  -8.00977  -10.8904  58.5158  7.32769  -3.24622  -9.72837  -0.518868  -3.40128  -4.97524  -3.07952  -14.2757  2.49826  6.2551  -25.3171  -4.90208  -4.59735  
-0.865439  -13.014  -1.9571  8.63136  9.96159  17.727  -0.626939  3.06988  -9.9558  -1.07898  12.2442  -4.54509  -3.72223  1.22372  -0.835121  2.80642  -2.39254  -33.7906  9.55019  9.58841  -22.3301  -10.1411  -15.9517  4.40644  6.86368  -8.84848  2.41891  -11.8608  102.472  16.4632  -3.19083  -9.34988  0.162888  -11.4543  4.27133  -2.60471  -13.4094  0.482979  3.19347  -16.7909  -0.700125  -4.81117  
-0.510228  -10.0606  -1.74623  -273.747  4.94925  22.9554  -0.166414  -0.0690647  -10.1568  -1.20535  8.04675  -3.87511  -10.2132  1.97623  1.7086  0.73954  0.479182  -52.3161  5.0948  6.14228  -0.789243  -6.75116  -15.9276  2.96889  -0.840272  -7.21805  5.95084  -20.9962  52.0985  8.0358  -3.83921  -2.1677  -0.0506527  -10.47  12.3383  -0.9088  -9.39449  -1.90605  -1.65048  -6.47779  0.284017  -15.2498  
-0.852169  -2.95853  -1.58818  -371.668  -7.689  3.89951  -0.881799  -4.69647  -9.04309  -0.999007  0.373779  -3.86396  -8.61792  2.40934  0.673102  -1.23296  1.50703  -68.2086  -1.24191  1.71982  4.65164  -1.60369  -6.81025  0.598658  -7.7738  -1.13834  4.09673  -31.9048  -19.349  -10.029  -4.50615  6.48597  0.38353  -4.87047  10.1282  -0.934138  -2.42252  -2.25922  -3.37311  6.23097  -3.43957  -26.1231  
-1.28557  4.27623  -1.35391  -58.0769  -9.5306  -27.5331  -1.87528  -1.42009  -8.48855  -0.39569  -7.21023  -4.63341  0.856385  2.96453  -1.08334  -3.11296  1.09308  -57.9141  -2.08413  -5.58419  -12.3318  3.71633  5.4472  -0.107923  -8.92574  3.23317  2.85944  -27.9633  -36.9362  -16.5417  -3.78593  9.72418  2.10966  -4.01626  1.83106  -2.57691  7.60097  0.402516  -1.86863  20.9617  -5.5733  -25.421  
-0.655039  8.38387  -1.10497  275.235  5.86795  -36.315  -1.36494  8.4863  -6.68894  0.363666  -11.3595  -4.89763  9.83947  3.86037  -0.679795  -5.24586  0.576476  -12.5917  4.49036  -12.6591  -27.3853  5.70974  12.027  1.46667  -7.63686  3.40196  3.58159  -6.75769  -9.38231  -6.40822  -1.31971  6.04017  3.57763  -9.02618  0.948427  -2.64169  16.0126  3.73015  -0.547548  28.1269  -1.75937  -11.3967  
0.905725  8.58061  -0.917695  175.992  25.0793  5.25218  0.686382  15.6741  -0.922669  0.575442  -10.8211  -3.73944  10.9911  3.81475  1.07722  -5.86567  0.521499  38.6945  11.7107  -14.3035  -18.6869  3.81298  7.84138  3.05951  -8.30123  2.30186  2.14202  12.1854  -7.12656  3.37261  1.22048  0.620753  2.75016  -11.6844  8.47864  -0.0288497  17.6041  4.32334  -1.21578  19.1458  4.01437  5.18303  
1.72979  7.22514  -0.982061  -203.992  31.7422  77.1873  2.01599  14.1973  7.33969  -0.0311708  -8.07033  -1.87667  6.1081  1.64711  1.99923  -2.97023  0.558464  47.6537  6.99303  -7.35008  6.67969  2.95561  0.28545  2.29951  -9.32295  2.98292  -1.66967  12.0799  -51.842  -0.390612  2.20188  -0.0771896  0.0436807  -5.58625  9.48792  1.74343  10.4506  1.37778  -2.29339  0.800714  4.6499  13.9911  
0.786057  7.01378  -0.397393  -248  19.5786  113.562  1.00382  7.58641  12.4908  -0.746793  -6.13378  -0.695042  1.45751  -1.46054  1.7198  1.86684  0.270857  4.28622  -12.3869  3.97972  22.5035  6.61394  -3.10863  -0.466339  -5.13388  4.66363  -3.96915  -1.15028  -86.7218  -9.05048  1.86893  4.21902  -2.03149  4.72771  -7.51824  -0.109135  -0.673206  -1.99601  -2.43718  -14.2644  0.708668  15.869  
-0.759331  7.35119  0.451286  211.536  -1.52318  78.1315  -1.04712  1.96591  10.4052  -0.823146  -5.65335  -0.55641  -0.0692017  -2.66954  1.52688  4.82101  -0.0851778  -42.3503  -29.7458  11.3228  17.8104  11.3761  -0.733333  -2.63692  3.40444  5.38551  -2.38485  -7.02289  -59.981  -7.60074  2.10295  7.42265  -1.77139  10.4867  -29.4092  -3.28061  -8.08159  -1.93655  -1.89627  -22.0927  -1.44158  15.3315  
-1.01639  4.82643  0.292419  617.778  -15.9156  -1.30967  -1.61548  0.533506  2.7904  -0.322195  -6.68313  -0.734205  -0.338136  -1.67505  1.524  4.39845  0.100292  -35.2037  -24.5457  9.04921  1.26502  10.1506  5.22355  -3.00977  9.58988  5.45479  0.855232  2.32418  3.96215  2.82965  3.40108  6.19934  -0.181124  9.81763  -31.7356  -2.73786  -8.68006  1.53574  -1.20231  -24.7194  1.60303  11.7281  
0.0006498  -1.22138  -1.14693  401.313  -16.7345  -53.1404  -0.427727  1.17127  -4.74259  -0.120234  -8.64128  -0.904365  -1.36332  -1.62919  -0.0334252  2.60946  0.977781  23.9305  2.10865  1.83578  -14.9438  2.80305  14.2385  -3.22874  10.9375  6.01195  1.65479  13.8532  59.0791  8.038  4.42281  2.83021  0.556057  6.94493  -9.99923  1.61068  -6.11439  4.31007  -0.316904  -16.1962  5.33493  1.53353  
0.48947  -6.08443  -2.17815  -260.651  -5.852  -40.7404  0.395253  1.59033  -8.0986  -0.57914  -11.0986  -1.34964  -1.76837  -4.41361  -3.3654  0.835555  1.92774  74.4866  24.42  -0.911017  -31.5549  -1.26575  21.4354  -4.64773  11.7107  5.81559  -1.13746  12.9627  101.016  3.21127  4.17735  1.45608  -0.250507  3.83367  12.1133  4.54042  -5.69978  2.79443  0.284453  5.28766  3.31094  -11.2011  
-0.389049  -5.15431  -1.3778  -702.942  6.01866  0.53145  -0.339356  0.978112  -7.30297  -1.07707  -10.641  -2.28571  0.0268135  -6.71883  -6.42412  -1.33392  2.32975  66.2344  21.4523  2.77419  -45.5827  3.46967  15.9809  -5.37031  13.3344  2.39258  -4.0711  3.98913  130.523  -2.75843  3.21132  2.15676  -1.21311  -0.804641  12.2875  2.34686  -9.33637  -1.66152  -0.31078  17.9736  -3.09166  -16.2262  
-1.21182  -1.25855  0.81117  -580.731  9.65428  8.02552  -1.16397  -1.66468  -4.99718  -0.577447  -4.91964  -3.0693  2.71407  -4.46081  -6.6788  -4.54569  2.51823  17.584  2.81758  4.50879  -45.2064  10.1613  -3.24727  -2.25164  9.26662  -3.64381  -4.30912  2.62863  133.238  -2.03645  2.46089  2.05138  -0.883157  -4.42712  -3.10984  -2.20241  -13.1973  -4.34803  -0.915097  -3.09598  -6.42606  -8.71405  
-0.361798  -0.240661  2.47389  -213.919  3.18604  -34.2643  -0.250758  -5.26861  -2.75344  1.02588  2.51142  -3.01803  3.91828  1.5254  -4.34442  -6.80978  3.29622  -18.7875  -5.45236  -1.76341  -25.0073  8.27475  -19.0689  4.11776  -5.83784  -8.11364  -1.50792  12.2123  75.5747  1.59021  1.72431  0.0475748  0.683422  -1.27476  -9.01498  -4.27955  -12.1866  -2.41228  0.904981  -41.2433  -2.93297  0.101334  
1.49306  -3.76249  2.16009  -29.5821  -5.61956  -76.8437  1.70959  -7.22386  -0.0543508  2.43477  4.50452  -2.41523  4.03278  6.43229  -1.46826  -6.02413  4.06515  -21.6307  5.64581  -11.0688  -3.20113  -1.5507  -17.4136  8.64218  -24.6474  -7.88161  1.06239  19.8734  -30.302  1.858  0.511026  -2.35079  2.2359  7.03252  3.58313  -2.91369  -6.44705  1.88314  4.97666  -46.8289  2.96657  -1.66207  
2.19739  -5.7682  -0.0919394  -62.4966  -8.0791  -60.3805  2.38173  -6.09447  2.94018  2.26326  -0.959888  -2.10262  4.75566  7.34006  0.262986  -2.93809  2.61473  -14.7367  18.721  -13.7807  -2.48618  -8.02128  -7.29983  7.81006  -32.8445  -4.29639  1.72864  14.3732  -94.4484  -0.262787  -0.539526  -2.93221  2.71128  8.84105  16.2318  -1.05165  -1.38025  4.20897  7.48768  -2.72415  4.58237  -12.7419  
1.01211  -2.38934  -2.63889  -99.0241  -1.8216  10.4152  1.05606  -3.99475  3.88341  0.587221  -5.12629  -2.5964  6.53114  5.77502  0.417624  -0.400974  -1.86084  -25.5517  14.9288  -8.35693  -16.9412  -5.27746  -10.9309  3.6928  -26.6542  -1.1466  -1.13318  2.50827  -63.3954  -1.32482  -0.540101  -1.1739  1.98823  -0.367664  9.5064  -0.62154  -0.625584  3.06177  5.57796  44.1709  1.20975  -17.6041  
-0.505352  1.95059  -3.82669  -99.3442  5.53772  75.5494  -0.499492  -3.16866  1.08846  -0.972487  -0.0418344  -3.4526  7.16929  3.42407  -0.443661  -0.590887  -6.28456  -48.8341  -3.49605  -2.59502  -14.0047  0.849121  -27.4245  0.991895  -14.7705  -0.166987  -4.86779  -2.56312  27.8843  -2.37412  -0.193408  3.85714  0.785495  -8.69582  -8.67616  -0.741811  -2.49041  0.811443  1.1845  41.3098  -2.25768  -7.74912  
-0.708082  3.01166  -2.51053  -124.742  4.34902  88.6089  -0.597655  -3.49818  -2.29278  -0.970833  9.13454  -3.76228  4.17437  0.498055  -1.01236  -2.07318  -6.38072  -60.3961  -17.531  -2.08222  22.3706  1.63501  -34.0729  1.47458  -5.67774  -0.160431  -4.23469  -0.0270812  70.2102  -5.24139  -1.21901  11.053  -0.0396074  -2.70098  -14.2562  -0.0709452  -1.92411  0.364541  -2.01709  -1.66863  -2.77331  7.57606  
0.140698  1.35301  0.446377  -133.814  -6.24969  63.7043  0.312119  -3.90285  -0.714216  0.337845  7.57226  -3.35167  -2.31096  -1.53302  -0.303461  -2.36606  -2.26992  -44.7876  -15.7851  -3.44923  64.7712  -1.9261  -18.2877  2.66242  2.10928  0.413302  6.04714  -1.39071  12.6147  -6.07374  -3.49887  16.1712  -0.171259  10.7053  0.255428  1.4674  0.313562  1.65026  -3.47525  -31.8704  -2.50646  16.0604  
0.599532  1.95654  2.34589  54.0915  -15.0237  36.8264  0.715149  -5.20623  5.32962  1.09072  -8.62171  -2.83257  -9.09743  0.126261  1.10682  -0.928067  0.765065  -8.70713  -4.20853  -1.97228  72.285  -4.05099  2.70805  2.05962  11.4473  1.24127  20.7397  -11.4639  -77.092  -0.201396  -4.93761  13.5279  -0.076354  11.9985  16.2226  3.13162  -0.835248  2.54627  -4.98535  -26.0871  -3.64482  19.5676  
0.128134  5.83114  1.42672  332.482  -7.47846  8.21678  0.249772  -6.24584  7.74418  0.0441482  -25.2267  -2.74756  -12.6743  4.21358  2.20272  0.14631  -1.31992  24.7098  3.70289  0.410898  35.7745  -3.32475  7.66953  -0.249195  17.381  1.23861  26.8499  -21.7408  -84.953  7.45217  -4.06102  2.62959  -0.364111  -4.35195  15.114  3.97966  -6.07353  1.79119  -6.09847  -9.48951  -4.20841  26.9719  
-0.58201  9.54647  -1.38075  365.466  13.7423  -36.3135  -0.276236  -4.81338  0.831649  -2.06912  -23.3137  -2.95696  -11.8882  4.45955  2.96347  -0.385502  -6.00304  36.9222  0.328989  -1.71597  -11.5182  -2.89487  -0.71161  -2.68247  13.573  0.504404  15.8235  -23.2354  12.3865  6.00917  -1.68287  -10.6303  -1.19168  -21.3205  1.94051  3.42674  -10.3255  0.0384179  -4.665  -6.00762  -0.523524  36.6509  
-0.93295  9.19247  -3.55838  86.9731  28.6636  -76.6105  -0.48758  -0.194905  -9.37906  -3.17556  -2.52705  -2.82186  -8.29373  -2.89415  4.06224  -1.28763  -7.27501  26.9899  -7.82309  -8.29313  -31.0389  -3.18341  -2.10982  -4.13639  3.85381  0.261861  -5.34506  -17.2813  98.6678  -5.07991  0.74677  -17.6427  -2.15687  -21.876  -3.11665  2.44772  -9.19763  -1.37504  -1.37335  -6.73878  5.32034  35.8952  
-1.09027  3.39053  -3.47039  -141.131  19.8911  -69.9966  -0.815029  5.60707  -11.4536  -2.04733  15.6996  -2.14364  -3.67638  -12.2763  5.03525  0.33925  -2.98067  9.75604  -9.81223  -12.934  -12.7406  -0.217913  8.36243  -4.37821  -2.12466  0.806214  -19.4937  -11.3373  58.732  -11.4398  2.98754  -15.4109  -2.83641  -9.29719  5.4191  2.77695  -6.21728  -2.07077  -0.179518  4.42537  6.59269  21.1446  
-1.15903  -5.89929  -1.49775  -38.0111  -2.81114  -20.0649  -1.26321  9.6012  -3.54259  0.227369  12.0317  -1.56163  1.09258  -14.2047  4.11084  4.48763  2.94624  2.9662  -1.93949  -9.45405  17.4939  5.51291  15.1781  -3.50261  0.709272  0.888908  -20.2081  -2.73532  -79.3018  -2.90761  4.94837  -8.40198  -2.63547  -0.883495  12.6669  5.33658  -8.16135  -2.0027  -1.84519  20.5824  1.608  4.82774  
-0.64197  -12.6936  1.14531  162.425  -12.3405  12.363  -0.969641  11.2182  3.97411  1.39492  -8.5069  -1.55903  5.26916  -7.06277  0.736993  7.32063  5.59498  9.84506  10.7049  0.982152  24.0473  9.39792  7.74416  -1.86037  4.98584  -0.124838  -14.2554  10.9234  -165.708  10.889  5.33455  -2.41062  -0.948953  -4.11325  6.659  7.89884  -14.1435  -1.11049  -1.68117  25.8461  -2.77482  -0.523952  
0.681065  -10.5178  3.34706  23.8696  1.27065  -7.58938  0.419747  9.55791  2.43691  0.75  -20.3461  -2.09928  7.97518  1.22683  -2.5844  5.41521  4.49053  22.8652  18.4847  10.3027  -5.6247  7.77659  -3.61923  -0.0792963  4.04096  -0.778671  -10.5839  24.6239  -96.7061  11.8174  3.28448  0.799237  1.7576  -9.77793  -5.33337  7.521  -14.452  0.963746  3.73347  19.4095  -0.443337  0.732091  
1.95868  0.106905  4.35968  -353.193  17.338  -34.7229  1.82372  0.923614  -4.47635  -0.31686  -7.76008  -2.72086  8.14981  4.22689  -3.43783  0.511031  2.77352  31.0379  17.0657  13.3033  -46.0449  3.43335  -4.67556  1.7735  -1.20321  0.726089  -8.63706  25.7046  61.1342  -1.70198  0.739235  3.97787  3.5053  -6.8975  -8.60628  4.0248  -2.50468  3.25391  9.87718  10.3118  4.73605  -3.28023  
2.02459  9.24006  4.14094  -390.601  9.39326  -4.14651  1.87109  -11.0285  -6.67275  -0.146953  15.707  -3.15675  7.10189  3.51702  -2.32517  -2.4917  2.37156  31.2163  8.02039  11.2112  -53.0033  0.77279  1.33156  3.72629  -5.90041  3.27487  -5.84489  12.281  157.19  -11.0183  0.717138  7.26557  2.71375  4.35345  -2.04282  -0.109926  14.1834  3.4007  9.01325  0.469541  4.26669  -14.9921  
0.7806  7.60937  3.40117  85.3608  -16.3023  67.083  0.570381  -16.3217  -0.945181  0.933337  21.2285  -3.29181  6.01822  4.43574  -1.3178  -1.93056  1.98281  27.0882  -3.1336  9.27696  -15.593  0.0451542  1.34348  5.09913  -9.22753  3.19637  -5.72046  -4.53009  122.5  -3.10572  3.0958  6.9342  0.292978  13.1347  1.50253  -2.74279  22.0155  0.492883  0.979793  -13.7471  -2.56264  -25.1912  
-0.776493  -1.41418  2.52608  454.286  -26.1764  95.1298  -0.892615  -9.66199  5.99109  1.01973  2.76112  -3.06992  3.90502  7.36259  -0.515026  -1.44678  -0.513519  22.8605  -9.82525  8.28053  25.2531  -1.15548  -8.73989  4.63003  -13.4059  -1.0645  -12.2828  -13.7081  28.4639  12.2346  3.89708  1.96301  -1.19199  12.5955  -5.69432  -3.70676  14.1051  -3.25258  -5.58136  -27.1881  -7.519  -28.9773  
-1.72254  -5.02366  0.49492  188.385  -1.95077  40.03  -1.65319  -1.19856  6.99616  -0.599751  -15.2894  -2.46496  -0.601174  8.32158  1.17303  -4.07614  -4.5513  17.6859  -7.8096  4.20825  18.2034  -3.59967  -16.7705  2.36521  -17.8232  -5.87339  -18.2659  -16.8304  -11.4161  14.869  0.452648  -2.63613  -0.809986  4.6856  -15.6218  -3.8995  -0.110332  -4.19763  -4.33735  -29.9574  -5.38851  -28.2192  
-1.86119  2.59103  -3.53472  -307.431  32.7442  -44.6833  -1.71982  -1.82345  1.60279  -2.25757  -8.74545  -1.82847  -6.23872  4.82861  3.30553  -7.22191  -7.07301  5.05695  1.16251  -5.17727  -33.7896  -5.01331  -12.1072  0.291125  -16.8119  -5.94555  -12.4662  -19.9226  26.9057  0.367693  -4.18609  -1.4802  -0.263332  -1.50243  -15.7233  -3.36125  -7.24942  -1.41824  0.893998  -19.1139  -1.33602  -23.5082  
-1.32737  12.2983  -7.88266  -227.267  37.2431  -78.7355  -1.23859  -9.10846  -4.89027  -1.91339  15.729  -1.74479  -8.8583  -1.21693  3.38421  -5.94443  -5.47461  -13.5298  8.89739  -15.5818  -71.0418  -3.80034  -0.0368821  0.255272  -8.75783  -0.863797  5.1685  -22.6444  76.337  -15.6882  -4.76874  2.26784  -1.1174  -1.00123  -4.4619  -2.2807  -4.33057  2.13521  2.12578  -1.39257  -2.43318  -9.24593  
-0.254041  11.5632  -9.12404  430.758  5.46242  -49.9929  -0.172133  -11.7185  -6.99654  0.238119  27.7865  -2.2023  -5.80871  -5.34427  0.737698  0.531896  -0.51536  -24.0865  8.60025  -19.8243  -45.2596  -0.854663  6.32216  1.69867  -0.353952  4.17962  20.903  -19.0265  62.3438  -17.693  -0.774503  2.36355  -2.3573  2.35295  7.85434  -1.05398  -0.890073  2.98507  -1.98166  14.5071  -6.89078  14.6387  
0.893529  -0.0733942  -5.58125  760.58  -25.2096  -6.55089  1.05841  -7.95508  -3.0585  1.92654  11.926  -2.3104  0.00824232  -5.10733  -2.05218  6.46879  4.04346  -12.1076  3.12228  -13.8728  20.9469  2.13814  2.17878  2.50943  0.980972  4.58253  24.2077  -6.41908  -21.2173  -6.77245  2.70379  -2.25531  -1.97614  1.01742  11.2787  -0.458035  -6.38875  1.0438  -5.30151  22.9315  -6.96445  34.0472  
1.35555  -10.8469  0.656585  244.218  -15.7785  18.3988  1.50406  -4.56008  3.85502  1.66605  -14.3271  -1.53624  3.18337  -1.43991  -2.04564  7.00694  5.04356  15.0023  1.43246  -0.511156  63.6579  3.92698  -5.69232  1.52034  -4.85959  1.80653  16.7753  7.1028  -96.1406  4.08828  1.77082  -3.86124  -0.0425756  -6.26085  5.43261  -0.238615  -17.8496  -1.08981  -3.34199  19.5321  -0.709714  31.9584  
0.918593  -10.6172  5.22665  -454.104  24.8097  38.0234  0.833969  -2.24508  7.84843  0.353279  -21.9888  -0.759761  2.1738  2.51178  0.149814  2.98873  3.13619  27.7969  7.0939  13.7771  51.3906  4.72529  -9.56247  -0.282532  -9.70174  0.643803  7.60739  12.6929  -101.522  6.06443  -1.23217  1.80308  1.49234  -13.3379  -1.12806  0.327631  -21.9578  -1.83493  1.12706  5.01802  5.4711  10.2401  
0.368225  -1.20256  6.43569  -405.164  51.8315  70.7785  0.0256006  5.36201  5.63605  -0.311968  -3.54397  -1.52865  0.144606  4.38199  1.38826  -0.979476  1.93915  11.4175  12.5277  22.3672  16.1078  5.00995  -6.88453  -1.22664  -7.55693  2.69061  0.217794  9.55322  -48.2  1.33643  -1.48513  9.31384  1.43263  -14.0596  -0.553125  1.3271  -11.7395  -1.62459  2.83121  -12.4227  6.72561  -11.5501  
0.467658  6.94894  5.70119  234.053  36.6847  98.1739  0.1267  14.4612  0.491139  -0.059622  21.0161  -4.13238  0.375428  3.40152  0.0007766  -2.8896  3.48556  -13.2243  9.12197  22.3114  6.67913  5.00333  -1.17778  -0.998219  -0.578674  4.87341  -5.86596  4.29195  -8.61963  -2.70151  1.70755  10.1032  0.377787  -10.115  4.64748  2.22148  4.21  -0.845046  0.937329  -22.2035  5.14924  -15.1047  
0.864733  5.97792  4.9172  529.086  -0.727786  84.4168  0.765802  13.9254  -1.82557  -0.0756527  26.9138  -6.67661  1.7402  0.340021  -2.00677  -3.70192  5.12579  -14.3855  -0.289595  15.5137  31.2414  3.71786  4.52358  -0.29434  4.62407  4.68225  -10.012  4.85565  -27.0393  -1.40027  4.52043  5.53448  -0.741925  -6.61724  5.85766  2.1327  11.3817  1.26563  -1.12494  -22.7362  4.93908  -2.71182  
0.678809  -0.799102  3.28414  92.3086  -21.7744  29.8231  0.77843  0.548341  -0.0843999  -0.771869  9.07724  -6.90972  1.84258  -3.91873  -2.21769  -3.79145  2.69347  5.18253  -6.33357  6.62355  56.3397  0.101473  6.74469  0.0741785  4.80575  3.65874  -9.1848  11.9742  -57.0457  3.35454  4.15168  2.51726  -1.63339  -4.22584  -1.84778  1.52451  6.2275  4.37661  -0.913855  -20.4938  5.64896  7.21348  
-0.0648147  -4.49879  0.0279282  -388.06  -15.9564  -23.874  0.0137196  -10.4725  1.32957  -1.21093  -16.1898  -5.23594  0.571417  -7.45871  -0.388445  -1.88141  -3.77359  10.4354  -3.27009  0.0117695  51.7501  -4.6373  3.11346  -0.151288  5.28568  4.51463  -4.49773  21.2514  -20.724  6.31693  2.38346  2.45924  -1.90085  0.192087  -11.2443  1.04609  -0.31873  5.96252  0.382049  -21.6701  3.86407  2.07587  
-0.417013  -0.264523  -3.28498  -204.161  -7.98797  -36.3779  -0.441521  -8.44527  -1.36739  -0.535667  -26.3543  -4.84611  0.266796  -6.99041  1.83364  0.919813  -9.06714  -13.2412  0.523621  -3.183  25.5226  -6.86936  -4.61851  -0.67046  11.3594  6.10258  0.691187  27.123  70.1295  3.29144  2.2262  0.34912  -0.843778  6.61661  -12.3876  1.0856  1.46724  3.48827  0.816134  -24.9372  -0.961198  -12.7408  
0.0354265  5.62579  -3.79088  354.516  -17.3682  -17.4755  0.0597802  -2.49582  -6.02565  0.641771  -16.2565  -8.0017  2.44462  -1.72762  3.04505  1.41351  -8.61096  -38.0484  -2.8991  -4.05163  10.0941  -4.36913  -11.5277  -1.04956  19.5904  4.45711  -0.064775  29.0818  115.601  -4.89067  3.4255  -5.84147  1.13603  8.60879  -4.34071  1.52753  7.5467  -1.33887  0.48065  -23.4754  -4.93106  -22.5739  
0.391256  3.88694  -1.29143  489.519  -33.9232  -10.6294  0.592279  -8.09614  -7.1538  0.989198  -1.67782  -11.8044  4.89752  4.77458  3.01468  -2.39235  -3.59659  -31.9439  -8.45489  -4.41094  25.9008  0.00785  -12.9802  -0.952005  19.0829  -1.62226  -8.36242  27.3274  48.4675  -12.734  3.28634  -9.65296  2.23218  2.85685  4.18871  1.5844  6.38621  -3.69311  0.621703  -14.5352  -5.21231  -17.0534  
-0.326632  -5.36736  1.00736  100.025  -33.9463  -42.6979  -0.0732719  -21.4294  -3.46373  0.0951397  -1.7768  -9.62687  4.71657  7.2225  1.58496  -6.73087  1.32868  -3.52188  -3.95373  -6.67055  57.0863  1.44923  -10.0442  -0.579199  3.74348  -8.1085  -19.2611  23.9516  -77.0741  -13.1074  0.761245  -5.33528  1.15353  -5.68909  6.61736  0.0905833  -5.01287  -1.20003  1.15534  -3.89996  -3.30834  -0.393763  
-1.70603  -12.4018  0.449356  -224.181  -12.8026  -84.3474  -1.6607  -27.805  0.783794  -0.941918  -16.1304  0.744101  1.72621  5.13582  -1.28382  -6.61075  3.68427  8.21219  11.0415  -12.1914  66.5731  -2.75854  -8.8018  -0.606967  -17.4496  -10.1571  -22.9741  23.8331  -140.149  -4.46384  -2.37468  3.01904  -0.893919  -9.17888  5.54551  -3.75948  -16.8219  2.76546  0.506002  -4.75422  -2.34458  17.1642  
-2.33764  -9.11947  -1.55748  -67.866  10.5826  -87.1289  -2.56477  -19.9617  1.67444  -1.02979  -23.36  10.826  -1.11393  2.55011  -4.05474  -1.80047  4.33703  -10.4213  21.2056  -17.9182  33.0858  -8.92685  -12.1112  -1.25781  -27.8566  -7.24944  -16.1357  28.1023  -89.3501  6.9687  -3.40786  6.11118  -1.59008  -6.57189  5.16722  -8.67858  -19.9917  3.03919  -1.87047  -20.7794  -2.5815  26.3885  
-1.50637  1.63725  -1.96563  149.64  17.4792  -39.377  -1.72813  -7.67667  0.166855  -0.271346  -7.36591  7.71398  -1.91348  1.32835  -3.79022  2.27164  4.01188  -31.5496  13.472  -17.4522  -24.5834  -11.0518  -17.9216  -1.62547  -20.6161  -3.03786  -8.46642  30.5862  10.7336  10.8518  -1.31087  0.848117  -0.396546  -2.71514  4.07606  -10.6065  -14.4411  -0.549533  -4.47312  -33.946  -1.25264  26.6523  
0.0604713  9.87776  -0.0379215  -48.3663  6.81301  17.2707  0.17991  -0.205373  -0.212831  0.344927  21.0093  -9.52715  -1.21656  -0.675621  0.169271  1.54519  2.04326  -25.9394  -3.44691  -8.82799  -61.9459  -5.40754  -20.6729  -0.466092  -6.21726  -0.853051  -13.4863  19.9503  68.784  2.87257  2.96674  -5.72652  1.03008  -1.94851  -0.773955  -7.0012  -5.76935  -3.15118  -4.86209  -21.5546  3.11133  21.9721  
1.17151  9.94811  1.89664  -414.909  -7.52812  35.1246  1.63319  1.93168  1.17488  0.191501  35.2151  -22.9194  -0.622483  -4.49862  4.96138  -1.59094  -0.825221  0.552932  -10.7212  2.74798  -52.9248  4.68798  -15.2022  2.02606  0.9889  -0.787831  -25.665  -6.90833  58.0451  -9.13864  6.36007  -4.71805  1.25009  -2.59827  -7.00194  -0.496616  1.20071  -1.25857  -3.16209  11.2646  7.36091  17.4522  
1.45842  4.32238  2.46317  -274.076  -13.3502  11.7089  1.89857  -0.700272  1.59743  -0.340779  22.9035  -12.0433  -0.552498  -6.5566  6.57127  -1.00592  -1.49559  15.9935  -1.66487  8.63013  -14.1391  12.0826  -1.20623  3.8577  0.091  -1.19333  -22.6666  -38.1718  26.5301  -11.2585  5.84137  3.00312  0.711187  -1.42557  -7.95135  2.83245  5.1112  2.63386  -1.29166  31.8013  6.26132  15.0997  
1.40642  -1.34623  2.43674  390.993  -10.7377  -10.5873  1.50261  -10.889  0.68547  -0.869267  -0.317663  20.3931  -0.277558  -4.67405  4.42754  4.36477  1.48026  12.4042  10.9323  5.95851  17.6072  11.9942  14.8773  3.59003  1.6452  -1.37661  3.2321  -56.285  41.0397  1.48333  1.08618  8.60026  0.68231  2.38761  -2.14516  0.875637  5.7379  4.00958  -0.241189  24.9505  0.304629  13.6328  
1.47617  -4.76116  2.69528  788.717  -7.29949  0.22782  1.30426  -25.1834  1.04022  -1.43886  -9.46798  46.9283  -0.0626533  -2.82566  1.84316  8.9457  4.82999  12.2008  13.0893  -1.25949  24.25  5.86465  24.1163  1.90572  12.4564  -1.98126  27.0067  -55.4526  127.738  18.8507  -4.04729  5.52166  1.39859  6.31024  4.35666  -1.15444  5.69215  2.57662  1.39304  16.4177  -3.69336  11.3549  
1.58108  -6.21725  2.76261  302.366  -9.10909  38.6986  1.49306  -31.9273  4.84451  -2.19901  1.83296  44.573  -1.28159  -6.09675  2.00456  7.13636  4.35177  32.6824  5.05635  -6.79625  18.3086  -0.250693  22.8826  0.778238  25.9759  -3.24927  21.1558  -44.2254  243.972  26.1461  -5.22976  -3.86775  1.90833  8.70929  5.34918  2.25668  7.96814  1.66646  4.67007  36.6998  -0.524169  7.02652  
1.38521  -5.77208  1.94995  -542.392  -11.7795  64.4621  1.56869  -26.0701  8.5561  -2.52727  17.1731  21.2548  -2.57716  -11.1162  3.84841  1.129  0.622652  54.1899  -2.79531  -7.94404  14.001  -2.56496  15.028  0.840467  29.872  -4.105  -5.32021  -32.7859  290.596  19.5649  -2.70311  -10.5448  1.51592  7.60432  1.58992  7.80388  10.1935  2.35744  7.33433  67.0429  5.88628  2.7385  
0.707133  -2.42249  0.945065  -693.707  -5.68519  50.0325  0.954438  -13.5477  6.51763  -1.47793  17.3697  3.80482  -2.02072  -9.18152  3.56053  -2.53836  -1.85494  41.963  -3.51663  -5.38811  10.6968  -1.94555  7.34192  0.957116  19.0145  -3.19351  -16.7778  -22.639  189.873  6.90274  -0.156123  -7.49981  0.508063  2.43022  -1.70328  7.72551  5.55664  2.09083  5.60752  56.0386  6.45043  0.18689  
-0.315071  3.37393  0.157439  66.7211  10.3939  1.59487  -0.314595  -2.16074  -1.80418  0.881073  0.71254  2.9884  0.977118  1.62052  0.296038  -1.49831  -1.10811  -7.66  1.90266  -0.821734  3.63584  -0.334253  1.53309  0.425642  -2.25082  -0.632396  -0.156742  -12.5824  -40.664  -4.91677  0.153856  4.37582  -0.616082  -5.79506  -1.89989  -0.163373  -7.18976  -0.508271  -0.842601  -8.27862  -0.901484  -0.827001  
