-0.236072  1.38602  -3.26032  -9.5808  1.90602  -0.291079  -0.102464  -2.49275  -1.51491  3.84945  -0.378547  0.0331409  -1.3196  -3.10929  -0.256608  0.116348  0.129079  0.364796  -9.48048  1.07323  -0.371555  -0.3889  -80.1206  -0.528169  -0.516377  -6.61135  -0.693715  1.23997  -3.6751  -65.3935  2.46193  -3.13241  1.37171  89.0478  2.89538  -0.810488  -0.701786  0.35958  -1.42037  -0.869715  1.5827  5.64784  
-0.898873  0.950422  -0.878341  6.54545  -6.59365  0.675925  -0.72478  -11.9527  4.05776  -8.7037  -7.57414  -1.94342  7.00887  7.31061  -0.280983  -2.86675  -2.0258  -1.52288  22.1313  -0.859051  -0.998593  0.344642  -426.856  -0.860322  -0.215058  -20.4725  -0.216379  -1.91148  14.6006  -19.0425  1.90572  17.6429  2.0669  -306.004  -21.4539  -0.64187  0.79144  -1.41344  5.54669  -8.44769  -1.36139  -32.0711  
-1.011  0.95794  5.72343  7.82439  -8.29559  0.790629  -0.96536  -9.53769  3.81892  -14.6679  -8.10068  -1.51692  10.1058  13.8112  -1.24318  -4.16064  -2.88752  -1.83924  33.236  -1.9021  -0.800034  0.718955  -755.068  -0.875226  0.682191  -18.2701  1.37299  -2.73709  21.9484  150.136  -2.25645  20.3653  3.66705  -536.563  -22.4221  0.807264  2.64599  -1.4573  4.5831  -8.46435  -3.92101  -59.5034  
-0.588118  0.347792  13.4529  -0.381036  -2.9089  0.730418  -0.800022  2.51836  -0.793494  -12.1977  -3.57593  0.747109  7.60973  13.8033  -3.23033  -3.43699  -1.70605  -0.782118  24.9692  -1.58837  -0.814776  0.656564  -953.551  -0.403352  1.81226  -0.577051  4.20818  -1.00602  21.0506  299.895  -8.46768  10.1759  1.59302  -547.553  -5.81117  2.18901  2.85762  -0.951246  -2.68255  -2.90517  -5.10678  -76.9403  
-0.0998238  -2.14511  15.276  -2.44327  4.22543  1.64754  -0.467006  10.673  -3.28322  -5.54729  -1.17914  2.26316  3.38391  8.26873  -5.45115  -1.89963  0.428668  0.140013  13.4058  -0.0768915  -2.40774  0.344562  -872.481  0.201325  2.52921  17.3675  6.54012  1.25675  21.8372  213.189  -11.3643  4.42305  -5.18374  -407.499  3.62614  1.21448  -0.356029  -2.18496  -7.57414  -0.0499406  -4.05857  -83.4564  
0.135939  -5.57669  9.66524  5.1532  7.19278  2.97656  -0.107394  6.21973  -1.22919  0.465711  -3.80154  1.63781  0.841222  1.60669  -6.07519  -1.77514  1.05252  0.159567  7.60843  1.20311  -4.88561  0.0485372  -522.573  0.185482  2.23159  22.7437  5.78059  1.99664  21.0252  -53.2786  -8.2302  7.26207  -6.89151  -229.094  -4.25075  -1.93773  -4.18417  -4.57032  -4.8278  -3.49574  -0.413922  -66.4259  
0.239238  -6.65361  2.69231  11.5643  4.77703  2.97833  0.303476  -3.69448  1.9453  5.03463  -6.90998  0.0548164  0.443923  -1.56783  -3.80536  -3.15685  -0.662269  -0.197138  4.83878  1.4739  -6.05544  -0.158504  -96.8695  -0.466081  0.780194  17.3227  0.920929  0.961246  9.44907  -198.27  -1.73704  7.87331  4.8997  -89.6215  -15.2257  -4.39557  -3.92213  -5.20015  1.5449  -8.7142  2.92432  -16.2958  
0.40914  -3.66786  -0.137024  9.75586  0.530398  1.02034  0.685888  -6.25828  2.60009  10.1497  -5.9163  -0.744423  1.02339  -0.363563  0.665846  -4.0879  -2.11734  -0.579006  1.65507  1.95327  -4.96715  -0.237947  213.548  -0.938367  -1.37352  11.6212  -6.00217  0.0489404  -10.1863  -73.6849  2.37461  1.4301  17.8861  -13.2247  -13.3544  -5.68533  -0.174343  -2.7594  3.88662  -10.2128  3.33317  45.6306  
0.572297  1.18837  1.187  2.38614  -1.91741  -1.38725  0.838392  0.923853  1.19226  12.3713  -2.49096  -0.461349  1.61331  1.51296  5.06479  -2.28235  -0.5441  -1.1772  -0.94738  3.71176  -3.436  -0.22896  353.169  -0.844522  -3.53428  11.1758  -10.1814  0.707487  -20.4242  117.883  1.76144  -4.01238  8.15338  42.6996  -2.23449  -7.63716  2.6165  0.477373  0.558331  -8.06168  -0.195111  78.426  
0.468332  4.15818  2.96671  -5.8318  -1.10776  -2.17403  0.639191  8.56349  -0.144768  5.62842  -0.274931  0.132609  1.96305  0.0692297  6.85464  1.12306  2.20061  -1.5823  -1.31248  4.74746  -3.55618  -0.268925  250.184  -1.22383  -4.60728  12.2552  -8.94564  2.13644  -11.9242  111.82  -0.268547  -2.1575  -25.6533  128.425  4.46639  -11.9443  1.97652  1.34219  -2.80069  -5.9512  -4.58631  60.7388  
0.0649513  3.34  3.65188  -14.9198  1.34386  -0.385205  0.22554  9.62819  -0.6018  -8.09217  -0.07574  0.527851  1.95137  -4.42432  5.12728  3.20658  1.18232  -0.433218  -1.77279  2.29563  -4.62283  -0.395044  -157.494  -3.04917  -4.66936  9.46201  -4.28523  2.29121  1.64558  -84.2207  1.14393  1.54699  -50.3451  216.166  1.78622  -16.7348  0.685996  -0.530185  -1.51987  -5.43291  -5.10843  14.7463  
-0.352605  1.09495  3.14135  -21.009  2.83884  2.60061  -0.152585  7.18362  -0.999238  -15.5974  1.86281  0.855617  1.52074  -7.62526  1.17067  3.12879  -4.2399  2.62143  -3.74672  -2.59554  -3.66799  -0.667484  -674.17  -5.16219  -4.28449  3.84078  -0.474757  0.473134  0.647053  -231.584  6.64206  -0.5211  -33.9651  220.29  -2.0666  -17.1397  0.501729  -2.32372  1.65012  -5.06909  -0.192316  -17.3418  
-0.498193  0.151009  2.72188  -18.3239  1.34694  3.74874  -0.345665  5.86453  -1.66072  -9.51954  6.52043  1.0981  0.646087  -6.35736  -2.48093  3.23303  -7.26302  4.96308  -4.52426  -6.3752  0.16079  -0.842807  -849.575  -5.12484  -4.28534  0.262305  0.379945  -1.87305  -14.3534  -187.773  11.2444  -5.85438  11.6127  106.666  0.578961  -10.692  0.18336  -1.3039  0.871916  -3.8729  7.05947  -14.8515  
-0.435866  0.684983  3.66198  -8.85342  -2.78296  0.909384  -0.412499  3.41781  -2.55965  -0.643139  8.87607  0.928429  -0.981529  -2.94949  -3.60488  5.05161  -0.933866  3.20247  -1.33664  -7.02088  4.86987  -0.849105  -409.283  -2.18467  -4.41835  0.822096  0.200967  -2.40539  -25.2277  -40.3077  9.41767  -7.03098  40.7721  -54.3102  9.14386  1.30996  -2.05045  1.92622  -4.12176  -2.75153  10.8023  8.59744  
-0.410364  0.6825  7.74653  -3.95085  -6.62189  -4.32493  -0.457415  -3.18746  -3.45541  -4.0729  5.11064  0.235718  -2.58397  -1.90281  -2.12691  6.28504  12.1407  -2.00746  4.28919  -5.94239  7.28587  -0.817705  183.945  1.4049  -3.15684  2.63268  1.11272  -0.610618  -20.2649  52.4069  2.24862  -3.49048  30.9053  -134.97  16.4227  14.4114  -3.85037  3.61034  -6.80618  -2.5436  8.10078  24.694  
-0.47128  -0.442089  13.1346  -7.55224  -6.6833  -7.24371  -0.481367  -9.01937  -4.29385  -17.4906  -2.42966  -0.444436  -2.39947  -4.30602  0.553593  3.85959  21.1013  -5.33915  8.76326  -4.22369  7.12932  -0.820777  208.062  2.57667  0.646884  2.76027  2.57065  1.49797  -7.50426  41.6424  -3.98808  -0.839971  4.95155  -96.2401  15.7778  23.1021  -1.46061  1.66205  -2.69562  -2.94778  1.50163  15.5572  
-0.397123  -1.062  13.4382  -9.668  -2.01878  -4.93982  -0.365845  -7.11411  -4.43862  -22.3345  -6.22478  -0.620557  0.128201  -5.53324  2.79897  -0.88658  18.3274  -2.82136  9.23315  -1.1714  6.22949  -0.636482  -358.465  0.707447  6.24059  1.77191  3.07904  1.94912  1.57635  -4.62658  -4.95373  -0.310351  -3.95567  1.29577  5.80917  25.8638  2.63084  -1.35072  3.8673  -3.83487  -3.27637  -14.4352  
-0.062092  0.71601  4.39571  -1.39191  4.20222  -0.0115051  -0.0781852  -0.356156  -3.2604  -7.15847  -3.5108  -0.305443  2.58035  -1.87717  3.94121  -3.55329  6.86694  3.48844  5.33187  3.95633  5.4574  0.0104132  -802.19  -1.95208  10.3343  2.20535  3.51623  0.694626  5.09032  1.53715  -2.55465  2.45669  5.65923  48.4308  -8.19632  24.1777  2.04004  -1.2659  5.64908  -5.70719  -2.20922  -43.7819  
0.279193  3.7357  -9.19961  10.8107  7.81716  2.91885  0.161738  2.54013  -0.478526  18.7011  1.2121  0.00775829  1.59641  5.63644  4.16681  -2.1834  -4.0348  6.92084  -3.57256  7.41291  4.02411  0.888295  -498.76  -2.92072  10.1642  4.11877  5.8462  -0.692088  8.7625  44.4812  -0.700941  9.24153  11.3177  7.60521  -16.185  19.7133  -4.99637  1.74874  2.76067  -8.03699  3.24325  -53.8618  
0.220523  5.05131  -16.7215  12.1106  7.71891  2.37917  0.0264232  1.20264  2.81813  38.7235  0.330437  0.0412611  -2.44319  11.5682  3.31779  0.639309  -8.0504  3.94235  -13.1316  4.99118  0.686263  1.24998  184.251  -1.8293  5.92734  5.26187  9.01239  -0.287313  11.7461  85.5788  -0.306006  14.5732  3.19662  -60.9752  -11.799  13.3064  -10.8772  3.01963  1.0178  -8.7183  7.24126  -41.3991  
-0.28644  2.66195  -13.446  1.8888  5.37359  1.25634  -0.487312  3.5215  3.96864  47.5911  -5.40582  -0.116011  -4.6383  11.9738  1.55746  1.66153  -5.81359  -1.8434  -15.6585  -2.19951  -3.7708  0.71831  433.418  -0.472654  0.674436  4.09827  8.70642  1.86241  10.2276  133.87  -0.112053  12.2976  -6.03753  -59.3701  0.533793  5.90364  -7.36038  -0.450856  2.165  -6.86851  4.55214  -17.8271  
-0.81403  -1.06847  -5.49404  -5.54658  2.21453  1.91317  -0.922531  10.0259  0.712914  50.0907  -9.49942  -0.258827  -1.27944  7.88453  -0.62306  0.575856  -2.2647  -3.4951  -7.2565  -7.63843  -7.00264  -0.157475  97.0122  -0.442818  -3.13108  1.71536  2.57749  4.25556  6.27327  210.898  0.284688  3.21979  -4.53129  14.3094  9.89952  -0.830946  2.53531  -6.1339  0.370702  -4.52945  -3.50775  4.5951  
-0.957062  -2.73984  -1.26248  -1.53886  -1.90211  2.79656  -0.866134  9.3093  -5.1507  49.6288  -6.80177  -0.308808  4.47517  3.80008  -2.05093  -1.02085  -2.13674  1.4015  5.30909  -5.81745  -6.79521  -0.600861  -201.396  -1.4405  -5.56365  -0.056379  -5.88905  4.40171  5.09052  256.458  0.12963  -5.74348  1.68018  68.9691  10.2299  -5.00373  7.37383  -9.64056  -7.58414  -3.81736  -9.67864  23.719  
-0.751645  -1.23856  -0.656166  7.02867  -6.0424  1.30179  -0.487749  -3.28992  -8.09109  44.4281  0.188517  -0.259497  6.76071  3.11354  -1.91669  -2.50788  -5.62305  8.42133  9.46487  0.938357  -2.91758  -0.514487  -29.1424  -2.08019  -6.92644  -0.800699  -10.0802  1.83558  5.97445  165.609  -0.6113  -8.73595  1.06673  9.98502  5.73036  -6.27605  2.18347  -9.7968  -14.7644  -3.28673  -7.26114  39.3555  
-0.462135  0.987804  1.40495  10.2756  -7.35729  -1.9582  -0.2341  -14.2193  -4.22462  31.7007  4.89933  -0.145769  3.66782  4.22682  -1.0254  -3.44351  -7.19812  11.1522  0.58739  5.51028  2.89178  -0.399127  352.645  -1.84152  -6.10007  -1.19161  -7.36069  -0.758262  1.88104  -68.3253  -2.19732  -6.05401  -7.73625  -116.35  2.86765  -5.76504  -5.78895  -7.79163  -11.587  0.173584  1.1933  46.0661  
-0.12038  1.78153  4.84941  7.38048  -4.11984  -3.35129  -0.146102  -8.13736  3.50886  12.1656  5.13409  0.141906  -0.0781656  2.20824  -0.619796  -3.28215  -1.5855  7.83908  -10.0119  3.61513  7.00537  -0.439763  398.161  -1.32767  -2.41754  -1.61818  -1.20305  -0.19378  -7.35373  -260.083  -4.59475  -2.01455  -14.9757  -169.476  3.12323  -3.7312  -5.81056  -3.99525  0.683344  6.03604  6.39935  36.729  
0.42139  1.20979  4.71284  4.76236  1.02056  -1.03164  0.20324  8.4613  8.51743  -9.16227  2.37223  0.547628  0.227317  -4.00538  -1.43386  -2.04181  8.26778  2.10475  -6.22093  -1.89465  7.04654  -0.542558  55.4088  -1.10936  1.81162  -1.87526  2.61812  2.86585  -11.84  -217.077  -6.09678  -0.259511  -13.0115  -86.3825  2.00139  -0.678759  1.13796  1.66997  10.2047  9.52911  3.5435  12.1347  
1.04159  0.617783  -0.417652  2.95229  3.69325  2.7827  0.918456  13.6656  8.26737  -22.6484  -1.00154  0.819121  3.5483  -8.79173  -2.2779  -0.860891  11.8138  -1.78884  12.9426  -4.58203  3.74874  -0.555613  -244.535  -0.822673  2.30655  -1.6408  2.15238  3.69159  -6.07318  5.22543  -3.41403  -0.763083  -3.97783  24.6361  -2.60364  2.9755  6.08297  7.09065  9.29354  7.17045  -2.18736  -15.6059  
1.28608  1.07179  -3.31302  -1.64846  3.34656  4.15161  1.39316  0.207453  6.65255  -20.9697  -3.35885  0.747387  4.85041  -6.64027  -1.60781  -1.15388  3.59247  -2.69857  29.8874  -1.72059  0.332017  -0.478426  -191.541  -0.00214094  -0.926161  -1.17121  0.240082  -0.370454  3.79187  142.566  4.53591  -0.340443  4.92642  65.9335  -6.54908  4.68175  4.85094  9.66331  2.98644  1.05935  -2.57137  -31.5444  
0.894161  2.33458  2.26835  -8.74746  2.64225  1.78506  1.03481  -13.5364  7.40933  -7.73999  -3.42355  0.461158  1.3168  -2.517  0.508186  -2.08389  -6.86213  -2.2784  28.559  2.75011  -1.4498  -0.206224  81.3712  0.977816  -3.82604  -0.554324  0.630982  -5.31639  7.32695  39.2378  13.5606  3.30378  7.90197  85.5779  -5.19581  3.34797  3.94799  9.61944  0.448887  -4.47137  2.46113  -33.3058  
0.199505  3.71202  10.9618  -11.2229  3.17673  -1.49026  0.133434  -9.80893  8.42147  3.07588  -0.529507  0.316858  -4.5269  -6.39848  2.35121  -2.87837  -4.78409  -1.90409  13.754  3.5956  -1.90084  0.206452  152.56  1.45288  -2.20171  0.34442  2.67505  -5.62499  4.7074  -159.441  17.4187  8.30615  5.22922  159.118  0.913716  0.13081  8.03414  9.18293  2.64659  -7.72212  6.01783  -28.3051  
-0.292893  3.57757  10.5829  -6.49788  2.84112  -1.97619  -0.500109  4.78184  5.57071  1.77022  3.58804  0.503753  -8.09191  -17.4312  2.34142  -3.50371  10.0728  -1.37347  2.13527  0.857657  -2.06075  0.262796  -102.432  1.56303  1.84606  1.17271  2.69822  -1.59078  4.77873  -211.499  14.1645  9.99202  1.69212  228.387  4.56625  -2.05081  12.5012  8.32314  3.37126  -9.91758  3.52873  -25.3228  
-0.545283  0.853256  -0.737728  -2.18714  0.0199584  0.705048  -0.601266  9.75236  -1.03587  -9.06333  4.98788  0.682543  -7.4866  -20.9948  0.787041  -4.15693  20.203  -0.914254  -1.26165  -0.565403  -2.26038  -0.569661  -426.596  1.94021  2.77075  1.5425  -1.07802  0.953685  10.6436  -90.9563  7.09189  5.64069  2.97001  158.841  1.02334  -2.33328  10.3833  4.57002  -0.464702  -11.5894  -0.967029  -23.0263  
-0.904044  -4.02474  -11.3433  -4.51354  -2.70167  3.09895  -0.690179  0.697355  -6.28942  -21.1597  3.01813  0.306832  -4.44094  -8.22787  -0.897187  -3.14363  11.2484  -1.44191  -6.89242  1.28661  -1.52846  -1.65491  -486.096  2.38142  -2.06783  1.41085  -5.49878  -0.895121  15.8716  62.3949  0.335276  -1.82582  7.63504  -44.7211  -4.62949  -3.376  1.88582  -1.54533  -4.62461  -12.0779  -2.21589  -14.0011  
-1.39814  -7.86135  -9.48966  -9.51709  -1.56011  2.23957  -1.09534  -7.20729  -6.6243  -27.6652  0.981446  -0.551292  -2.25092  8.09584  -2.44842  0.314877  -9.51567  -3.07661  -20.4569  2.4363  0.861717  -1.71323  -292.739  1.84486  -8.06742  1.46815  -6.71243  -3.52872  11.8191  155.725  -4.50671  -6.81524  9.6977  -190.862  -2.74069  -6.24643  -6.57031  -5.16151  -4.32931  -11.1545  -0.478527  4.0021  
-1.50696  -7.02619  0.941996  -7.04248  2.95299  -0.771916  -1.31162  -2.63851  -4.03928  -26.7671  1.52141  -1.08719  -2.88954  8.90798  -3.96497  3.43931  -21.3212  -3.85791  -29.9104  -0.646175  4.20878  -0.522028  -132.501  0.151449  -8.99183  2.15968  -4.39514  -2.6446  -0.211727  196.843  -7.00103  -6.80406  5.37722  -137.167  7.8571  -9.22298  -10.835  -2.87789  -0.791782  -9.72335  0.567181  21.4117  
-0.813725  -2.02349  7.4608  2.68176  5.5483  -2.0188  -0.677122  5.50586  -2.00025  -18.7991  3.1831  -0.544548  -5.19813  -4.59505  -4.21285  2.46281  -14.745  -2.04232  -22.5206  -4.65513  6.6462  0.505431  -229.756  -1.4965  -3.48282  2.72778  -2.22802  0.275826  -11.1657  156.14  -6.86944  -3.31365  -2.53693  11.089  15.8449  -9.39862  -12.5369  2.31052  1.29154  -8.13732  0.533361  23.0009  
0.348121  3.67397  5.05016  7.01558  2.39375  0.27347  0.587433  3.50334  -1.55161  -7.85921  3.69636  0.685803  -5.36665  -11.3174  -1.83561  -1.26423  -0.409987  1.61343  -5.71862  -4.98851  5.78828  0.319144  -447.462  -2.25908  3.27159  2.32815  -1.40971  1.10132  -15.9091  -42.2205  -5.00454  0.942357  -7.94976  92.0074  11.2707  -5.97051  -11.5406  4.63092  -0.144297  -5.69339  1.40437  7.11078  
1.09594  6.17566  0.394589  -1.57822  -3.53292  2.90398  1.40932  -5.8738  -1.15871  -0.716241  3.16089  1.35415  -0.19079  0.540415  2.34984  -1.51751  6.63183  4.36377  2.50528  -2.57369  1.36027  -0.334206  -453.286  -2.63011  5.2406  1.10671  0.578092  -0.774278  -14.4091  -319.621  -3.21657  3.96496  -7.96085  82.6768  -0.97239  -1.24332  -6.82991  2.53051  -2.83438  -2.19392  3.50451  -10.427  
0.878074  4.91407  -0.504427  -13.0314  -6.03477  1.30818  1.05143  -8.35405  -0.552822  1.45344  3.31918  0.801783  8.50969  17.5985  4.81788  3.78306  4.56478  4.01632  -1.70045  -2.9148  -3.18284  -0.169294  -188.985  -3.3414  1.95864  0.0173999  4.89213  -2.55265  -10.0707  -398.222  -1.69725  4.31985  -4.26396  78.9746  -6.7825  3.195  -0.313757  -0.595231  -4.10983  1.27997  3.86209  -10.5629  
-0.000642049  1.69789  1.31165  -12.7119  -2.44842  -4.7917  -0.080436  0.652722  -0.968263  5.72402  2.94285  -0.264224  14.5342  20.2204  3.14407  8.21327  2.0874  0.760972  -4.40195  -6.32836  -3.39045  0.495857  54.0173  -3.98851  -3.65031  -0.605642  7.92178  -2.97999  -4.7619  -119.107  -0.0556228  1.92452  -0.238854  119.844  -1.16853  6.89126  2.82205  -1.52199  -3.23957  3.82425  1.36216  5.58926  
-0.693171  0.548088  3.14294  -2.31887  3.14126  -9.97202  -0.908804  8.83932  -2.45802  16.2308  -0.537104  -0.601247  13.3161  7.88155  -0.284941  4.96954  4.15954  -3.24494  2.65659  -6.31025  0.889926  0.381152  16.9106  -3.62915  -9.47922  -0.709264  5.62988  -2.93154  2.61952  308.315  1.38349  -1.11234  1.80955  132.102  6.75113  9.47901  0.7386  -0.163658  -0.916595  5.57832  -2.2932  22.0222  
-0.702675  2.96956  6.52277  1.27104  4.91313  -8.56312  -0.893628  5.08044  -3.29593  23.6154  -4.67508  -0.090462  6.7397  -3.15391  -1.28542  -3.37262  7.16743  -5.25099  10.4378  0.463841  4.76537  -0.47066  -230.662  -2.58475  -15.5007  -0.494109  -0.547721  -2.72471  10.8786  459.998  1.46352  -1.51642  -1.25791  58.39  6.71683  9.74973  -1.79946  1.89789  2.05568  6.6655  -4.6137  22.336  
-0.295318  6.37574  10.496  -9.39551  1.70866  -1.32507  -0.496287  -5.21378  -2.41814  16.7156  -5.60898  0.321027  1.04962  -2.52497  0.999294  -6.77487  6.84101  -3.79811  6.95473  7.96002  3.92888  -0.319361  -361.476  -1.96955  -18.7242  0.241709  -5.29986  -1.69113  17.3941  184.661  0.523714  1.07391  -6.37199  -84.6001  1.00021  7.54449  0.0122514  3.22372  4.65297  6.44335  -4.64358  8.00656  
-0.17171  4.94832  8.90915  -20.0139  -2.63374  4.4862  -0.529076  -7.93872  -1.34773  1.70883  -2.60549  -0.00046153  -0.252313  4.30796  2.98036  -1.62018  4.31316  -0.159617  -3.96208  8.28593  -0.813038  1.49699  -212.338  -2.0342  -12.1576  1.12027  -6.18241  -0.252696  17.0774  -239.079  0.951735  3.06323  -5.43461  -201.692  -2.28997  4.47227  2.94292  2.20883  5.7115  4.72218  -2.64644  -10.3882  
-0.580719  -3.82418  -0.568954  -12.2919  -4.13459  2.55181  -1.08369  1.26898  -1.66051  -2.99711  0.0976493  -0.489324  0.307373  7.80822  1.37636  3.93184  2.31947  2.56344  -9.46143  2.54195  -4.24969  3.40135  23.7378  -1.71115  4.82906  1.52799  -5.82982  0.0149221  10.5808  -411.966  3.63647  0.961852  5.31872  -210.493  -0.499258  1.74793  1.8467  -2.03501  4.53544  2.64255  1.04035  -22.6659  
-1.05051  -13.4699  -7.71447  8.23229  -2.86215  -4.27132  -1.47035  11.8654  -2.69143  6.49313  -0.0276292  -0.355595  -1.21571  6.73678  -2.1788  1.79671  0.884453  1.59131  -5.16628  -1.0418  -3.41287  3.10862  47.0928  -0.669902  20.7541  1.30016  -6.03923  -0.416131  2.55798  -225.318  6.27966  -4.1548  16.8709  -86.1806  2.40286  -0.160255  -2.46493  -6.6246  2.09409  1.70322  6.26241  -26.3908  
-0.987924  -14.5326  -1.5712  18.3268  -1.83057  -6.48498  -1.15452  12.0681  -2.26955  11.6665  -0.301469  0.289274  -5.27367  5.30855  -3.38263  -4.98381  0.223569  -2.29829  0.985988  1.21499  -0.408737  0.739326  -168.129  0.0105925  21.5733  0.889019  -4.53958  -0.28957  -3.16069  75.5898  5.92644  -7.57791  15.0986  106.393  3.79623  -1.79257  -2.76203  -6.05276  0.110233  2.18462  10.9333  -22.4149  
-0.418096  -5.15623  12.0078  5.83301  -2.56024  0.678084  -0.436642  2.44201  -0.39385  -1.29145  2.33762  0.46802  -8.05946  5.20966  -0.663581  -6.57183  1.82543  -5.72116  1.49889  3.45593  0.837961  -1.38887  -389.706  -0.660429  7.82207  0.618643  0.17941  0.0948431  -6.08379  190.326  2.57406  -6.02942  3.16843  224.271  4.74739  -2.9563  3.97932  1.21013  -0.142736  3.0894  12.0825  -14.6726  
0.0780577  4.9331  14.9522  -13.4518  -3.32623  10.5042  -0.0344748  -6.54453  0.739758  -17.3831  5.63225  -0.195042  -6.80606  4.98174  3.04621  -1.1859  4.57271  -5.42884  -2.26993  -0.935361  -0.320471  -1.35474  -347.026  -1.96219  -4.02294  -0.0431932  4.45621  -1.21515  -7.03631  54.2113  -1.5676  -0.640888  0.770689  184.83  5.86088  -3.95058  11.1674  8.98918  0.958631  3.47514  8.15823  -7.89642  
0.18541  5.65397  0.505456  -17.9801  -2.15173  12.4091  -0.0985404  -7.00609  -0.0542775  -11.3104  6.06491  -0.957293  -2.53681  3.92073  4.15975  3.18879  3.25758  -1.36791  -5.71815  -9.57508  -1.56587  0.561999  -161.965  -2.24363  -0.972502  -0.96425  4.17584  -3.24356  -4.74114  -160.607  -3.91483  5.0614  14.9795  57.3986  4.12577  -4.79164  10.7175  9.39858  1.71829  3.29735  0.823137  -2.07259  
0.223004  -0.838579  -16.668  -6.61503  0.535721  5.06782  -0.0728219  -1.14877  -0.586453  16.6889  5.23376  -0.916176  1.1795  3.56659  2.27556  0.824465  -3.0429  4.24829  -5.61989  -13.7623  -0.723484  2.18848  -108.653  -1.06074  11.4916  -1.31028  1.24212  -2.10474  1.78431  -206.741  -3.23193  8.53432  24.1908  -22.0723  -2.6662  -5.53892  3.00605  2.39581  1.07408  2.96572  -5.04652  8.97072  
0.567426  -4.36408  -18.1112  4.08867  2.43282  -2.42291  0.440345  2.98184  1.26572  36.4268  8.1437  -0.0596598  1.8799  4.57152  -0.75093  -3.1377  -6.90052  8.71595  -2.33021  -8.67668  1.69001  1.72595  -315.427  0.456543  17.6724  -0.760834  0.584577  3.12318  8.97236  -35.5654  0.527649  8.70114  5.30574  -6.49352  -10.8844  -5.54742  -4.64035  -3.88993  0.102639  2.61783  -6.07563  26.1664  
0.944353  0.116481  -4.03458  4.34856  2.27397  -2.70319  1.00408  1.35512  4.10315  24.8094  13.7713  0.708789  0.189894  5.58052  -3.00507  -1.68592  -1.82025  10.1742  2.80273  2.00023  2.91056  -0.769869  -568.964  0.662368  11.282  0.121558  3.10508  8.08357  11.9772  176.994  3.87599  5.61467  -30.35  36.7187  -14.4434  -5.37651  -6.63262  -2.82348  0.62132  1.95521  -3.68907  39.4884  
0.752509  6.03552  8.13135  1.19297  1.50205  1.39088  0.893227  -2.86357  4.52189  -4.94679  15.8548  0.561871  -1.36907  5.68684  -3.90398  3.53791  7.03958  8.26827  6.38162  10.566  2.36261  -3.2873  -623.883  -0.880883  0.136559  0.126723  4.66965  8.11869  9.32801  181.653  2.84415  1.20564  -46.5358  34.3823  -9.69595  -4.98497  -5.46432  3.23535  2.12732  0.699643  -2.29696  35.586  
0.00580231  7.1367  6.03861  3.85186  1.54121  2.50263  0.146331  -3.46074  1.56008  -22.6983  10.2693  -0.45116  -1.02912  5.7964  -3.28564  5.26557  8.77542  4.30716  5.97146  12.9354  1.72367  -3.85908  -589.459  -3.06415  -6.27412  -0.593731  2.60909  4.61968  2.69945  -59.5763  -3.06206  -0.964376  -27.6909  -5.18605  -0.136316  -4.8939  -6.088  6.8529  1.89621  -0.466803  -3.37493  13.4313  
-0.506109  5.35922  -4.74306  9.59968  2.58985  -0.295182  -0.383003  0.467054  -1.61368  -16.9873  1.9067  -1.35738  0.629898  6.81521  -1.80811  1.4733  1.96807  0.723885  2.54207  11.2813  2.74466  -2.29991  -717.627  -3.91005  -7.15657  -1.25661  -0.969465  2.24164  -5.56855  -339.308  -8.01137  0.618067  2.96143  -45.2616  6.36886  -4.52202  -8.79511  4.57006  -1.30938  -0.555929  -3.44275  -11.348  
-0.204691  6.54955  -10.1539  9.57747  3.32487  -1.16205  -0.0987777  4.09206  -1.90336  -2.84079  -1.72884  -1.03526  1.89848  7.70176  -0.896231  -1.59784  -3.73386  -1.23288  2.40407  8.66771  4.39339  -0.093095  -941.675  -2.79907  -7.63202  -1.36458  -3.61109  2.45507  -14.1661  -412.56  -5.7885  2.48459  14.7761  -75.169  5.63376  -2.99233  -9.10004  -0.715911  -4.51052  0.564644  0.0913266  -27.0644  
0.409527  9.19959  -4.70941  2.70818  3.55228  2.51066  0.511209  3.62257  -0.0922844  3.59149  -0.412331  0.231316  2.18662  5.79727  -1.42427  -0.376404  -2.70879  -2.57646  7.19695  5.68985  3.83874  1.437  -785.188  -1.87026  -8.55959  -1.02594  -5.48484  2.43525  -18.3226  -252.528  3.2761  -0.649822  6.32377  -86.0069  0.926378  -0.847939  -4.41404  -4.87708  -4.03705  1.70667  4.31808  -33.3376  
0.272549  6.3319  3.84574  -3.55098  3.28369  5.52094  0.406451  0.605949  0.695642  2.55793  -1.13583  0.738386  1.90238  -0.540158  -2.44083  1.71833  -0.546929  -5.00095  11.1562  1.6506  0.230168  2.21366  -43.4511  -3.8281  -7.37933  -0.477909  -6.86229  -0.440134  -11.4761  -11.6142  11.2078  -7.42061  -4.03968  -67.1232  -0.680967  1.90528  0.675971  -6.55749  -0.448087  1.73993  3.83962  -36.3618  
-0.764621  -4.16308  6.01792  -4.16307  2.12179  2.44405  -0.584525  -0.850048  -0.656516  2.56621  -7.22848  -0.506399  1.29615  -7.75946  -2.35116  -0.0511383  -2.59274  -7.78025  6.91268  -2.67053  -4.08868  2.55432  874.174  -7.9962  -2.485  0.108259  -6.26524  -4.53171  4.80342  111.853  10.4571  -10.5299  -6.5221  -19.7961  3.16417  5.14351  0.567775  -5.6149  1.92059  1.19441  -1.18582  -35.7096  
-1.48855  -13.5559  1.41322  0.131012  -0.315048  -4.34591  -1.33598  -0.282095  -2.48813  5.96966  -12.8043  -1.88667  -0.000878589  -9.89894  -0.899356  -3.88526  -4.80778  -8.22494  -2.53266  -5.41019  -5.32286  2.53613  1243.81  -9.50632  3.25794  0.364526  -3.08603  -6.11806  16.3824  83.599  2.40504  -7.2357  -4.48513  27.0178  7.11724  7.71431  -3.81603  -1.40448  0.746595  1.61358  -5.41201  -26.7273  
-0.639307  -12.8767  -2.26648  5.91451  -2.61694  -7.26458  -0.615434  -1.17929  -2.92558  8.66299  -9.8766  -0.763823  -1.76861  -4.33264  0.901468  -4.0927  -0.897462  -5.03472  -7.44381  -5.79051  -2.66801  2.17651  879.09  -4.70644  5.96359  0.20145  -0.673038  -4.10833  9.49471  -3.13453  -4.82912  -3.81511  -0.665091  39.3405  5.46104  7.53196  -5.49365  5.26958  -1.24549  3.40624  -5.32768  -14.0937  
1.46826  -3.47925  0.53273  10.421  -2.15063  -3.46382  1.36554  -4.32324  -2.02804  8.63613  0.957086  2.75044  -2.64242  3.68622  2.3565  0.418514  6.02898  -0.361149  -3.523  -4.66494  1.26202  1.79714  352.07  3.86268  4.52934  0.174181  -1.59478  -0.771949  -11.4839  8.78005  -5.30424  -6.07263  6.57899  15.5538  0.371844  4.89396  0.103285  10.2017  -0.440193  5.01204  -2.65706  -2.52865  
3.04646  4.36344  6.64949  12.8164  1.16601  2.07132  2.93878  -6.46669  -0.782622  6.85001  10.218  5.08332  -1.83291  6.94305  3.79736  4.4297  7.99745  2.93799  2.01354  -3.08317  3.43367  1.38681  322.908  9.46564  0.88801  0.678885  -2.79964  0.808641  -24.3127  156.522  -1.32825  -9.36197  13.4459  -21.2851  -1.54786  1.97295  7.54291  8.88152  2.47048  4.93539  0.00175785  4.90923  
2.67636  2.87889  8.22247  11.5908  4.15376  3.21416  2.64714  -6.12647  0.639742  3.46307  11.9242  3.51471  -0.510774  3.32091  5.14494  3.47782  4.34911  3.98809  0.544573  -1.48872  2.89529  0.457592  715.553  8.81816  -1.47102  0.862013  0.0782129  -0.521553  -13.8259  315.051  0.544712  -5.10391  10.1826  -30.1417  0.646733  0.431825  8.23603  2.18387  3.68775  3.51684  2.61396  10.9187  
0.785998  -5.22657  3.86362  6.92872  3.66895  0.134163  0.746922  -6.00226  2.13384  -3.15132  8.69028  -0.0945267  -0.313045  -2.54724  4.86441  -0.658482  1.34151  3.4904  -5.62611  0.227007  1.09192  -0.950335  875.526  5.17884  -0.945314  -0.156492  5.66402  -3.04219  9.50746  303.569  -1.2384  4.95287  -3.13171  21.1971  0.148748  -0.737988  2.63841  -3.48544  1.64136  2.26374  6.10753  11.1704  
-0.93382  -10.68  -0.0119197  0.204395  0.0562486  -2.3662  -1.12818  -7.08301  2.6147  -11.4045  5.57301  -1.5992  -1.38732  -5.6183  1.76569  -2.92037  1.48267  1.36089  -8.00747  1.48972  -0.225341  -1.78865  433.897  3.4177  1.12157  -2.09426  7.80665  -4.30507  23.3481  99.3644  -2.0526  9.69604  -13.1124  118.506  -6.92742  -2.54274  -1.19449  -2.84533  -1.24032  1.9175  7.76126  1.60906  
-1.2543  -7.60957  2.90036  -6.93741  -3.39162  -1.57061  -1.59166  -4.35242  0.353108  -15.3495  2.32749  -0.140981  -2.22022  -5.46802  -2.47627  -1.79713  1.02807  -2.00892  -4.79829  1.83524  -0.772928  -1.18346  -137.66  4.13748  1.62122  -3.39209  5.10302  -3.32283  18.3667  -115.222  0.954373  5.19628  -9.01312  196.054  -13.3298  -4.544  1.59637  2.46106  -1.90843  1.905  4.35489  -10.4727  
-0.343744  1.07327  10.3874  -11.8383  -4.52559  0.663505  -0.617843  5.23245  -3.49231  -10.247  -4.35003  1.12832  -1.80213  -4.5932  -4.32358  0.554665  -1.94057  -3.20707  -2.53794  1.39774  -1.21973  0.272264  -218.195  4.56303  -0.173359  -3.78558  2.43024  -1.09202  6.21325  -181.603  4.10215  -0.131524  2.65928  175.298  -9.0698  -4.57727  5.85973  6.05737  -0.24303  1.29112  -2.25141  -9.2056  
0.782385  7.87449  13.4011  -11.7562  -3.82636  1.51575  0.760252  15.3137  -5.32659  1.24407  -12.3429  -0.187328  -0.781355  -3.54891  -1.87377  1.31925  -4.00191  0.969217  -5.47939  1.01627  -1.32818  1.15113  65.6413  3.17376  -1.73739  -4.33178  3.1235  0.589933  0.266692  -167.27  2.36605  0.808347  7.79124  69.8073  4.26657  -2.90196  4.43138  4.54402  1.69988  0.23888  -6.26645  11.6207  
1.31414  8.29979  6.75669  -7.76363  -2.59254  0.611991  1.51694  17.1737  -2.28274  10.2496  -14.7275  -2.33129  -0.584271  -1.3452  2.35495  0.84829  -2.77122  7.81682  -8.65589  1.66378  -0.348138  0.91436  -39.6238  1.43368  -0.0887887  -5.22058  2.73964  1.11647  -0.453494  -215.999  -2.55364  2.98616  2.13636  -51.2792  12.844  -2.12316  -1.81237  0.792591  2.22061  -0.238521  -5.71407  37.7544  
1.09987  4.34456  -5.26366  -4.97941  -0.57368  -0.799834  1.34985  11.8985  3.75455  9.59039  -7.9275  -2.40794  -1.00943  0.744729  3.3979  0.883162  -1.48182  9.88501  -6.42521  3.30758  1.85939  0.23499  -817.875  0.978646  3.86114  -5.00133  -3.692  1.19418  -4.91739  -288.242  -5.26547  -1.00475  -4.34471  -125.822  6.09707  -3.07468  -4.87167  -1.02137  1.3149  0.267391  -3.66526  46.5433  
0.542533  0.582881  -12.5217  -5.67404  2.18058  -1.83583  0.746517  8.54952  7.18684  1.29694  1.83535  -0.639807  -0.397297  -0.937141  -0.501053  1.03967  -3.96012  4.1205  -1.30454  4.2993  3.64481  -0.299136  -1498.93  1.50441  6.24598  -3.28614  -12.1328  1.61563  -11.0478  -218.977  -3.93586  -6.64311  -2.58677  -145.479  -10.1609  -3.844  -2.00661  -0.952865  0.123577  1.07827  -3.3724  30.1824  
0.272144  -0.990723  -10.6279  -4.62539  4.29053  -1.38128  0.475793  9.51831  4.23032  -5.70214  6.43399  0.448338  2.26725  -6.74982  -5.33758  -0.120344  -8.78174  -2.99947  -0.152305  2.66697  3.17911  -0.48131  -1263.06  1.98708  4.07782  -2.4987  -12.7484  2.08113  -9.69823  -6.09869  -2.00285  -3.57511  4.276  -117.465  -20.7091  -2.96986  3.36097  -1.77208  -0.09694  1.51174  -2.81395  4.55647  
0.597659  -0.909107  -3.58652  4.33039  3.59736  1.90279  0.789847  8.31592  -2.38179  -4.56212  4.6818  0.155687  4.79969  -11.7785  -5.37133  -2.23173  -11.1029  -3.54986  -1.77773  -1.06654  0.32222  0.11439  -364.624  2.31828  -1.51375  -4.30498  -3.15189  2.07137  2.9158  146.707  -2.12202  6.72818  6.75519  -42.0321  -15.9965  0.0391105  5.268  -3.86024  1.10532  2.08071  0.66791  -10.7321  
1.14092  0.223172  0.853582  17.2406  0.262152  7.38351  1.15123  0.780882  -6.30213  1.44489  3.2965  0.379203  3.67733  -10.2233  0.303544  -2.75872  -8.99735  0.965465  0.98721  -2.92336  -2.90036  1.67545  175.803  2.79658  -6.44381  -5.69322  8.57102  1.06548  16.2145  115.857  -2.2186  10.69  2.16473  66.4858  0.162497  4.44004  3.99698  -4.37756  2.3447  3.44657  5.00367  -6.27155  
1.11266  2.57682  0.0697694  21.2447  -2.94162  10.8183  0.796497  -7.0988  -4.22863  3.44714  5.97991  2.25632  -1.0132  -2.02163  6.01154  -0.0778151  -4.32475  2.30088  9.18549  -0.282021  -3.15657  3.03661  -48.0987  2.95975  -7.88184  -1.88664  13.0245  -0.107824  17.0287  57.7246  0.721477  1.30488  -3.04352  168.954  15.1591  7.74199  1.73248  -2.01157  1.41968  4.61309  5.07833  11.1181  
0.293673  5.15364  -0.836244  10.4213  -3.40369  7.92792  -0.230671  -8.14605  0.816713  -2.05794  9.15928  4.05701  -4.46852  6.15882  6.06503  3.3447  0.933798  -2.31705  13.8192  4.46119  0.509735  2.61741  -390.76  1.95365  -5.40502  6.70181  9.81454  -0.7184  4.99706  137.866  6.07069  -10.7114  -2.55125  218.215  18.9733  6.58437  -0.534636  0.524981  -1.83076  3.67319  0.700443  23.2419  
-0.513344  5.76122  3.20169  -6.32553  -1.11055  0.236327  -0.950547  -4.25407  3.28302  -8.97387  7.39864  3.64053  -2.31472  8.44508  1.25347  3.77659  5.6996  -6.34147  6.99892  6.07371  4.82074  0.817716  -146.492  0.0611499  -1.18806  12.7871  4.79885  0.10308  -7.86198  230.485  9.89486  -10.7337  2.64394  199.273  10.0176  0.631011  -2.01384  0.617058  -4.44822  0.702597  -1.87282  14.9465  
-0.402942  3.33021  9.77478  -15.5639  1.64824  -5.85775  -0.586579  -2.0579  1.64287  -9.62715  0.340885  1.56655  3.0334  5.4226  -2.88049  1.41887  8.56849  -4.04836  -4.28157  3.07368  4.88311  -0.00695137  374.666  -1.42541  2.71722  9.98569  1.87043  1.6092  -9.47311  114.398  9.3192  1.09412  5.37404  123.313  -1.12535  -5.72144  -2.31611  -0.363248  -3.10265  -1.55213  0.661816  -8.0737  
0.394979  0.017955  10.4508  -13.4652  2.60701  -5.99831  0.34747  -2.74082  -0.317942  -3.79233  -6.08014  0.278499  5.0157  2.86236  -2.99494  -0.113596  8.19507  0.726351  -6.26311  -1.02346  -0.0554852  1.26043  436.102  -1.5666  6.11558  1.03445  -0.367093  2.39029  0.901181  -143.817  4.52027  10.4405  2.04683  26.9399  -1.20844  -7.26099  -2.20095  0.770868  1.73908  -0.901487  4.05268  -25.1618  
0.696529  -0.616483  1.77594  -6.10656  1.65688  -2.63647  0.557162  -2.80961  1.19168  1.23884  -6.13899  0.821361  1.50353  4.67524  -1.16961  1.36206  5.55031  0.506126  3.01792  -2.23443  -4.56259  2.92256  -104.74  -0.814705  9.27717  -5.47496  -2.98891  1.49297  13.2718  -239.06  -1.16966  7.60553  -4.63672  -46.0174  10.255  -3.28462  -5.18536  3.41439  5.75588  1.64537  1.88709  -19.8094  
-0.069151  1.37852  -8.4296  0.292299  0.0316151  -1.40407  -0.401627  -0.721814  5.04351  0.504908  -0.750411  1.65112  -2.98686  7.57793  -0.693737  3.18168  3.36193  -4.6345  9.34369  -0.416742  -3.33398  3.46565  -483.984  -0.167708  11.0804  -5.2825  -4.75347  -0.349312  14.7016  -74.5294  -3.2296  -1.74481  -7.95315  -99.7693  17.7621  0.909806  -9.28957  3.73108  5.34367  3.19485  -4.1979  1.04907  
-1.0553  2.34046  -8.46111  4.5982  -0.661486  -4.28803  -1.50037  1.098  5.68429  -3.40069  3.60579  0.854004  -3.70551  4.90391  -1.40702  2.37097  2.89312  -7.07775  3.09336  1.37194  2.54678  4.00612  -132.651  -0.0114821  9.099  -2.71884  -4.82475  -1.65216  5.12977  87.0592  0.444204  -6.2433  -4.12163  -153.855  9.0053  -0.0210908  -8.13727  -0.248364  1.81547  2.76557  -5.89684  14.713  
-1.12081  0.140309  2.2303  7.63079  -0.0229201  -7.87105  -1.50666  1.43754  0.678943  -5.37063  2.76944  -1.35882  -2.09588  -4.33673  -0.968643  -0.08908  2.40138  -2.50346  -7.24668  -0.112904  5.7124  5.6741  576.997  0.280084  3.31946  -3.43308  -5.17734  -1.85659  -4.82759  37.3659  5.26929  -3.56056  3.88795  -202.628  -7.70735  -4.58479  1.90906  -5.52822  -0.568865  1.88065  -0.418883  11.954  
-0.357459  -2.96199  11.0608  9.67223  1.1954  -8.02352  -0.517208  1.3841  -5.49931  -3.75863  -1.71414  -3.21643  -1.88804  -13.1469  1.4183  -0.398048  0.339008  4.24341  -5.93948  -4.30202  1.79739  6.00539  929.514  1.28472  -2.77635  -6.764  -7.25645  -1.91893  -4.5381  -108.235  3.93723  -1.08034  8.69116  -184.629  -12.83  -7.49065  13.1803  -7.41098  0.225974  2.09095  4.91613  3.471  
0.0453152  -2.7294  8.26682  11.2497  1.30906  -4.82643  0.178324  1.61802  -6.26844  -1.1143  -4.34394  -3.43966  -3.30272  -13.468  3.48942  2.30632  -1.94847  6.1342  6.63688  -7.67453  -5.79039  1.3797  733.412  2.74283  -5.39095  -7.74698  -8.63576  -2.32046  1.9976  -108.778  -3.7947  -3.81866  5.40245  -76.5686  -2.21097  -4.74298  13.8225  -4.37356  1.80597  2.93018  2.64463  -2.30863  
-0.573188  0.931794  -1.31972  12.633  -0.866947  -1.13978  -0.219201  1.14122  -0.892587  0.091883  -2.17972  -2.34927  -3.8516  -5.88893  3.25637  4.15495  -2.00227  2.14705  12.245  -6.31413  -9.2071  -7.089  469.239  3.6618  -4.53407  -5.9676  -5.38881  -2.404  2.62272  36.241  -8.97724  -7.35343  -2.63932  51.7361  7.84371  0.0532562  2.90594  1.23046  0.958819  2.84676  -4.68273  -7.87513  
-1.4291  3.39617  -4.86241  11.3267  -4.656  0.872886  -1.00659  0.0551518  4.53436  0.893706  -0.556526  -0.956572  -2.60767  1.58405  1.24416  2.41688  0.401454  -2.72424  0.888211  -1.08367  -5.60492  -12.9368  522.928  3.61954  -3.93311  -6.58499  2.22929  -1.34599  -5.32641  123.422  -4.42635  -5.20034  -6.14795  108.523  4.63189  1.17487  -7.53216  5.73412  -1.93495  1.055  -8.10139  -21.2583  
-1.20598  1.63437  1.41887  4.44873  -7.12575  1.16383  -0.792899  -0.12179  5.08298  2.03894  -3.96576  0.103339  -1.30626  3.60736  -1.01837  -1.0669  2.31646  -3.7909  -15.6921  4.23114  1.82827  -11.4904  727.436  3.56106  -5.24263  -11.9432  9.26435  0.0204504  -13.1143  71.3221  5.25205  1.12333  -1.67714  86.7475  -4.12664  -2.67597  -8.41504  6.29848  -3.67671  -1.20808  -2.88315  -34.2585  
0.400502  -2.33646  8.92329  -4.18453  -5.58692  0.75227  0.852801  0.233737  2.49001  1.7555  -10.4012  0.87845  -0.158719  2.64614  -1.94894  -2.51205  1.03556  -0.832821  -18.096  6.86529  7.08759  -5.18462  637.844  4.27709  -5.47515  -16.2099  11.2047  0.214866  -11.1529  -11.703  7.47269  4.18106  4.60492  43.375  -3.4593  -6.56426  -2.81636  2.57575  -2.84744  -1.41732  5.96603  -29.4136  
2.41218  -3.34023  9.09339  -5.20106  -0.128859  0.40555  2.91701  -0.62784  2.38096  -1.06496  -11.841  1.37483  2.30847  3.76535  -1.0904  -0.571631  -2.49844  2.90248  -5.48774  7.38179  7.35952  0.0345648  198.396  5.13449  -1.19738  -11.6113  8.09006  -0.49491  -3.13349  -12.6174  -0.90103  1.88517  5.10936  0.242367  6.5228  -4.94288  0.452899  -2.04135  -1.34903  1.63461  10.0194  -2.55412  
3.59734  -0.475728  3.49663  3.86018  5.50188  0.72874  4.02931  -1.91376  6.20357  -3.58945  -4.79584  1.49514  5.90364  6.88085  1.14387  1.99581  -4.15525  4.16658  5.40533  6.97282  3.52249  1.54822  -214.087  4.31454  5.55672  0.841084  3.16206  -0.0195355  2.86971  64.8592  -8.16249  0.161056  0.416424  -56.5825  12.4616  0.411503  -1.2618  -2.81586  -1.08968  5.43618  6.57202  23.8745  
3.48434  2.44661  -0.495346  11.5755  6.79917  2.19214  3.72584  -0.225904  8.85694  -1.14834  4.60253  1.22508  7.69122  7.61664  2.88945  2.91471  -1.38792  1.85285  2.28233  5.62643  -0.250131  1.07066  -219.967  1.23246  8.80658  11.6643  -0.634634  2.45896  4.90732  188.934  -3.13304  2.98524  -2.69607  -88.2353  6.7787  3.97875  -1.98146  1.13014  -1.15371  5.80016  -0.314176  25.0001  
2.41125  1.67718  0.182752  4.47124  3.34078  4.15833  2.5274  4.22088  5.63394  5.31168  8.43827  0.865385  5.96432  3.88577  2.39566  1.72825  3.341  -2.28777  -7.26596  2.02149  -0.621807  0.579873  68.114  -2.21511  5.5049  13.8846  -1.63781  4.74858  5.43746  275.471  8.93401  5.2926  -1.82909  -22.4086  -3.87273  1.59331  3.24573  4.8494  0.376732  1.85892  -4.85053  2.62514  
0.938097  -1.39109  3.03301  -13.1179  -0.51902  5.00154  1.0715  5.10649  -1.51909  8.38367  6.85485  0.812214  2.105  -1.87667  -0.160555  -0.276981  3.94805  -5.14832  -8.09994  -3.1714  2.6758  0.13961  239.505  -3.45449  -0.169172  9.83709  -1.0278  3.96408  2.90173  207.498  12.3137  0.362087  -1.37127  90.9623  -8.82114  -4.53007  10.7657  2.92438  2.52331  -2.03756  -4.19457  -15.3765  
-0.431088  -2.51452  4.93495  -22.2807  -0.402987  3.70253  -0.290863  -0.768094  -6.85895  2.48109  5.7933  1.07366  -1.52934  -4.91044  -2.15041  -1.51099  -2.26468  -4.6298  1.10647  -7.74256  5.78128  -0.512794  101.146  -2.12008  -2.08725  6.02879  -1.48678  0.332203  -5.12633  -49.7017  1.34343  -8.5828  -4.7826  104.898  -4.54806  -8.02309  12.3163  -3.71772  2.11228  -1.57191  0.795471  -8.7833  
-1.25235  -0.660476  4.7996  -12.2714  3.1609  0.749654  -1.25983  -7.13886  -7.49947  -6.90825  8.62461  1.18445  -3.94734  -2.39063  -1.45641  -1.24996  -10.0796  -1.87315  7.44314  -10.0191  4.85075  -0.762212  -117.026  -0.145722  -0.595432  4.42469  -5.03492  -2.61279  -14.2637  -259.431  -10.6998  -11.3652  -7.44733  -28.0167  4.37307  -5.75173  4.75262  -8.04545  -1.68305  2.0912  6.06767  12.9933  
-1.25594  0.879806  2.72093  4.89615  4.56106  -2.25069  -1.47346  -5.43023  -6.18938  -9.19243  11.2431  0.750876  -4.73279  4.36223  0.672236  -0.200419  -11.0297  0.479108  2.0674  -9.59923  -0.637218  -0.0915043  -77.17  0.75382  -0.799247  2.60025  -8.19954  -2.39006  -12.4474  -131.312  -8.3212  -4.49452  -2.97479  -135.278  10.3149  -0.82799  -4.83584  -5.36873  -5.34142  4.13184  6.9726  29.7163  
-0.679004  -1.21715  0.29551  9.31445  0.294543  -3.86034  -1.00092  2.98171  -6.0144  -2.15515  9.13152  0.0533742  -3.83984  10.091  1.49615  0.44933  -3.48261  0.656105  -7.2361  -6.46829  -5.92476  1.08919  192.294  0.850759  -5.13753  -0.709611  -4.86575  -0.156784  0.319041  238.252  7.04498  3.79684  6.1908  -48.9574  8.66114  1.51856  -6.02493  1.41351  -5.05453  2.71756  1.84654  33.3338  
-0.269456  -5.61051  0.0727524  -0.703467  -6.47052  -3.14335  -0.62083  8.37749  -6.12639  4.00902  3.75414  -0.275831  -2.12179  8.53063  -0.198714  0.0196461  4.51407  -0.583183  -7.92821  -1.11417  -7.0798  2.19131  429.901  1.06226  -8.19381  -3.29975  5.31777  1.22532  11.4019  371.18  18.8944  4.57597  11.264  163.288  1.18647  -0.992479  1.89491  5.60672  -1.10648  0.800972  -6.06103  35.0939  
-0.473134  -8.11715  2.96113  -8.0971  -8.67234  -0.227288  -0.905538  5.16474  -4.06936  0.188596  0.703084  0.0412714  -1.13485  -1.2095  -2.65411  -0.836103  4.91481  -1.54658  -0.327054  3.678  -4.25113  3.06049  461.434  1.33014  -4.696  -3.14058  14.2939  0.988247  8.48449  14.1921  15.9825  -0.48989  7.97113  271.028  -4.7507  -4.21936  8.25964  4.08023  2.11085  1.30413  -10.7781  39.5785  
-0.817182  -5.4964  7.37918  -1.83528  -3.82922  2.77072  -1.29365  -1.42929  -0.310239  -8.39414  2.34365  0.550939  -1.10301  -12.047  -3.44865  -0.466981  -0.20903  -1.91881  3.20882  5.37824  -0.984352  3.12593  359.48  0.943186  2.55879  -1.20721  13.7671  0.551094  -2.6671  -439.353  3.71483  -2.22254  2.54585  195.358  -4.55875  -1.48091  3.79356  -0.555011  1.43485  3.0883  -8.15361  40.3065  
-0.446926  0.459499  11.2406  9.25132  2.82247  2.91361  -0.690429  -3.85404  2.34153  -9.50906  4.95499  0.579383  -0.724672  -15.6802  -2.08866  0.983044  -1.73239  -2.47547  -2.28359  4.38929  0.478595  1.59074  260.166  0.324061  5.71323  0.0950222  5.58653  0.631817  -7.63121  -392.366  -4.8554  3.02907  1.85109  71.769  -1.45128  9.6224  -6.44605  -4.23738  -1.08848  3.04652  -0.411552  29.2201  
0.70237  3.70695  13.968  10.2804  4.59229  0.203251  0.912126  -1.54861  2.99251  -0.328809  1.74903  0.152061  0.527804  -11.4936  -0.0326316  1.90305  4.34235  -2.83863  -7.30956  3.74976  1.32528  -1.0706  216.072  1.20603  1.9799  0.257279  -0.954319  0.731617  -1.90503  115.598  -4.3596  8.65245  4.13128  41.5775  -1.54154  23.1359  -8.75152  -5.25445  -0.556895  0.369705  5.69768  8.82279  
1.6053  1.63303  15.1789  3.53866  1.22127  -1.36661  2.0451  1.40595  3.7705  6.9771  -6.70537  -0.166208  1.37784  -6.19636  1.41076  1.04199  11.6341  -1.46959  -2.17804  4.62262  3.5843  -2.84197  203.795  4.21009  -2.78196  0.289499  -1.10987  0.314381  5.10822  444.803  -0.428448  7.45379  1.75698  57.4173  -4.20018  28.3171  1.02243  -4.46242  5.06943  -2.84047  4.96738  -9.30897  
1.39067  -2.03478  12.825  2.37253  -1.87614  1.45197  1.55687  2.92628  5.51272  2.56388  -12.9728  0.0561008  1.13115  -3.79789  1.71079  -0.8374  11.6174  1.31938  8.67686  4.85291  5.57575  -2.41799  257.773  7.27324  -2.59243  0.641302  0.995766  -0.0520311  4.2018  160.55  -0.594108  1.0042  -5.80901  10.275  -4.38906  20.971  10.4675  -2.70363  11.5118  -4.03772  0.0459466  -19.929  
0.491703  -1.77178  5.64282  9.02109  -0.711117  5.87089  0.194587  3.73141  5.66513  -8.58719  -10.6974  0.48845  0.530879  -1.29054  1.44772  -1.5598  3.71776  2.13545  13.0353  1.67571  3.24281  -0.676131  321.42  7.45443  1.9694  0.762018  0.0109981  0.600051  -1.63438  -391.781  -4.66834  -3.10092  -10.0512  -98.7438  0.199439  7.54608  7.05302  -0.304555  12.1754  -2.10233  -1.73364  -20.924  
0.0564761  2.29149  -3.14776  9.3703  2.25183  5.64035  -0.339903  3.21157  2.21612  -12.9236  -1.65257  0.588702  -0.0518814  4.35999  1.89942  -0.00481481  -5.17011  -1.19313  8.7831  -4.33237  -3.15378  0.491691  351.449  4.1232  6.46083  0.707535  -3.05295  2.07382  -4.34427  -497.704  -6.60417  -1.61773  -4.51482  -162.953  6.40513  -1.61665  -5.5885  2.19278  5.25401  1.97553  2.82005  -17.5713  
0.469513  3.60098  -9.02522  -3.97635  2.43844  -0.395887  0.418478  0.805355  -2.33569  -5.83777  4.69829  0.217589  -1.37584  9.31951  4.01136  2.99514  -9.08851  -5.08603  2.63369  -9.08577  -6.89176  0.570624  285.749  -0.146798  7.80198  1.14101  -3.95891  3.14651  -1.7932  -6.366  -2.6408  1.24273  6.35385  -106.974  11.4301  -1.88123  -13.1173  3.49889  -3.8322  5.52132  7.42891  -19.6097  
0.962614  -2.52843  -9.70314  -16.5768  -0.985749  -6.31671  1.25139  -1.6896  -3.77033  3.5056  3.33049  -0.0339638  -3.15063  7.32328  6.15813  5.29904  -8.06392  -3.50044  -1.94881  -10.8203  -1.64766  0.50742  146.766  -2.42492  6.73107  2.21052  -2.01433  2.56192  2.24944  519.969  3.82049  0.479444  13.4538  -14.9584  15.5611  1.6648  -8.02514  2.51425  -8.42166  5.9117  5.38236  -32.4369  
0.795423  -10.8979  -7.7413  -11.088  -3.88478  -6.55106  1.04773  -2.00413  -1.71658  5.1798  -0.639118  0.23339  -3.11299  -0.854014  5.31521  4.66892  -5.55549  3.6721  -8.12857  -10.1913  9.62463  1.22181  32.1117  -2.33422  4.38609  3.26009  0.491003  0.286364  5.1368  465.438  5.69463  -2.52493  13.4239  0.878284  17.1347  2.57627  2.82935  -0.298957  -6.85555  3.08558  -1.52899  -44.1908  
0.192723  -12.7386  -7.88845  7.36  -2.88117  -2.72644  0.175322  -1.06211  0.186254  -0.149994  -0.686773  0.774372  -0.0705091  -7.35612  0.15886  1.97603  -3.00888  8.82315  -15.1075  -8.24455  15.8095  2.49216  38.1164  -1.66168  1.64655  3.35564  2.67475  -2.36378  8.33615  -120.519  0.800861  -3.75641  10.4557  -83.363  12.7435  -0.487054  9.39376  -2.73099  -2.59138  -0.221781  -4.0395  -32.0632  
-0.179181  -4.86582  -12.2142  15.494  0.940916  -0.278236  -0.346589  -0.83016  -0.478701  -4.47428  1.91163  0.931871  3.6932  -5.85868  -5.77794  -0.567444  0.0144822  5.60111  -15.1739  -3.89103  10.442  3.32441  120.8  -1.89281  -0.161843  2.30262  5.06288  -3.69866  10.594  -637.253  -4.76426  -2.53857  6.55891  -154.493  2.63336  -4.40894  8.01618  -2.39501  0.208823  -1.26231  1.84421  7.65177  
-0.204889  6.15001  -18.1698  2.66798  3.1471  -0.664596  -0.308344  -0.711284  -2.19042  -3.75595  0.953137  0.439822  4.91698  1.2417  -7.50105  -0.72676  2.81237  -2.36231  -7.37214  3.06111  -1.13315  2.78204  183.836  -2.54151  -0.181173  0.121281  5.66797  -3.09441  7.49478  -600.366  -3.99233  -1.98399  1.54134  -89.2773  -7.46652  -7.27082  1.49975  0.702958  0.238087  0.0223393  8.44194  50.5518  
-0.354578  10.6629  -21.2074  -14.5081  1.03555  -0.76445  -0.378038  0.674127  -2.36547  -1.43292  -3.88765  -0.243196  3.52268  6.96006  -4.17372  0.730196  2.92981  -5.9149  -0.910134  9.01886  -8.76548  1.02607  132.134  -2.36609  0.638076  -2.89734  1.98846  -1.48738  -1.86822  -100.203  2.51836  -2.85298  -3.79577  90.1238  -14.0431  -8.69319  -5.15995  3.45045  -1.45768  1.36425  7.88781  61.731  
-0.77586  5.71544  -18.49  -15.3469  -3.68091  0.822891  -0.828255  1.22495  -1.34058  -1.64585  -5.62113  -0.41327  2.12472  7.43759  -0.258603  0.404623  -0.242465  -2.05867  -2.15832  9.59313  -8.8723  -0.469539  -61.9907  -1.15225  0.235367  -5.82731  -3.43165  -0.987285  -10.2027  366.035  6.7821  -2.20638  -5.0487  220.954  -18.0324  -7.94165  -7.31135  2.47087  -2.42983  1.3381  0.444322  37.4621  
-0.998284  -3.28483  -12.911  0.224934  -5.93999  1.5419  -1.10312  -1.29854  -1.05077  -4.67119  -1.04798  0.120399  1.64854  4.79599  0.267389  -2.77693  -3.21725  2.99168  -5.34867  5.40916  -7.27696  -0.214624  -251.983  0.0527886  -2.57695  -7.02051  -4.09929  -2.30318  -9.62841  424.28  3.35499  1.66886  -1.69798  182.228  -21.2685  -4.0999  -3.19154  -2.04663  -0.743065  0.66253  -6.08423  6.65962  
-0.658753  -7.84906  -9.79376  13.5899  -3.21506  -0.37063  -0.72365  -4.03997  -1.74823  -6.91319  3.53739  0.743444  0.446707  2.81869  -1.53734  -5.90608  -2.42622  2.67767  -1.60241  0.773717  -9.12856  1.35078  -250.341  0.483419  -6.02893  -6.25346  1.76435  -4.40439  -2.11233  125.602  -3.87177  5.6759  -0.796757  55.8358  -20.3314  1.02714  4.0716  -5.99882  3.39676  0.74801  -7.49895  -2.60488  
-0.0156906  -3.95884  -10.1131  12.0324  1.38979  -2.72612  0.054023  -1.99416  -2.24634  -5.30565  2.05916  0.892281  -2.41182  1.6276  -1.7198  -5.20013  0.389011  -1.91965  5.07386  -1.72213  -12.1275  1.96619  67.5174  0.551692  -8.04289  -5.68477  7.6198  -5.33714  5.56201  -189.496  -7.26886  6.35836  -7.60092  27.824  -12.7766  3.50996  7.20029  -5.45856  6.57311  1.85573  -6.36886  8.59281  
0.376371  3.80348  -10.4591  2.38964  2.4404  -2.03985  0.59098  3.83163  -0.639769  -0.404873  -3.09601  0.630409  -5.05974  -1.27951  0.957509  -0.740614  0.193132  -4.78393  4.45082  -4.32696  -9.9343  0.227478  533.936  0.951147  -7.09129  -7.77502  7.03802  -4.22367  9.70495  -245.294  -5.32938  3.5861  -14.2835  132.954  -1.82405  0.36857  3.25282  -0.908221  5.51391  3.11664  -5.27653  15.4717  
0.407249  8.10953  -8.35187  -2.48426  -0.928496  0.966992  0.707656  6.39565  2.68681  3.7671  -4.43988  0.520909  -5.00212  -6.07814  3.85311  3.30765  -3.9037  -3.11769  -3.89111  -7.7421  -1.8417  -2.11074  860.542  1.30913  -3.25242  -12.026  2.29691  -1.70759  11.9427  -18.5609  -2.42397  -0.990702  -9.63672  173.092  6.40068  -5.70675  -2.22537  3.69189  1.21302  3.72402  -2.03271  0.680207  
0.360352  5.80085  -6.06523  0.714393  -4.30266  2.76315  0.60581  2.75316  5.54938  2.94474  -0.440616  0.920056  -2.27696  -9.2805  4.14666  4.40566  -6.15762  0.546592  -9.6365  -8.22781  6.02313  -1.9096  817.063  0.827972  0.886105  -14.6505  0.841411  1.32134  11.5154  283.039  -1.36448  -6.62239  6.0029  -1.92366  10.6739  -8.40375  -3.79603  4.8734  -1.73074  3.69244  4.7818  -25.5565  
0.398715  1.44945  -5.89128  4.33905  -3.8747  1.36795  0.401576  -1.71724  5.77293  -2.53669  2.36239  1.65726  0.880931  -7.55062  1.71619  4.30429  -1.35822  3.01129  -6.09588  -2.22192  7.3134  1.3993  486.444  -0.260781  2.84764  -12.6021  3.73318  4.19609  5.99491  411.987  -0.61929  -11.2462  17.9698  -250.146  13.0383  -5.11545  -1.04011  2.8746  -0.877819  3.30277  11.2823  -37.5645  
0.34527  1.11062  -6.5502  3.57513  -1.16906  -1.15379  0.0297932  -1.06479  2.71417  -7.63142  -1.18067  2.22656  2.22785  -2.26466  -0.819771  4.81589  7.34249  3.26683  1.37237  6.15696  2.20303  4.60971  152.974  -0.556377  2.66326  -6.16808  4.36443  5.656  -3.39415  257.594  0.661252  -10.4869  13.9276  -264.05  12.191  0.828727  1.48112  0.19327  1.05834  2.47837  11.5834  -22.4883  
0.123512  4.52712  -5.01673  1.21246  -0.336636  -1.6895  -0.336459  2.88013  -1.66103  -7.44889  -7.16713  2.15058  1.37309  2.11776  -1.14524  5.16404  10.6449  1.72081  4.56703  9.26046  -4.15766  4.43473  65.8316  0.692069  2.87743  1.44013  -1.02744  4.84407  -8.58073  -64.9463  0.695786  -3.10542  0.0814421  29.1064  5.27885  4.34335  2.4714  -1.36819  0.408071  1.14081  5.01611  8.26945  
0.0384704  5.69869  -2.61093  0.825126  -1.56299  0.310069  -0.314266  4.20883  -4.59545  -4.18309  -7.18213  1.21928  -0.211817  3.47427  0.828606  3.97737  3.83217  -0.617745  3.78338  6.35656  -6.07281  1.96749  230.271  2.32038  4.90148  7.59261  -6.91601  2.50002  -2.93591  -306.136  -0.538688  4.6661  -7.45971  323.305  -4.85484  3.79331  4.0559  -1.42807  -1.98023  -0.0757771  -2.98912  30.3615  
0.392563  0.787574  -2.9215  1.7142  -1.23809  2.6752  0.138244  2.33803  -4.45109  -4.07541  0.453392  0.0714088  -0.700285  3.37805  2.97929  2.29352  -7.30492  -2.08908  3.69409  4.208  -2.37816  1.74626  401.225  2.6233  6.12049  10.782  -6.03524  1.53777  8.23936  -311.629  1.36828  4.8273  -0.968422  307.795  -8.8508  1.67705  6.11025  -0.377557  -2.22873  0.12561  -6.87245  33.0645  
0.913606  -6.22934  -6.11872  1.92592  2.51938  3.17423  0.487185  1.3715  -2.89792  -7.95891  9.38121  0.147392  0.407538  3.10829  2.5447  2.12035  -12.2705  -1.61716  4.90013  7.27874  3.10756  5.5827  385.654  1.21737  3.41723  10.587  0.508564  3.9753  13.1331  -165.944  8.2645  -1.67746  11.1262  37.9056  -2.86136  0.342416  5.78338  0.639467  0.782349  1.99555  -6.62607  21.9839  
0.869613  -8.65161  -7.34674  2.43041  6.62382  1.61295  0.196768  1.94072  -2.04612  -10.0916  11.6955  2.36445  1.49268  1.25228  -0.698515  2.65559  -6.61609  -0.563201  3.51295  11.1471  5.40539  8.84601  272.415  -0.735064  -2.55087  7.49685  4.32567  7.06796  6.42208  -107.234  13.2521  -6.04043  14.0878  -171.237  5.89103  -1.3476  1.46564  -0.30109  3.06887  3.68021  -5.26287  11.6935  
-0.0820285  -5.05523  -4.40112  4.13523  6.8921  -0.368713  -0.576148  0.0180461  -2.33086  -4.63279  7.02223  5.07216  0.786886  -3.3196  -3.90527  1.31765  3.82633  -1.18697  -2.5344  9.21242  2.65377  4.94267  304.281  -1.94772  -7.27112  3.39321  1.47343  6.10216  -5.15911  -219.335  7.63733  -3.18477  4.49458  -134.599  8.39651  -4.41542  -2.99458  -3.63078  0.811803  3.14718  -4.94077  7.53318  
-1.36135  0.326534  -1.12798  3.00485  3.18629  -1.02124  -1.15538  -4.48715  -2.18772  3.89429  0.445529  4.61598  -1.13866  -7.38808  -3.92035  -2.08468  9.06886  -2.62282  -8.69176  2.24321  -1.88841  -6.2714  478.406  -1.95298  -7.51165  0.634585  -2.48838  0.185778  -10.7893  -307.332  -6.51943  2.63817  -7.45424  20.7934  5.01219  -6.86422  -3.85588  -6.23254  -4.02473  1.05354  -4.74501  7.25732  
-2.04556  4.00448  -1.99648  -5.20831  -0.986537  -0.290164  -1.16538  -6.47638  -0.303295  7.12121  -3.97953  -1.26412  -1.94787  -7.32865  -1.15598  -5.31071  4.31597  -1.26637  -10.7884  -3.5979  -2.85896  -16.7804  460.351  -0.976122  -5.06802  -0.192917  -1.16758  -5.41282  -7.271  -149.141  -16.9349  4.32476  -10.4549  83.5949  3.80264  -5.30741  -1.71739  -4.0828  -5.76865  0.206677  -2.88374  8.66262  
-1.90235  4.81258  -5.88115  -14.3544  -2.89144  0.272975  -0.93398  -3.8693  2.65097  1.83032  -6.42302  -9.77407  -1.22667  -4.51916  1.19866  -6.16448  -6.52555  3.76702  -7.21574  -4.78699  0.442861  -18.3357  71.1673  0.199882  -3.07932  -0.446113  3.27045  -5.68602  -4.54206  221.371  -16.1808  0.454198  -5.42806  25.9808  5.19453  0.0198268  -0.461928  2.05182  -2.69598  1.59616  -0.912547  9.58068  
-1.59207  3.39831  -8.09757  -12.6874  -2.4595  -0.917346  -0.976478  -3.9958  5.06988  -5.31219  -9.37346  -14.9044  -1.50441  -4.76378  1.08094  -5.9675  -14.97  7.01095  -0.855414  -4.49189  2.49126  -11.0387  -362.669  0.347418  -1.4786  -1.72987  2.19076  -1.81631  -13.2365  505.867  -11.1588  -5.58171  -2.69256  -36.4213  1.44525  4.92794  -1.44889  5.72519  0.439939  2.57464  -2.10183  8.94288  
-1.71384  -0.0418484  -6.24428  3.23996  -1.2078  -3.36553  -1.33339  -12.3206  6.01384  -7.4329  -12.0621  -13.0209  -4.6013  -10.148  -0.649619  -6.05822  -15.8856  3.73263  5.02831  -6.33109  -1.06444  -2.2169  -369.722  -1.12852  1.18988  -3.67399  -7.09583  0.412234  -33.7162  490.567  -11.4218  -10.2143  -9.4211  -32.5083  -11.505  5.03678  -2.83719  2.3923  -1.05832  0.502984  -7.12467  5.41624  
-1.90088  -3.87089  -3.14689  19.7222  -0.303545  -4.84604  -1.48723  -21.613  4.97482  -4.15205  -11.7326  -6.76785  -7.85816  -14.592  -1.75108  -5.7338  -10.4593  -2.83227  7.56073  -8.13171  -6.89977  2.14303  -6.38193  -2.71028  4.20496  -4.45292  -15.8503  -0.70322  -46.6878  247.59  -14.7616  -11.3602  -17.7467  10.3156  -23.5186  1.3375  -2.90715  -4.15861  -4.96244  -2.80997  -11.0738  1.5591  
-1.2622  -4.77427  -2.3582  18.6236  -0.0039016  -3.40972  -0.932489  -17.5088  2.36318  -0.59009  -6.69447  -1.64141  -6.35077  -10.092  -1.22826  -3.069  -2.85746  -4.62503  4.46253  -5.53522  -6.80051  1.89043  240.011  -2.06208  4.63175  -2.59512  -13.0384  -1.9498  -34.1371  7.74294  -10.3001  -7.77096  -14.8143  40.295  -20.4075  -1.69747  -1.20029  -5.61067  -4.80125  -2.68878  -7.99163  -0.0856429  
0.350713  -2.00033  -4.53425  -1.0068  -0.0677315  0.639492  0.262469  2.26253  -1.26267  0.821869  1.75099  0.405973  0.603242  3.62897  0.255426  2.47423  4.42816  0.646639  -2.60868  2.34773  0.729726  -0.289936  146.946  1.13273  1.80824  1.27645  1.54215  -1.01971  3.3963  -114.605  5.0464  -0.124695  1.14396  46.9636  -1.13569  -2.14086  1.57341  0.0808855  1.076  1.95494  2.4077  2.64455  
