-0.892819  -17.3578  -5.1097  3.69876  -7.55253  2.58834  -5.27134  -0.484827  -0.834839  -0.480446  1.09807  0.206306  -1.30608  16.112  -56.9974  7.41439  -0.385234  -0.595766  -0.936652  -6.48814  -1.84703  27.2948  1.21507  11.4507  -0.77526  3.89356  -5.94362  -1.93784  -0.807309  -0.996223  -4.78071  -0.0643132  -184.73  0.127943  -3.39328  12.4361  1.27574  0.316559  -0.252247  -0.963003  -0.576728  -1.8186  
0.791291  95.6559  -9.45152  1.14566  17.6644  -2.84704  -0.116965  -2.63171  5.86895  -1.36176  -18.0829  -2.97378  -0.152952  17.5636  330.043  -20.1097  0.635595  -4.0832  4.42846  3.40935  2.193  -10.3345  -0.454753  9.84662  -3.70177  23.9989  -32.583  0.864211  1.34624  -2.99702  11.8354  5.7898  705.183  -1.45056  -10.6196  18.9346  -135.891  1.60378  -1.67204  0.84386  0.160582  18.4429  
0.541627  119.693  -9.59194  -1.75828  23.66  -3.16001  7.34835  -10.8918  3.8593  -0.600577  -19.6862  -8.7057  2.8027  -17.8835  517.932  -28.7644  0.35407  -6.18404  4.1132  2.4065  1.42972  -50.34  -2.75919  13.2197  -4.73225  27.5966  -26.1247  10.2085  0.895841  -4.77228  18.7327  3.11107  936.776  -3.65038  -4.40928  13.9421  -151.212  1.01229  -1.92698  0.58073  0.0917901  15.374  
-1.12662  65.8312  -6.75363  -3.00441  13.323  1.19155  14.3959  -19.9258  -4.14112  1.46706  -9.87812  -13.6046  2.73872  -68.533  580.745  -16.6685  -1.18983  -6.1395  -1.65604  -6.9094  -3.859  -80.9127  -4.12377  19.9511  -2.09619  11.0021  -2.79  19.4077  -1.11243  -4.58232  14.3909  -6.19851  604.038  -5.26158  7.99533  -2.04674  -54.7661  -0.715241  -0.739339  -1.2118  0.510634  -6.60754  
-2.15621  15.6857  -6.26442  -1.20163  3.02405  3.88916  15.6332  -19.4277  -7.74289  3.05931  -6.00296  -12.4586  -5.1013  -81.4904  664.311  3.92669  -2.45533  -4.33413  -7.85726  -13.0127  -8.83303  -87.9697  -2.60476  22.8721  2.83619  -13.0477  -1.49282  15.2039  -2.05931  -1.98301  5.9107  -12.3569  285.955  -4.43359  10.6349  -20.4339  29.09  -1.43759  0.663586  -2.34095  2.5897  -21.2242  
-1.75225  13.7833  -10.4981  2.27139  1.04863  0.172813  11.0229  -10.0022  -3.00495  2.89366  -9.47328  -6.15824  -13.9748  -46.5673  662.338  17.7311  -1.81397  -2.22725  -9.94531  -11.452  -9.11535  -66.1064  -0.537135  16.3804  5.64418  -26.362  -31.3781  -2.04288  -0.677248  -0.21465  2.16101  -10.2683  264.428  -1.74582  3.20778  -33.0012  8.99264  -0.713279  -0.106983  -1.9302  4.5955  -15.8817  
-1.08296  25.5559  -14.3654  5.77939  2.32004  -7.786  7.28607  -2.84662  3.39226  1.34652  -5.57354  -0.943169  -12.8389  -9.0696  343.303  19.0999  0.325048  -1.24258  -8.56393  -7.29434  -5.67407  -25.6073  -0.94473  4.00495  2.87273  -22.0081  -53.0455  -18.0643  0.493462  -2.7566  4.9839  -4.42117  226.697  -0.106013  2.68073  -38.3033  -72.0127  0.0666056  -3.32604  -1.1948  2.76998  -4.00546  
-1.24533  10.6491  -12.211  6.92575  1.7016  -12.9772  10.0403  -3.44068  3.645  -0.224604  9.37994  -0.289595  -0.364997  -7.57623  -228.528  11.1269  1.50514  -1.50933  -6.42682  -5.72876  -3.07362  12.2676  -3.65079  -4.92006  -2.95833  -10.0791  -35.5265  -20.6211  -0.725468  -7.63938  9.65316  -1.57634  -78.243  -1.08545  13.7166  -37.5363  -101.329  -0.0391424  -5.36338  -1.31156  -4.02539  -3.6099  
-1.7773  -17.1503  -6.37273  6.84405  1.10475  -9.87974  15.5531  -4.00785  -1.73304  -0.634984  18.3525  -1.50284  9.29946  -25.5588  -700.766  0.849402  -0.161991  -1.35652  -3.527  -5.13025  -4.0414  32.5992  -4.84896  -5.30211  -5.67237  -4.3006  5.12894  -13.3436  -3.64348  -8.03102  10.1886  -2.38255  -310.008  -2.2331  19.3245  -28.2419  -25.9382  -0.0220905  -3.54429  -1.85252  -11.4978  -10.7604  
-1.661  -25.3071  -5.11728  6.90635  0.962595  -0.269629  14.8069  2.10556  -6.04501  0.162353  7.67359  -1.15031  4.40239  -23.6526  -838.474  -5.00485  -3.12096  0.675692  1.17334  -1.71228  -5.54045  35.3117  -2.7625  -2.57368  -3.13013  -6.83032  27.8334  -6.47754  -4.29185  -0.410688  5.50887  -2.23311  1.35706  -0.475695  3.28686  -10.9442  80.0794  0.898342  -0.319263  -1.77491  -13.4968  -6.46592  
-0.937668  -17.8357  -9.43278  9.03561  -3.85764  9.46529  4.49687  8.08912  -5.25411  1.00851  -9.90621  0.150785  -9.60078  6.66689  -742.727  -5.15969  -3.71847  3.61879  6.00633  3.17282  -3.03426  30.2866  0.632267  -4.47494  0.123123  -9.60719  14.5148  -3.7648  -1.03106  9.33025  -0.211819  1.20954  641.872  3.00281  -23.3796  12.1646  105.715  1.92713  -1.09309  -1.07776  -7.59292  14.6592  
-0.504386  -27.5256  -10.5393  11.4211  -14.7523  13.6079  -8.14382  4.57899  -1.4698  0.756026  -10.1471  -0.132211  -13.9724  35.6569  -579.641  -5.41111  -0.972039  4.57448  5.86921  6.05739  3.32048  25.5884  1.56281  -9.08206  -0.764606  -7.58512  -5.99314  -0.972521  3.93266  11.2574  -3.49452  5.38961  850.574  2.79116  -33.512  37.0819  39.3652  1.62244  -5.39737  -0.628269  2.90733  32.8626  
-0.771965  -52.4725  -3.5529  8.77332  -19.4505  11.3785  -14.0671  -4.12707  1.04535  -0.435769  8.72356  -1.86523  -3.22998  38.061  -367.05  -11.3199  1.40563  2.18412  0.461465  6.46638  8.77583  20.2005  -0.727941  -5.39233  -4.55522  -3.97573  -9.79872  3.06186  6.06069  2.23401  -3.8522  7.17405  287.211  -3.23156  -18.2668  61.6551  -29.548  0.242813  -4.94853  -0.850201  10.9772  23.4446  
-1.24  -49.9123  2.10301  -1.65337  -6.7185  5.52078  -11.9257  -5.11676  1.11863  -1.16562  23.1171  -2.60676  8.36754  18.0961  -102.078  -17.8496  -0.774853  -1.84283  -5.40603  5.82518  8.75354  13.9754  -3.34302  11.7934  -5.83687  -2.58226  -2.59966  4.06144  4.35694  -9.42344  -3.88935  5.76655  -432.37  -9.50106  5.84689  75.9541  -26.7811  -0.672146  5.58317  -1.29166  11.1244  -10.2332  
-1.37899  -9.48578  -5.79995  -13.7544  17.0222  0.355781  -7.32988  2.32396  0.847078  -0.495284  12.3166  -1.42172  4.94109  -5.82411  120.196  -11.9359  -6.26085  -4.08555  -5.54976  3.91212  3.90193  5.6811  -3.14929  32.3167  -2.83217  -2.29011  -2.38779  -0.149273  0.914308  -12.5893  -5.96057  2.047  -574.115  -8.33411  19.6818  67.3632  12.1198  -0.324602  18.0645  -1.4605  3.31209  -38.7121  
-1.24477  22.9262  -20.0365  -16.159  31.1205  -1.73226  -4.39119  4.90255  2.00873  0.678064  -14.3803  0.158482  -8.34164  -21.0227  216.773  8.25174  -8.69821  -2.9708  -0.593218  0.0200003  -0.550985  -0.0487134  1.2012  38.2155  0.408316  -0.714755  -15.0813  -2.1391  -1.82956  -4.57282  -9.87411  -2.92738  -206.621  -0.359636  19.7138  31.8513  0.937312  0.234421  19.2725  -1.3788  -6.17219  -38.9032  
-1.14201  7.79998  -19.576  -3.83549  21.7213  -2.01292  -3.32434  -2.89169  3.93619  0.705742  -27.5596  0.550011  -15.1339  -29.9232  206.236  23.088  -4.00886  0.262695  3.53737  -4.80951  -0.611267  -1.45662  6.21647  23.7567  0.24476  -0.403712  -32.2692  3.68279  -3.68368  6.7281  -11.5918  -6.87316  10.372  6.85597  11.3763  -23.0446  -62.5307  -0.265113  8.01342  -1.2789  -9.56723  -19.3319  
-1.13118  -28.5499  2.67696  10.6763  -2.08261  -3.3359  -4.62952  -8.65431  4.21773  -0.812342  -14.207  -0.0121139  -8.55396  -38.1697  168.521  14.0221  4.54185  2.78441  2.38979  -8.03478  2.06275  -0.048035  7.80158  2.60845  -0.740851  -4.18304  -46.0519  13.2094  -5.05315  11.2064  -8.39495  -6.96705  -206.437  7.40874  -1.55098  -72.3444  -100.288  -1.12652  -2.9787  -1.20416  -4.24729  -4.57953  
-1.09141  -25.3452  27.769  10.7871  -19.8886  -5.64959  -10.4263  -1.72967  1.87591  -2.26838  8.08028  -0.557852  2.41917  -42.7174  106.007  -8.59238  9.98798  2.64001  -2.36522  -10.0007  2.57147  1.21036  5.20013  -6.81101  3.45914  -8.47941  -54.0539  17.0745  -5.096  5.82158  -3.32158  -2.58859  -444.26  3.57231  -15.3601  -90.5709  -60.576  -0.592292  -5.04993  -1.10986  3.74251  -2.91139  
-0.996251  22.9505  31.8443  -2.26473  -21.2178  -5.22857  -19.546  7.2425  -0.91601  -1.74313  11.8975  -0.788298  6.76236  -30.3312  27.0208  -13.9028  8.99815  0.505101  -7.32402  -13.446  -1.55634  4.65682  2.50144  -0.652593  13.3296  -7.27839  -42.2297  12.4198  -3.21756  -3.91141  -1.74001  3.14363  -305.637  0.589195  -21.9944  -71.1297  10.6309  1.73241  -2.80502  -1.0578  5.93761  -3.06918  
-0.904492  48.7469  14.6821  -8.83078  -13.1997  0.420825  -23.069  2.63361  -1.28074  0.701892  -6.19682  -0.819643  4.51419  0.747989  11.3055  9.11063  4.06054  -1.35097  -9.35543  -16.8277  -8.0039  10.6079  3.71697  9.69409  21.1408  -0.0992956  -10.1695  5.39966  -0.485261  -9.71633  -3.71673  6.1306  43.2376  0.128309  -17.5852  -32.436  40.9581  3.55032  -3.47478  -1.08634  -0.538195  4.67348  
-0.803818  7.96796  -3.8415  3.50851  -7.05126  8.30363  -11.6727  -11.0554  1.24928  2.71131  -22.8785  -0.714605  4.05062  21.3145  122.481  32.9064  -0.705556  -0.842624  -7.37465  -15.1054  -11.4796  10.1012  7.19394  15.1989  18.844  6.66597  20.3055  0.608575  0.860324  -7.67087  -2.7438  4.41785  200.237  -0.149192  -7.85952  -1.53861  23.8348  2.92506  -4.43881  -1.06622  -8.73231  13.0824  
-0.637852  -56.3522  -9.10311  21.5367  -2.9692  12.6525  11.4119  -13.0876  3.31684  2.14535  -16.8248  -0.477213  7.88627  -1.77112  231.523  26.7834  -3.24021  1.4314  -2.56788  -6.37758  -8.44126  -2.38796  7.10029  18.9308  5.88451  8.44004  28.4336  2.22109  0.317651  -0.334912  4.1986  -0.571211  137.493  -1.84947  -0.917044  6.31105  0.10825  1.31788  -0.0411332  -0.864967  -9.30756  9.49353  
-0.462455  -65.8505  -5.79022  22.332  4.87426  11.7065  27.9251  1.14956  1.75697  -0.217249  5.98022  -0.50026  12.9098  -50.1654  173.114  -0.594776  -3.35313  2.86573  3.05242  2.95645  -1.79592  -17.4888  2.09681  26.2523  -10.1577  7.05951  17.8616  11.0373  -0.112094  6.07706  10.8316  -5.2634  119.59  -3.1614  0.152064  1.6942  -12.7371  1.99521  6.00758  -0.605163  -0.829137  -3.47875  
-0.472323  -5.86644  -5.08208  5.18593  15.6637  8.7351  20.7902  11.9284  -2.15616  -1.27205  19.9998  -1.05798  14.2893  -51.7494  -5.89342  -13.8599  -1.96748  2.0802  5.95574  4.37731  2.3964  -18.0615  -3.65978  32.4011  -20.0936  6.03485  16.5328  24.2229  0.746671  6.45617  10.3759  -5.87765  231.074  -3.18336  -1.03262  -1.79475  -24.6946  4.87479  4.53438  -0.60642  8.54687  -12.1817  
-0.874694  55.6092  -8.53319  -9.15018  18.1304  5.64534  -6.76457  3.44363  -3.86155  0.256207  11.7053  -1.84426  10.6722  31.9547  -41.9592  -0.316131  -1.35566  0.211375  5.63758  -1.61714  1.3819  2.12552  -4.41454  28.2052  -18.9527  4.90478  25.9059  30.9515  1.15639  0.463683  4.79049  -1.74297  256.559  -3.27412  0.847973  -2.3056  -29.7505  5.22918  -4.25465  -1.06807  9.30361  -8.92061  
-1.77024  49.4215  -10.074  -7.97989  5.90029  0.921117  -31.2275  -12.1768  -1.08975  1.24515  -5.61647  -2.13049  2.35057  133.346  183.426  14.4348  -3.42647  -0.944597  4.88252  -6.78614  -2.38172  23.2162  -1.23923  14.6968  -7.835  1.42047  19.0889  21.8226  -0.992703  -6.97931  2.36902  4.0275  68.5361  -4.14773  7.77692  -7.94851  2.25589  -0.628969  -10.9221  -1.92591  1.24277  -2.0331  
-2.93356  -13.3497  -7.7131  -3.20146  -12.9114  -6.25939  -31.4827  -12.4023  2.78659  -2.07342  -11.6771  -1.61954  -9.48492  140.856  442.682  5.71065  -6.11019  -1.43919  5.65485  -5.4612  -4.72212  22.8541  -0.0117649  2.24402  4.80983  -2.61218  -17.6617  2.44703  -5.02213  -9.54768  3.89606  6.5013  -195.696  -4.00217  16.3896  -20.8105  55.9216  -9.55729  -11.0063  -2.85202  -6.99396  -3.17037  
-3.69262  -61.2229  -4.93159  -9.45807  -21.6138  -11.4221  -9.19898  2.28953  2.83326  -8.09537  -4.37253  -0.773647  -17.1264  40.0627  411.2  -12.9057  -4.23451  -1.82974  4.40693  -1.25066  -5.22132  3.54491  -3.35224  -2.32912  8.44104  -3.22243  -50.5044  -11.8743  -7.26713  -4.71242  1.29406  3.70731  -312.195  -0.925665  15.6904  -25.4249  68.879  -14.0119  -9.27763  -3.33802  -7.43933  -10.4871  
-3.28022  -39.0075  -3.7462  -18.8854  -13.4137  -8.82114  14.2781  10.009  -1.26896  -10.244  2.75028  -0.382179  -13.3122  -56.6975  81.0171  -12.125  3.06515  -0.94825  -3.75144  -0.316976  -5.18035  -8.8621  -7.22436  -2.1747  -0.193832  -0.187271  -40.8833  -15.2393  -5.98927  3.92477  -8.53443  -1.37528  -241.96  2.97648  -1.02648  -11.1213  18.4449  -10.4162  -8.54769  -2.9034  -1.28742  -11.347  
-1.57662  36.1904  -2.6684  -10.5704  2.11831  0.635316  22.4474  -0.0732325  -5.18003  -4.92721  0.322379  -0.727322  -0.454215  -45.6432  -225.04  10.6921  8.78473  2.22812  -16.6608  -2.62393  -4.19273  -2.6574  -5.09401  -0.607014  -10.0696  1.9973  -2.67558  -17.0272  -2.6369  10.0369  -15.6327  -4.45677  -55.9311  3.25381  -20.4571  14.6829  -42.5673  -3.05245  -4.10683  -1.47696  3.87687  2.93088  
0.474286  83.9122  -0.582906  15.1203  13.0664  9.90395  17.4722  -13.2504  -5.30018  3.32928  -5.23673  -1.46344  10.3238  45.9558  -239.142  26.036  5.61085  6.00574  -21.9525  -3.7311  0.336384  2.89845  2.89455  4.47529  -6.90595  0.0283153  12.3596  -23.7191  -0.817824  9.36933  -8.93912  -3.93602  136.449  -0.29322  -21.094  31.9156  -40.1654  1.54323  4.35174  0.272853  3.33344  23.617  
1.54725  42.3066  -0.489806  32.1425  15.2803  12.9984  11.5198  -11.661  -2.87828  7.36342  -3.18003  -1.74523  12.7481  110.657  -66.2218  13.3571  -3.45706  6.21161  -11.1071  -2.66576  7.71537  -7.66303  10.9613  13.9927  9.67157  -3.29953  -9.93338  -26.877  -1.90584  2.51995  6.14212  -1.76417  215.525  -2.35382  -1.1351  31.5068  9.8479  1.56275  7.01071  1.2765  -0.678631  32.4141  
1.13304  -66.8358  -4.29543  22.1055  12.7319  10.2654  10.294  0.255876  -1.22737  5.77442  7.89488  -1.14428  9.97965  98.9201  -17.7935  -11.1047  -7.32404  1.44465  7.64059  -2.61124  12.2422  -20.9399  14.0621  22.2804  23.298  -2.75169  -35.1825  -17.5393  -3.19558  -6.52848  13.471  -1.09773  45.4746  1.50725  14.3917  22.5321  32.8769  -0.0616772  -1.53546  0.959787  -3.06216  24.0943  
0.138365  -151.081  -8.76265  -0.421174  8.04693  7.78813  9.59094  5.56803  -0.810306  3.20839  17.6161  -0.0119754  11.5867  58.2496  -213.175  -18.5983  -0.460548  -3.61186  16.3133  -4.01845  9.5246  -14.1234  12.1779  23.9553  20.2494  1.71136  -28.2381  -1.90517  -1.67593  -12.3725  5.92194  -2.45824  -309.774  7.88052  6.84904  19.4896  -4.6472  -0.349448  -10.6535  -0.00885702  -2.14906  9.37767  
0.0371221  -137.146  -9.34968  -7.70788  -0.682213  9.30532  4.90829  0.210438  0.212736  2.95329  17.6304  0.547248  18.0218  42.4542  -418.594  -5.08292  9.80171  -3.44337  8.43427  -2.57352  1.70257  15.016  8.69054  23.415  5.73796  5.30257  -1.77718  5.32954  2.03014  -10.7175  -5.79111  -3.2191  -492.028  9.84352  -7.58684  20.374  -44.869  0.792134  -6.23944  -0.18753  0.124958  2.02528  
1.35317  -46.4185  -6.76158  3.79758  -11.9559  12.1464  -1.48191  -3.41454  2.63077  3.40703  8.21599  -0.0830492  19.7248  40.9785  -324.172  9.28833  12.1727  1.76977  -4.23534  2.91221  -4.17793  41.9448  5.60787  27.4916  -3.87037  4.00874  11.1667  0.673431  5.73558  -1.47707  -9.09769  -0.432384  -247.385  5.78441  -2.65499  14.7002  -22.8128  1.97456  8.21579  1.14726  2.11521  -1.15741  
2.95276  24.3504  -4.2274  13.1978  -18.1295  9.65828  -3.02076  1.85426  4.0632  2.33005  -1.51793  -1.34031  5.98591  16.8304  105.543  10.3499  4.53937  5.90647  -6.22137  6.6564  -5.2227  49.0613  3.0981  32.3228  -2.07991  0.274886  3.64583  -6.7275  6.66314  9.42233  -3.8411  5.84035  216.875  1.50422  19.0075  -3.50714  42.0833  2.44314  16.1847  2.94015  3.96124  -11.1813  
3.15119  20.458  -2.71147  4.66958  -13.6319  -0.648427  2.21363  7.72555  2.58376  0.812213  -3.06317  -1.96095  -22.5934  -24.728  492.466  4.9619  -4.73577  3.89543  0.337052  2.24875  -4.88949  38.1735  0.446199  26.4287  1.65234  -0.852687  -8.37756  -9.13037  4.30231  12.8854  0.415474  11.1332  420.18  1.49106  26.1455  -20.5211  73.9718  2.10298  10.0955  3.31192  5.98258  -25.245  
1.55429  -22.5752  -0.252834  -8.51389  -2.31368  -12.7405  9.41284  3.16513  -0.689954  0.424906  2.03846  -1.48275  -48.6551  -44.5898  449.957  4.21975  -7.22342  -2.07022  3.66244  -5.88234  -6.43019  26.4208  -2.69147  6.94072  -1.85115  1.36527  -18.7389  -7.85751  0.0901272  5.14456  -1.0812  10.0591  207.086  2.95885  3.52354  -19.7825  40.5906  1.10952  -0.195932  1.69959  5.68627  -26.8906  
-0.494404  -25.0918  1.44798  -5.84471  4.02327  -18.1129  10.8994  -7.42397  -3.20699  -0.650352  4.39128  -0.660058  -49.4919  -30.3705  28.542  6.46884  -2.17201  -5.7306  -0.818738  -7.34312  -7.50002  28.79  -6.62534  -15.7558  -9.71791  2.45695  -28.8021  -3.0673  -3.4112  -7.38591  -4.14601  2.23555  -48.1742  0.83768  -24.5931  -5.29805  -9.59639  0.140423  -4.3223  -0.414972  0.726444  -12.1888  
-1.40541  36.6813  -3.59175  10.6279  0.466321  -13.4259  5.0314  -10.2457  -4.19549  -4.93469  -2.73182  -0.505497  -18.5304  -11.0101  -310.6  2.45927  4.82718  -3.73462  -5.37395  0.949199  -3.55157  45.021  -10.6765  -29.4206  -11.8601  -0.554662  -27.6969  4.61684  -4.3357  -13.1713  -4.23586  -6.14442  -3.8539  -4.31255  -27.2958  5.67539  -16.5246  -0.0858911  -4.64621  -1.20365  -7.04096  3.29284  
-0.998843  102.686  -15.1016  17.5131  -7.04294  -3.42073  -2.77485  -2.65662  -4.21991  -10.0605  -10.7086  -0.832316  22.1354  -12.5218  -160.07  -5.18406  7.80937  0.949592  -4.54331  8.75464  3.3875  59.7772  -12.2021  -31.0522  -6.66774  -5.0769  -7.35723  10.9834  -1.40389  -6.9982  -1.24206  -7.34047  217.988  -7.32444  -8.23078  1.10355  15.7377  0.205906  -7.70756  -0.553352  -11.0122  4.42495  
-0.295197  101.372  -20.8625  4.00801  -9.619  5.21199  -7.13429  4.34162  -3.41098  -10.239  -7.64917  -0.93539  40.8321  -24.8791  331.101  -6.79371  4.72193  3.09038  -2.78754  5.36489  5.71733  57.1208  -9.39211  -23.9588  -1.10375  -5.75468  12.0303  9.83786  3.16792  5.16896  2.20125  -0.143327  230.434  -5.44561  2.73421  -9.37287  35.9795  -0.289007  -11.2178  0.19842  -6.60821  -0.538176  
-0.0129432  26.0417  -8.75438  -13.951  -7.23053  8.35883  -9.9338  0.553546  -1.0944  -3.7722  4.28097  -0.594001  26.6266  -27.3265  609.956  1.09858  -1.57895  0.741954  -4.1714  -6.07037  0.716712  33.4537  -3.5066  -11.4544  -0.034456  -1.7702  -1.02528  2.10775  5.14165  12.022  3.90482  7.99216  -62.3805  -1.89043  -8.95523  -6.94846  27.5414  -1.87735  -7.34045  0.207477  3.0928  3.5745  
0.0908474  -55.6634  13.535  -12.7312  -5.45253  4.54001  -15.382  -9.81479  2.54443  3.80017  10.3709  -0.406894  1.5306  -20.8502  409.051  9.28364  -5.61564  -3.0399  -4.63544  -12.4511  -5.31587  11.1283  0.787639  3.55066  -0.532065  2.43081  -35.7877  -2.00452  1.37884  8.45594  2.64505  7.93001  -315.266  -0.765728  -22.5221  6.20898  12.0251  -3.16308  3.50647  -0.0196213  10.0362  14.3003  
0.448729  -85.4686  24.4252  7.86813  -4.71873  -4.15856  -20.1125  -14.4363  5.85453  6.26848  1.65843  -0.75856  -6.13369  -19.0125  -2.30085  9.35117  -4.17671  -4.12699  0.787501  -6.63053  -4.80466  7.18712  0.889514  15.181  3.18865  3.01449  -41.2428  1.20481  -4.60663  -0.484775  -1.53518  -0.453778  -251.168  -1.66886  -13.1869  12.7326  8.86801  -2.56575  11.4853  0.243543  9.49666  14.0904  
0.940454  -51.2465  14.4723  23.7954  1.10705  -9.42214  -15.7858  -7.8231  7.32453  3.92434  -11.6818  -1.16485  6.4399  -21.3968  -143.233  4.79861  0.03977  -1.6062  6.61368  3.99362  1.23107  5.91585  -0.901341  17.5069  9.54179  0.977702  6.50333  8.74797  -6.82569  -5.7349  -5.48546  -8.26009  11.3346  -1.33894  11.5631  2.88415  -1.81613  -0.641458  9.35464  0.844927  4.75484  -0.102108  
1.17559  11.9722  -0.638265  18.8055  11.861  -3.01435  -3.03484  4.02315  6.33321  1.70092  -13.9082  -0.875517  19.706  -12.6951  -5.90036  2.52368  1.31541  2.02649  4.19433  7.46148  5.11192  -16.2046  -1.53565  11.6926  10.9634  -0.0549143  55.687  14.3252  -2.65853  -3.60157  -6.30885  -7.11491  85.7236  2.59837  24.3005  -11.3977  -34.2589  0.636935  0.951905  1.16023  0.690772  -9.59904  
1.04903  59.2607  -1.08552  0.769974  18.3122  11.9344  2.76575  10.0631  3.011  1.87855  -4.00707  -0.0538487  19.3966  6.34912  46.5175  2.49681  -1.53893  4.21668  -4.07227  0.589726  2.43042  -47.5416  -0.146434  7.39887  5.10104  0.727679  45.7988  14.3633  2.92034  1.07714  -4.88822  0.127069  -191.26  7.56543  12.816  -11.9905  -60.895  0.312309  -4.34241  1.01013  -1.87904  -0.919426  
0.745152  64.3956  11.0324  -10.5764  12.0747  21.1623  -9.97169  5.73468  -1.53952  2.14874  5.83807  0.498744  8.88911  14.5029  -250.877  -1.44826  -3.07225  4.72437  -6.90798  -8.39095  -2.8674  -53.1057  2.14638  12.0445  -2.92329  1.0779  -9.21592  7.28868  3.38395  1.3934  -4.62897  4.17391  -499.122  8.34348  -5.34081  -0.804761  -55.1847  -0.516568  -2.87956  0.70095  -4.33886  15.5223  
0.360781  20.9331  15.5285  -9.18004  -0.229991  14.9205  -29.3147  -3.49338  -5.21102  0.219223  7.83065  0.307104  -0.114908  -2.87332  -720.552  -9.48248  1.06072  4.68709  -0.431046  -9.06638  -4.67691  -16.5854  4.65467  21.5914  -5.93092  0.00730725  -37.9945  -6.64792  -1.09008  -3.65571  -4.2918  1.62652  -371.534  2.50016  -9.60484  4.61261  -28.1971  -0.551727  0.199689  0.400119  -5.65193  17.5622  
-0.0569767  -41.181  3.24428  -4.97461  -3.76616  0.938339  -28.4234  -7.99057  -5.44329  -2.29136  7.55937  -0.228788  -5.19339  -26.652  -963.093  -14.6493  7.1212  4.16693  5.64761  -0.620266  -2.75875  25.6585  5.55108  24.9884  -3.58139  -1.05467  -7.33779  -21.1898  -4.32826  -8.34052  0.0844054  -1.31522  224.285  -5.42203  -3.24247  -3.99364  -7.51286  -0.101562  -1.47375  0.0526408  -3.51602  2.52748  
-0.331375  -59.9007  -12.4572  -4.00556  4.58518  -6.33577  0.848128  -3.53337  -2.19682  -2.55096  11.9076  -0.420544  -8.95476  -32.4614  -800.089  -9.25737  7.66191  1.99033  2.35519  9.3916  -0.519526  27.0201  3.48952  17.8252  -1.00859  -0.947312  35.5919  -23.7679  -2.99527  -6.97626  8.45388  0.494902  759.636  -8.61225  -5.16959  -9.79643  8.38733  -0.0918352  -7.29035  -0.261847  0.713108  -12.6887  
-0.320434  -8.33173  -14.0843  -2.74751  12.7252  -4.75783  31.9213  5.04739  1.10851  -0.589772  18.3317  -0.0709756  -9.64155  -22.546  -404.169  4.32798  1.88047  -1.84437  -7.02551  11.6022  -0.202918  -9.19617  -1.2356  7.1758  -0.783797  -0.860523  36.7699  -11.8099  0.7494  -0.000107028  12.8975  3.66667  728.315  -6.39838  -19.3027  4.10752  39.5803  -0.619184  -9.6653  -0.343309  2.7862  -12.442  
-0.124402  70.34  -3.71881  1.0051  8.69753  -3.96787  31.2586  9.46986  1.11274  1.09474  20.1517  0.358562  -3.73502  -20.0356  -122.276  15.3335  -3.48145  -4.77796  -12.3934  3.74893  -0.911902  -35.3993  -2.88773  1.49025  0.218643  -2.05901  1.02105  2.57892  2.35934  7.14569  8.37821  2.02317  291.471  -3.97627  -28.6051  27.4884  72.6421  -0.859986  -3.62486  -0.175761  1.67831  0.561538  
0.0805523  97.3253  4.31955  1.212  -4.8331  -8.43098  -2.92379  7.54106  -1.46213  1.05051  16.7795  0.164433  6.05744  -28.7777  -61.6255  15.2934  -4.09691  -4.63999  -11.5479  -7.88634  -0.69573  -14.4964  1.36674  1.94755  4.91003  -2.84181  -21.6677  7.71241  1.88875  10.2811  0.897354  -2.68937  48.3929  -3.96752  -18.788  36.6518  74.47  -0.462599  5.96218  0.0847997  0.609302  12.3342  
0.25105  52.9384  2.41749  -3.09974  -14.2707  -9.67409  -36.12  3.371  -3.12071  0.180795  12.9185  -0.807725  11.4618  -21.5778  -56.8131  5.09125  -3.65856  -2.12509  -11.2143  -12.3142  0.279222  37.379  5.33549  5.83999  8.83607  -0.418294  -11.5727  3.56865  1.54205  8.65858  -0.715994  -3.29224  195.19  -2.52297  2.80743  22.7308  39.783  -0.174643  9.33117  0.324998  1.4422  13.4192  
0.381665  1.03206  -3.0996  -0.966907  -12.9709  -1.07661  -35.2238  0.603544  -2.01722  -0.312439  11.6409  -1.97584  7.53524  18.0492  105.132  -5.79971  -6.15382  -0.329104  -12.7733  -5.81543  1.51664  74.6032  -0.0483796  12.7049  6.35287  4.58761  5.70813  -1.60071  1.25775  3.41414  2.55581  1.69296  280.238  3.73585  17.9284  5.29867  5.51379  -0.579519  3.30378  0.4844  1.84855  6.3337  
0.358577  -0.772634  -4.15633  14.4085  -6.06419  9.73888  -5.25424  -0.607433  0.109361  -0.356716  9.02567  -2.36803  -2.98803  68.0648  404.615  -8.9389  -8.24004  -1.00186  -9.13845  4.44008  3.00572  70.4357  -12.3275  18.2524  -2.56594  7.64237  2.69696  -4.54886  -0.333497  -2.77817  0.641424  4.834  -50.6093  10.1193  18.327  -0.198094  1.81912  -1.08898  -4.57587  0.446655  0.289517  -1.49968  
0.170488  19.8999  -1.60256  30.3479  -2.80196  10.1409  18.7666  -1.57851  1.28334  -0.343622  0.197438  -1.7151  -12.4995  84.8405  565.611  -3.83541  -4.26364  -2.27356  3.30277  8.22243  4.22788  36.1719  -17.9109  9.71287  -10.1337  5.52343  -12.016  -8.7414  -2.60124  -6.23888  -8.27192  0.610509  -419.389  9.4718  11.631  -0.483316  18.6768  -0.785807  -6.04962  0.223904  -1.30923  -4.0916  
0.13877  -9.6256  -0.180961  24.7804  -7.03842  0.450332  13.4762  -1.6576  1.49408  -0.143324  -12.9591  -1.11104  -17.2237  52.4223  449.947  3.71204  3.97096  -1.4421  15.7845  2.85488  4.38022  -0.354509  -8.15246  -20.0698  -9.99497  0.55874  -16.4283  -14.3616  -2.05486  -4.2534  -14.7315  -5.99335  -255.846  2.31553  6.3366  -9.63623  25.1367  0.205751  -1.85863  0.171377  -1.07862  -3.33029  
0.53692  -91.755  0.921801  -3.95059  -12.839  -6.53715  -8.33907  -1.48656  1.39143  0.372105  -25.189  -1.91857  -16.4297  -3.29394  203.88  9.17244  8.89363  1.37877  16.5876  -2.9973  2.85516  -23.3064  7.31376  -53.1373  -3.2101  -1.99448  -8.32413  -14.5975  1.60891  0.627907  -11.1117  -5.68121  317.396  -2.89275  1.78537  -23.4238  7.12461  0.782777  0.131501  0.589492  -0.335853  -4.36479  
1.07364  -136.89  4.91168  -31.4404  -12.2683  -5.35851  -16.8574  -3.87859  0.578398  0.694003  -30.1164  -3.8396  -12.238  -43.5997  52.485  10.7315  7.77697  3.67639  6.63943  -1.38928  0.518216  -32.5171  13.1481  -58.2811  5.01451  -0.730975  -12.7561  -7.30215  5.15071  2.47732  -2.92981  2.43688  566.265  -1.83009  -5.21027  -23.4423  -22.8745  0.284547  -3.82493  1.17156  -0.918728  -6.54565  
1.14485  -76.5569  11.5462  -35.6426  -2.72875  -3.72204  -2.38896  -9.3189  -0.548813  0.376689  -23.457  -4.91845  -6.61833  -53.7872  -13.8121  8.41427  5.38273  3.50798  -0.570955  5.30007  -1.52425  -35.8306  6.53181  -26.195  11.2231  1.19887  -36.5861  2.31844  5.42651  -1.06983  0.614811  9.66373  157.688  0.873898  -11.3263  -7.05601  -40.1758  -0.718089  -8.60008  1.2495  -1.02387  -3.62094  
0.634167  39.256  14.3898  -19.9516  7.48678  -9.44788  14.8762  -12.2484  -0.438563  -0.0757935  -6.77882  -3.92252  -0.48847  -41.9399  -143.691  2.54127  5.09769  1.3456  4.33198  8.32564  -2.23956  -36.1482  -2.02312  15.6195  14.3269  0.692214  -58.7614  7.87429  3.27173  -5.56215  -0.743071  8.03558  -411.789  -0.457557  -11.7302  9.64294  -27.2359  -1.27123  -7.17177  0.678883  1.89368  6.3524  
0.0397855  90.6344  10.2279  -5.70763  5.52023  -15.2509  13.5175  -7.71026  1.21589  0.0766535  12.3714  -2.1056  4.42784  -21.4514  -297.432  -6.08724  4.18696  -1.23597  12.933  4.12078  -1.83419  -30.7376  -5.70438  34.402  11.1798  -1.58503  -47.6565  8.88895  1.36595  -5.89127  0.432682  -1.08555  -470.077  -4.1146  -8.17388  17.9507  1.97629  -1.24169  -0.298624  0.0185204  6.40487  15.097  
-0.221878  29.0731  2.5769  -4.63331  -9.57775  -8.87348  -0.331263  -0.397381  1.90815  0.71815  20.3148  -1.38371  6.58988  0.583896  -285.038  -14.1938  -0.0559908  -2.60534  11.1233  -1.76119  -1.18017  -17.2246  -6.79855  27.7824  0.2616  -3.13804  -5.26652  9.04947  0.850431  -2.17129  5.32257  -9.78914  -31.8484  -4.35769  -7.48195  27.0912  11.7949  -1.23844  4.53936  -0.24765  7.84735  11.8148  
-0.284442  -66.2313  -1.63078  -6.83557  -22.7238  7.66358  -1.95278  1.53721  -0.544625  0.874147  11.4146  -1.14709  8.44878  22.0834  -51.8452  -17.025  -4.73116  -1.54019  -3.45401  -2.83193  -1.32696  0.255612  -8.88325  19.4429  -12.9439  -2.88388  31.154  9.59904  0.408436  1.61667  7.86765  -11.5706  369.51  -1.17077  -11.3383  44.1994  -14.2894  -1.46079  1.87119  -0.275232  4.60232  -0.610219  
-0.447391  -87.4472  -0.999249  1.44306  -17.3626  16.7825  16.8402  -0.519043  -3.76832  0.0223517  -7.99399  1.04729  12.5139  33.5268  165.091  -11.2779  -5.67737  2.2884  -17.3641  1.05622  -2.10376  12.4  -8.53037  24.3569  -17.8116  -0.865803  33.5811  10.6943  -0.803447  4.06413  5.17337  -6.5826  355.811  0.2889  -15.3134  50.8885  -32.0782  -1.34498  -4.78576  -0.444388  -0.77068  -12.3782  
-0.559938  -22.8095  0.986301  17.1969  5.26836  6.6412  36.8845  2.57226  -3.07872  -1.14289  -21.2983  5.70449  18.0545  25.1823  117.155  2.3389  -3.63546  6.52661  -18.0618  4.99453  -2.56655  10.0094  -2.22312  33.3274  -11.262  3.34119  11.5312  13.1034  -1.54964  5.61484  2.90487  -0.699886  51.7849  -1.2603  -16.2839  26.1959  3.26824  -0.457179  -6.88486  -0.618836  -5.71247  -13.8046  
-0.257728  43.9411  0.124048  24.9398  28.3914  -12.6315  36.8423  12.0766  2.14249  -1.49616  -19.161  9.7629  19.1442  -0.747056  -80.4404  14.5436  -2.14861  7.12409  -8.12658  6.27265  -1.93416  -8.01858  5.7199  31.8434  -1.19191  8.19544  -8.58438  14.6575  -1.72946  4.63295  5.50588  -0.183553  -195.784  -1.37434  -15.0423  -20.4799  60.542  0.690393  -1.01365  -0.356056  -9.44444  -9.04802  
0.376816  58.6106  -2.02847  16.4689  33.4537  -21.0783  19.4798  15.5303  6.92115  -0.827854  -6.99742  10.1236  10.1891  -23.5416  -158.994  15.0971  -2.07132  2.8443  0.766511  5.23955  -0.111656  -30.1528  7.59576  21.3087  2.26106  9.27113  -22.2606  11.5446  -2.04621  0.195228  7.70573  -4.75291  -236.843  3.06939  -11.6523  -53.1337  54.2965  1.21417  6.627  0.319245  -10.9762  -6.68354  
0.815335  52.2178  -2.27882  1.73759  17.3797  -13.6958  4.0494  3.9691  6.50213  0.0444921  2.94476  7.40816  -4.40265  -18.1505  -79.9586  4.78008  -1.46092  -2.46471  3.2309  0.739474  2.36926  -42.3571  3.23018  14.8426  0.204269  5.01363  -35.7643  3.93568  -2.92029  -3.77707  1.219  -7.63102  -157.845  7.09949  -3.71486  -45.2767  -30.2927  1.01438  8.12999  0.830601  -7.64015  -8.64794  
0.763308  69.0675  0.674167  -3.67919  -8.55326  -3.24504  0.000371735  -11.4495  1.31052  0.220704  4.53528  4.61324  -14.1617  10.8815  -74.0173  -3.47704  0.444337  -3.29266  2.33416  -7.03335  5.11361  -37.796  -1.50597  19.2826  0.895547  1.48764  -45.883  -1.06799  -3.3319  -0.905964  -12.1168  -3.44757  -70.6686  4.46315  3.77193  -9.37207  -98.36  0.758551  4.61443  0.79753  0.363848  -11.0623  
0.512955  94.3179  3.60364  -0.898381  -25.8718  -0.932788  -0.715869  -13.3998  -4.19574  -0.212456  3.4558  3.0402  -12.4922  35.0763  -278.715  -0.306271  2.62058  0.455196  1.40991  -14.0884  6.26717  -18.622  -3.31668  27.5825  7.29857  5.33793  -36.8233  1.7769  -2.0673  6.72879  -20.3441  4.20003  -10.9571  -3.74133  4.11594  21.358  -60.474  0.825198  4.87139  0.502697  7.3347  -9.15772  
0.506721  75.4961  2.77809  -4.30119  -23.3473  -3.31272  -5.25134  -1.39552  -6.2307  -0.462169  7.17101  1.41342  -4.37369  29.5728  -487.261  7.61513  4.83771  4.03272  -1.68902  -13.5308  4.80042  8.15807  -4.14135  29.9396  11.3102  11.6348  -8.97812  6.10695  0.189341  8.39038  -14.0196  6.52536  19.8688  -9.13333  -0.165397  27.4228  39.4106  0.851582  12.1426  0.459812  6.81874  -3.47734  
0.767448  15.88  -0.300732  -18.1149  -5.6797  -1.01972  -8.57399  8.66743  -4.52026  -0.0180147  16.0177  -1.02819  0.74336  4.83282  -411.306  6.37214  6.96482  3.48853  -5.61327  -4.00562  1.16006  34.8098  -5.05214  24.0246  4.84062  6.3472  17.1164  0.70928  2.29115  -1.28248  2.8686  1.41877  -43.1578  -7.01899  1.70461  11.8775  89.9026  0.586871  17.2299  0.746193  0.360228  1.27933  
0.984635  -36.5096  -1.33025  -27.4892  10.2885  7.07101  -5.25494  6.42826  -0.876385  0.707566  22.2104  -2.62571  -0.180404  -9.0299  -111.15  -4.4097  6.91883  0.478069  -3.43708  6.17082  -1.42484  52.1978  -3.12371  15.269  -7.46074  -14.298  24.8596  -12.0097  2.74344  -11.7497  17.2072  -2.73531  -230.494  -1.94996  11.1315  -8.11154  53.2608  0.303006  10.1321  1.02805  -3.30737  -0.0618239  
0.936986  -48.4676  0.740658  -17.049  10.9423  15.2768  -0.852337  0.419043  2.98334  0.822569  18.2148  -1.5211  -1.72768  -1.06633  93.9843  -11.452  2.79682  -1.19691  7.46891  8.23633  -1.39084  55.0796  3.2372  8.57615  -13.8718  -33.431  24.738  -19.8465  1.81627  -10.0706  18.9731  1.14339  -467.894  -1.1447  12.9056  -17.6156  -1.61542  0.294648  -6.17143  1.02739  1.18242  -5.8507  
0.698161  -45.0498  3.47623  7.41707  0.118162  21.5005  -1.12084  1.3406  6.30844  0.204561  4.07905  1.54777  1.60307  10.5677  85.6718  -7.50035  -3.26818  -0.849537  16.7606  1.90049  0.267266  49.0869  9.41272  4.33896  -7.94131  -31.3175  31.6903  -15.0383  0.661114  1.70604  10.1889  9.22313  -552.041  -4.15876  -1.6407  -10.6984  -9.88467  0.344202  -17.4782  0.779001  8.33339  -6.87251  
0.419238  -48.2214  3.87357  24.2199  -6.59048  27.3135  -0.15566  6.15771  8.55698  -0.419808  -13.7828  3.9938  7.73572  7.13505  75.555  0.17598  -6.42248  -1.23719  11.165  -5.57356  1.01254  40.4795  10.0624  0.890825  3.34856  -9.81109  35.4753  -5.23156  0.110354  8.43508  0.743599  11.4335  -324.301  -4.61999  -17.8228  8.99286  8.63832  0.142787  -15.6501  0.447375  7.79441  -0.128697  
0.170585  -39.4556  3.73791  20.3784  -4.83495  28.2831  9.22932  5.44543  8.62433  -0.334814  -26.332  4.37778  10.0412  -3.81363  266.023  2.47806  -4.63717  -3.46454  -5.81631  -8.41803  0.813257  24.4853  5.91003  -2.03077  8.32941  9.60397  19.8228  -2.38903  0.849399  2.7741  -1.19987  5.30097  142.233  0.995181  -17.7986  24.4006  17.7911  -0.0761815  -7.30297  0.140637  -1.7453  6.8249  
-0.0257347  -9.24892  5.96589  4.61537  -2.73523  16.4686  19.748  -1.75517  5.38209  0.294444  -27.0204  3.61585  6.54624  -3.96055  474.318  3.00795  -1.20651  -4.97675  -17.1369  -6.6728  1.50921  -4.31037  2.35492  -4.34653  3.36466  11.9565  -5.68836  -5.07506  2.19731  -5.3264  3.49518  -1.78307  545.123  8.01497  -8.71955  22.2105  7.39207  0.0904041  -2.05669  -0.0862423  -9.70265  3.97005  
-0.124402  19.4732  8.48767  -4.16639  -7.05226  -5.97767  16.3737  -6.90912  -0.450358  0.656957  -17.8169  3.46618  1.97527  8.60321  424.347  7.60982  -0.22031  -2.77903  -12.2515  -4.20541  3.50351  -36.026  2.00662  -6.98099  -3.50036  4.63033  -8.35915  -4.64838  2.66265  -4.5428  7.28806  -3.25367  597.805  10.1653  -6.7446  2.52667  -3.28396  0.410753  -1.73323  -0.174948  -6.52189  -7.22858  
-0.0713744  15.5835  6.89697  0.340976  -10.2054  -22.036  0.502534  -4.99607  -6.06562  0.426454  -6.91325  4.56136  -0.224081  19.1719  184.379  11.4265  -1.64261  1.63071  0.428585  -3.00174  4.6423  -51.0131  1.40361  -10.084  -1.86444  2.38161  11.2616  2.18697  1.29308  2.35695  5.34941  -1.21003  314.939  6.38689  -6.72405  -20.6388  -6.69091  0.436378  -2.2001  -0.087514  3.35431  -15.2062  
0.128711  -13.5781  0.142824  8.2299  -4.8932  -19.1809  -7.98119  -0.215291  -8.59891  0.0530016  -4.16866  6.24944  -0.330416  20.693  104.862  4.47579  -2.48064  3.72592  7.05704  -3.44029  3.10937  -33.8434  -3.05727  -10.2459  8.37547  7.42676  16.3941  8.33612  -0.12272  4.63226  0.504338  -1.03047  28.1343  1.74133  12.6872  -30.0281  -0.523876  -0.034411  -2.16363  0.146665  7.46167  -12.345  
0.378847  -29.162  -6.65495  6.85703  4.06446  -3.81985  1.89263  1.52972  -7.18438  0.0155526  -8.8974  7.1839  0.713907  18.5451  285.291  -11.3362  -1.3432  1.38774  5.82123  -4.373  0.938105  0.781208  -8.44121  -3.44029  16.2425  10.49  -11.33  8.21934  0.917792  0.852703  -1.31286  -3.1619  27.284  0.533668  44.2572  -20.3045  20.0759  -0.473194  -3.2554  0.411615  0.60504  -3.09473  
0.526725  -16.2049  -8.21938  -5.25403  7.54158  5.54071  15.7762  -0.0805193  -3.3434  0.266926  -11.6025  6.35608  4.12684  14.6214  351.994  -21.4766  -0.16457  -2.6351  4.35708  -3.38655  0.598846  25.9864  -9.01366  9.13424  10.3201  8.41094  -38.0822  4.19076  3.90802  -0.833572  -0.211304  -4.93423  207.102  2.24699  49.7697  2.23793  46.7989  -0.577807  -4.22643  0.555556  -8.09245  5.92941  
0.450425  -4.02412  -5.07248  -17.1869  7.81252  1.23364  15.1911  -2.27456  1.09391  0.365683  -6.90941  3.89444  5.19765  3.38644  -43.214  -18.812  -1.41283  -3.91051  5.36757  0.570337  2.32736  27.9447  -3.43139  21.8868  -7.15182  8.13527  -22.7466  0.15833  5.10451  2.76704  -1.13408  -4.6926  164.241  2.33109  12.5151  22.5207  45.9534  -0.527037  -2.96734  0.46675  -7.46468  10.0584  
0.276841  -15.2961  -2.23883  -18.5583  14.2757  -8.37106  6.4739  -2.77682  4.56492  0.218113  2.23304  1.18765  -3.43928  -17.0043  -645.755  -9.83862  -4.44651  -1.23212  4.48877  4.86358  3.15807  9.01821  2.57961  30.7889  -21.8947  14.1402  15.5865  -1.60744  2.14787  5.15258  -7.36963  -3.55273  -265.016  -1.42051  -30.5924  29.5438  6.82645  -0.697751  -1.91186  0.284638  2.64196  3.55233  
0.366661  -47.0881  -3.33615  -9.84241  25.5186  -13.1756  10.6078  -1.38567  5.80958  0.107609  8.37985  -0.145163  -20.185  -36.6472  -836.506  -3.64144  -6.14028  2.73918  0.414957  5.11105  1.99618  -20.2038  3.06759  35.8039  -21.3591  19.214  24.2417  -1.49835  -1.74632  1.66524  -13.8425  -1.76726  -717.259  -5.52249  -32.2912  22.3533  -27.9336  -0.972327  -5.95664  0.383347  11.6718  -13.675  
0.862148  -69.9735  -5.69524  -2.19243  25.3517  -12.0637  28.6194  1.14962  4.79318  0.0960219  9.02058  0.250915  -28.3048  -44.634  -380.86  1.02466  -5.12649  4.32498  -1.77864  0.871063  0.966258  -46.9355  -0.535429  36.3747  -8.4445  13.5866  -5.25505  -0.100866  -2.246  -3.00546  -12.1652  0.805397  -654.092  -4.67006  2.93608  9.6299  -27.6976  -0.732457  -11.3538  0.911891  10.6669  -27.9282  
1.28505  -66.7108  -4.86324  -5.23203  6.55934  -8.06045  34.362  3.01483  2.95284  -0.0521079  8.6299  1.22199  -14.8678  -41.186  239.982  8.3685  -3.79514  2.48808  0.0771111  -1.85998  2.90314  -56.5631  -1.9487  28.9087  4.4245  -1.41111  -9.65782  2.20138  0.706107  -3.09521  -2.29344  3.09026  -33.6574  1.63364  26.5518  6.73887  -13.3749  0.346879  -7.13362  1.36691  1.55113  -21.4424  
0.985381  -30.7558  0.639579  -15.9139  -15.0629  0.00400017  8.68428  1.85468  1.40204  -0.43695  9.15364  1.58224  8.11682  -29.0134  440.923  14.1567  -4.49427  -0.995202  1.93469  1.76056  7.43152  -38.4164  1.20229  10.5841  8.78606  -14.1482  46.2576  5.69294  2.20305  -0.7489  6.57737  2.88305  601.068  7.96214  9.98983  9.47045  -23.6757  1.69395  8.87351  1.06324  -6.42374  1.40145  
0.0668372  18.1047  7.45063  -20.7222  -19.595  12.4193  -31.7996  -1.0949  0.158549  -0.709034  9.22763  1.23999  13.9479  -4.51997  155.831  10.9571  -4.91861  -2.97473  -0.286217  8.66716  10.648  -5.82126  3.46254  -13.9742  8.21947  -16.3343  103.168  13.6298  0.102353  -1.00354  4.31657  0.695252  723.615  8.33293  -18.9904  11.5699  -47.9432  2.20279  23.1279  0.0981627  -6.41839  13.4747  
-0.533199  44.8708  9.76232  -10.776  -8.21844  22.0397  -51.7834  -0.48555  -0.808525  -0.514406  9.4323  0.980498  -3.83323  32.4337  -210.753  -0.271314  -0.326312  -2.11448  -2.58026  12.1458  9.03759  20.0381  -0.160175  -34.1724  10.3259  -10.5469  65.8996  26.2142  -2.8797  -2.94293  -5.66936  -0.821127  412.663  3.44199  -18.4702  8.94849  -44.8074  1.46818  21.4665  -0.555934  0.5167  2.21835  
-0.142435  35.7038  6.30907  6.83063  -0.87496  20.1274  -36.9924  4.60013  -0.254935  -0.00674362  11.5105  1.3412  -21.3181  63.7104  -306.503  -9.93475  8.80224  -0.0412936  1.41363  10.1792  2.65294  30.2032  -6.68376  -42.3448  15.2211  -4.36606  -59.213  32.3764  -3.07171  -1.49205  -9.39444  -0.475917  142.417  -1.40379  12.2197  4.8564  -14.2062  0.221755  7.89089  -0.18661  7.5048  -8.45895  
0.758882  3.49399  1.42062  16.862  -7.38876  7.74448  -6.09999  7.79757  1.5862  0.184745  12.0617  2.06114  -14.8659  57.2119  -171.627  -9.57923  14.8513  0.684161  10.3101  7.50804  -4.67867  34.7044  -7.6483  -40.349  15.3686  -1.04447  -164.026  21.3047  -0.590796  3.13253  2.74827  0.0620552  158.643  -1.13746  33.3507  -3.38329  1.1123  -0.195342  -1.01635  0.731982  8.79504  8.24359  
1.11045  -11.4369  -0.421475  12.0348  -13.681  -2.53834  13.8608  4.66825  1.94078  -0.22055  5.32899  2.73992  10.9732  4.88675  -22.0179  -0.44198  11.9766  -0.285068  15.5103  8.29771  -8.53109  34.9155  -1.1224  -37.0486  5.40247  0.808482  -152.938  -2.79141  1.01195  4.8294  22.3169  -1.00166  229.584  3.29699  17.9154  -16.8224  -7.37708  0.424857  1.62197  1.11794  3.58887  39.4849  
0.633969  11.0944  1.00569  2.8711  -4.088  -1.97869  12.7855  -1.15482  -1.2719  -0.650265  -6.20948  3.14554  31.3952  -54.6654  91.0247  11.0812  4.49077  -0.629596  11.879  10.119  -7.22008  21.0692  5.62232  -37.0797  -10.5081  1.93179  -51.8595  -20.9582  0.625426  1.26443  29.1315  -2.49309  60.0459  6.13616  -16.2064  -29.693  -9.41861  1.10162  5.58078  0.666516  -4.04398  46.9246  
0.0496273  50.5624  2.65945  4.28824  16.1753  4.39541  -1.26729  -2.59632  -4.64158  -0.3661  -10.3912  3.24975  33.6683  -63.8936  182.004  19.6706  1.85312  1.68147  4.95786  8.97082  -3.2443  2.28732  5.46752  -35.633  -21.1537  1.16281  35.1879  -22.9845  0.48255  -1.90873  15.06  -2.72567  -273.237  2.45789  -31.5418  -26.9363  20.9505  0.92811  0.583891  0.0756034  -9.02532  18.0625  
0.0289781  66.4884  2.10425  14.2126  25.4693  6.14285  -14.1862  0.763194  -3.03221  0.604959  0.631957  3.12226  24.2134  -10.8749  200.788  22.9905  6.17597  5.35363  3.20206  5.19585  -1.05109  6.51099  0.574668  -27.1826  -19.743  -1.03921  50.6173  -17.9134  2.92388  0.602514  -5.20872  -1.80821  -439.061  -6.85055  -17.0445  -8.56152  56.6119  0.251414  -9.12947  0.0106939  -8.04675  -16.9894  
0.3578  32.7721  -0.953693  21.0102  13.1623  1.11968  -15.4479  2.28709  3.11911  1.32345  16.3137  2.86092  15.6592  51.3875  58.2976  18.7473  9.36104  6.93966  7.41459  1.46225  -2.36417  43.1523  -1.18429  -14.871  -9.53432  -1.47175  23.2854  -17.7447  6.80439  4.88703  -10.6654  -1.52557  -337.906  -13.8153  0.723898  6.34692  59.2943  -0.0127008  -11.5989  0.288293  -2.29312  -27.64  
0.392019  -32.3092  -4.85478  16.3579  -7.50727  -3.25592  -3.41784  -1.17471  7.04506  1.13442  15.4193  2.62627  9.72088  60.9203  -109.012  7.25796  4.11404  5.14715  7.9773  -3.20144  -4.36114  68.6928  2.56748  -8.30309  -0.623905  1.59524  10.1175  -19.7765  8.6635  4.14038  0.773709  -2.42007  -223.311  -10.4975  -2.3249  3.80294  29.9851  0.271758  -5.23314  0.31261  3.69286  -16.8141  
-0.0713287  -84.8458  -7.6946  6.77448  -16.6044  -1.79902  12.989  -4.80964  4.05895  0.414286  -5.23401  2.44423  3.25699  20.9662  -88.9082  -6.41736  -6.60993  1.76957  -1.48773  -9.96832  -3.0455  36.4027  6.39728  -8.59  0.829306  4.67276  31.4992  -11.7124  5.92002  -1.26616  9.89008  -3.40509  -295.321  1.71926  -17.8867  -6.30001  0.00299228  0.456255  0.180955  -0.106429  4.59755  -7.15207  
-0.64741  -83.755  -9.18076  0.727188  -10.7096  0.830725  21.6409  -3.53059  -1.91128  0.0577818  -25.364  2.10649  -5.54973  -7.85321  91.4725  -15.3318  -13.5815  -0.958659  -15.3981  -14.509  1.86242  -44.119  4.99309  -6.02381  -2.52961  3.79383  63.3981  3.43561  0.290472  -3.62981  2.21169  -2.96044  -378.571  11.7582  -18.8282  -8.20418  -7.77586  0.209019  -1.22299  -0.638077  0.1607  -6.93502  
-0.842786  -34.8191  -10.7105  -3.40278  -2.16774  -1.75441  20.2153  2.19577  -3.88033  0.304049  -23.8471  1.59898  -13.3512  6.5379  158.662  -17.1454  -12.3181  -2.58204  -20.5055  -10.0152  5.55519  -104.718  0.322483  5.15814  -3.68729  0.13966  74.4847  10.3896  -4.3658  1.32253  -12.6494  -0.200321  -190.452  10.8604  -0.215305  -4.56809  5.36226  -0.237488  -3.22726  -0.841415  -3.81784  -8.78768  
-0.462101  4.53348  -13.4011  -12.0554  -2.41698  -8.46797  16.9674  8.47506  -0.342838  0.604711  -4.20661  1.34919  -17.5625  22.2142  26.0636  -16.605  -6.37521  -3.01425  -13.2038  2.97199  4.99676  -100.106  -1.36232  14.6901  0.325034  -1.01359  56.5056  2.0152  -5.57079  7.14693  -13.991  3.96903  212.828  1.79673  15.7579  -12.715  32.6063  -0.499291  1.51441  -0.500537  -1.98336  -5.02018  
0.306611  -12.5165  -15.9809  -22.3257  -9.53159  -13.0889  16.3664  12.0441  4.22678  0.443584  10.9355  1.77534  -17.0212  -8.54393  -45.7132  -18.639  -0.800595  -1.54117  -2.17056  14.6057  1.68867  -49.2836  0.781106  8.44254  5.29607  1.84997  31.0916  -8.24813  -5.54903  5.97079  0.822059  7.19228  456.341  -4.44576  10.8307  -31.411  60.8924  -0.486954  8.32053  0.267431  3.84747  2.09394  
0.98152  -67.0508  -14.3304  -22.0746  -13.3955  -13.3055  13.2061  10.0987  5.57583  6.87895e-05  7.54351  2.70201  -12.2643  -58.5012  123.338  -19.5753  3.3899  1.77239  1.00711  16.9598  -0.0925313  -8.60375  2.4566  -11.5766  6.3822  3.5444  18.3473  -5.8854  -7.76537  -1.57467  11.9536  7.50166  256.518  -1.97719  -2.7508  -41.2972  69.5545  -0.338122  6.7682  1.00132  5.53361  8.22626  
1.15132  -79.7053  -6.61417  -7.3805  -8.25522  -12.555  4.81013  2.73647  3.26929  -0.248772  -3.35601  3.26691  -4.65009  -56.4791  336.886  -11.0667  7.6269  4.45571  -2.73365  12.4938  1.21672  -0.347984  1.07404  -27.423  3.28721  -1.05968  19.6245  6.62982  -11.1747  -6.46363  4.18766  5.74674  -244.62  4.48483  -3.07406  -29.1296  49.0163  0.0809922  -3.75498  1.22601  -0.928525  12.471  
0.828417  -2.99084  6.42935  8.22402  2.01862  -12.0911  -0.344496  -4.37417  -0.257656  -0.253397  -3.59178  2.86021  5.71868  8.44732  216.389  8.34999  11.2804  3.86806  -4.70803  8.17775  3.50104  -8.82168  -0.770994  -28.1634  0.583126  -8.90022  13.4579  13.6748  -9.86791  -2.95192  -11.1203  3.91432  -673.848  7.47479  8.28707  -5.85077  6.06764  0.608291  -11.494  0.891776  -8.80087  15.0796  
0.369411  104.742  22.0005  8.65349  8.60125  -8.65293  4.76651  -4.85488  -2.40732  -0.283436  6.80693  1.79502  15.503  60.5643  -167.59  24.7595  11.2061  0.69692  -0.470327  5.90222  3.82642  -14.7453  0.315856  -21.4091  1.18863  -10.9917  -16.0315  7.96753  -0.21725  5.09574  -11.3105  2.64718  -766.99  4.87695  11.4039  8.48685  -41.0855  0.937991  -7.11091  0.364409  -7.6055  16.8717  
0.0227631  136.664  36.7816  -6.05369  7.60276  -0.174853  9.5575  0.67778  -1.56178  -0.425078  10.7407  1.13254  18.6229  33.2277  -374.162  24.1958  5.47506  -1.31543  6.20299  2.07014  0.600056  -14.3337  2.77767  -20.7474  3.75991  -3.5074  -52.2468  -1.72088  10.968  9.64772  7.26308  0.768554  -496.566  0.0732151  -0.174839  7.40932  -72.7469  0.906957  4.44473  -0.0439892  3.62022  16.0875  
-0.198922  52.1081  44.4104  -18.7949  1.99798  7.66898  -1.67935  3.33747  1.41745  -0.437597  -2.19196  1.53661  10.4939  -43.3646  -209.826  8.52876  -3.28636  -0.154294  9.59229  -3.79947  -5.72506  -11.8571  2.88092  -27.0063  4.52169  6.44564  -57.9053  -6.60322  14.3384  7.20819  23.8432  -1.89676  -16.0073  -2.80998  -10.1623  2.05078  -67.0117  0.803599  10.9008  -0.270105  14.3316  10.9584  
-0.275453  -59.7688  39.4765  -15.9043  -1.59196  8.48966  -24.6106  -1.01894  3.08192  -0.245883  -20.8707  2.46294  -4.31564  -84.3682  49.6007  -6.19658  -9.23235  1.96576  8.72822  -7.00196  -12.2808  -9.16217  0.0747522  -30.3019  1.58869  8.93496  -18.4512  -5.61283  7.74784  0.892582  19.9237  -3.56242  468.515  -2.32587  -5.47722  2.26194  -14.0929  0.670789  8.03437  -0.285748  13.9475  0.879253  
-0.0683526  -78.5955  24.0278  -1.20612  0.283758  2.2928  -36.0695  -5.09241  0.959647  -0.131805  -23.792  2.64803  -13.3322  -56.7895  103.502  -10.0999  -8.75124  1.43742  5.75414  -5.1809  -15.1861  -4.81647  -1.66628  -25.5411  -2.52522  3.10065  33.4951  -2.38466  -0.222253  -4.13182  0.657416  -3.23988  751.606  0.0275878  7.15608  10.7959  55.6402  0.203939  2.01052  0.0197942  4.02202  -10.0224  
0.396121  9.71695  8.33777  9.50919  3.53883  -3.5059  -25.2662  -1.54342  -3.18354  -0.165391  -7.14561  1.81676  -11.152  -5.16908  52.8456  -8.63499  -4.71671  -1.50257  2.31444  -1.94866  -12.2179  -9.94276  -0.533448  -17.6151  -2.63305  -2.89607  52.1995  2.29303  -1.54105  -4.65382  -11.534  -2.4309  735.346  0.902912  12.4112  19.378  83.5893  -0.561634  -0.921594  0.564752  -4.93232  -17.6599  
0.755761  90.9421  -0.3907  7.70949  1.60025  -3.49646  -10.0629  5.15046  -4.60924  -0.0834585  10.9449  1.29131  -4.38727  21.2665  107.378  -9.0704  -3.61558  -3.44647  -0.224451  -1.00179  -5.8815  -28.8258  1.17329  -13.4611  3.78639  -1.98606  27.0326  8.37378  1.12096  -1.18512  -5.52855  -2.96655  456.018  -0.487339  9.66825  19.0671  53.5468  -1.05805  -1.32485  0.939771  -6.06143  -22.5511  
0.755008  66.8969  -4.96064  -1.40038  -7.52043  0.699924  -10.8293  6.35386  -2.02225  0.312638  10.9325  2.45801  -2.71689  18.873  198.643  -8.50666  -7.29179  -1.73699  -0.404266  -0.92901  -0.880967  -44.4068  -0.195568  -13.5281  11.1423  3.51976  -5.36089  13.5872  0.0254699  2.3439  8.75519  -3.53324  9.51537  -1.10198  7.54628  5.39019  6.86946  -0.761927  -2.43716  0.888626  -1.80083  -25.2284  
0.594249  -26.7359  -10.106  -8.56387  -15.6859  4.31525  -19.9275  2.44041  0.982004  0.650625  -4.73113  4.69737  -4.92126  5.95508  79.8761  1.11702  -9.54956  2.11233  0.585795  1.53192  0.911892  -28.6199  -3.52296  -14.1969  10.4324  7.29935  1.44933  15.3292  -5.6891  1.37779  14.2706  -1.90875  -510.808  1.96694  4.18079  -7.15055  -5.19004  -0.044043  -4.35357  0.660705  1.60532  -19.6582  
0.584911  -64.105  -11.7762  -10.4387  -14.0261  4.0182  -12.8111  0.925238  0.367351  0.438064  -15.1296  5.47856  -3.21326  -12.7982  -210.699  14.8173  -3.6282  4.68359  0.158646  5.34053  2.34062  12.0394  -5.37202  -14.6417  -0.572639  7.88206  47.7781  15.4974  -9.35842  -3.51142  6.43236  1.34539  -903.841  7.03806  -6.13016  -1.53357  7.6332  0.341212  -4.66015  0.606109  2.28655  -0.244373  
0.711861  2.37578  -4.8815  -9.29465  -0.588966  0.243638  14.0177  3.83572  -3.03617  -0.108579  -6.83786  3.66907  4.06061  -32.2  -343.588  16.3331  8.22445  3.90642  -2.52779  6.33058  5.10343  34.042  -4.19266  -16.7574  -12.9383  9.15937  89.6356  14.9961  -6.06896  -5.21883  -5.4246  3.30553  -908.961  8.25615  -20.6681  20.4155  -1.11795  0.393222  -3.37327  0.699566  3.01609  25.538  
0.750348  89.3165  5.08082  -6.21518  16.7664  -3.84334  34.0261  4.41387  -4.62738  -0.361759  8.21213  1.90602  8.47591  -30.354  -132.762  -0.388155  15.9005  0.880266  -5.21831  2.17847  6.66363  1.17675  -1.39048  -19.2237  -15.1363  11.805  83.0993  13.2063  0.572295  2.15211  -10.1382  3.04734  -465.647  4.02597  -25.6628  34.8893  -34.0741  0.796836  -2.42487  0.697925  4.78801  36.4855  
0.698248  98.2567  5.60361  -1.89147  27.6915  -5.03376  23.8593  -0.578636  -1.69062  -0.0431475  10.5605  4.12323  5.33708  -0.904206  189.067  -18.1537  13.0506  -1.88668  -4.66121  -4.84048  3.28658  -55.2919  0.932757  -17.7971  -6.6684  10.3576  35.7674  14.4492  3.77713  13.8301  -6.92421  2.75413  92.6134  -0.249753  -17.32  22.5402  -43.2587  1.52245  -1.65001  0.620248  5.09719  21.778  
0.723143  39.5458  -5.09719  2.17141  28.0176  -2.67578  -6.70484  -4.04476  3.26143  0.374168  -1.20378  9.50396  -0.813504  23.2665  324.859  -16.8126  4.29588  -2.81595  -0.613841  -10.0129  -2.30672  -74.3402  1.87758  -11.4351  2.0191  0.496422  6.35673  27.3349  2.85462  17.1947  -1.91945  4.18816  286.965  1.01829  -6.48652  -8.85015  -9.88092  1.77496  0.214969  0.670648  2.18574  -5.45991  
0.8534  -9.46112  -13.8234  2.39217  21.4564  0.522473  -26.0546  0.0802441  6.00567  0.565771  -7.35976  10.7746  -2.75656  11.6878  217.207  1.75436  -1.0326  -1.75385  3.06553  -11.1352  -3.06997  -39.7151  1.07518  -3.40839  2.40368  -13.1644  24.8872  52.0046  1.92418  6.2385  0.728338  5.20288  41.0136  5.10337  -3.04494  -30.9406  22.6213  1.12395  2.40838  0.866903  -1.95713  -23.8709  
0.965109  -18.989  -9.65405  1.57688  13.0242  1.39936  -17.4562  6.7975  5.45244  0.724455  3.3454  2.02951  0.802942  -12.5339  29.3968  15.8528  0.250946  0.641923  2.88584  -9.48515  3.09708  1.21192  -0.734528  2.14092  -2.79161  -20.2871  49.8761  65.2016  3.39089  -9.93512  2.8707  2.36517  -273.85  6.0778  -2.64125  -30.7536  13.048  0.363276  2.09087  1.03372  -4.32023  -25.3047  
0.989358  -16.0668  0.992612  4.19807  2.78534  0.523161  5.08301  7.09564  3.49122  1.0164  18.5615  -10.6265  4.91862  -0.182775  -93.3335  12.3711  3.25309  2.82261  -0.604685  -6.91851  10.0444  9.77633  -2.19689  3.98844  -2.99485  -15.7478  19.7766  39.6972  4.99883  -16.0945  6.34343  -3.40586  -330.768  2.76783  4.04382  -21.9093  -12.4524  0.41023  -1.30752  1.06706  -4.37608  -19.0009  
0.887288  -24.3325  5.45352  9.71019  -10.5509  1.65347  15.3455  2.63046  1.82071  0.93289  19.2318  -11.8042  2.48675  44.9426  -59.2758  2.05536  2.48759  3.37171  -2.85415  -4.19606  10.5251  18.2655  -1.90696  0.907028  5.44455  -5.5097  -51.9897  -16.9113  3.46954  -7.97908  9.93666  -6.7279  -198.385  -0.88583  14.5329  -17.9501  -7.59945  0.874808  -3.80528  0.940472  -3.91717  -14.0201  
0.499896  -16.1909  2.34657  11.4419  -23.2919  5.94813  4.28352  2.58487  0.243441  -0.00364397  6.72089  4.57427  -7.1404  59.3352  178.521  0.960362  -1.80351  1.68012  0.156662  -0.787191  5.49506  70.4103  -0.417567  -9.09374  15.4462  0.796197  -76.4839  -61.4194  -0.165223  3.61555  10.593  -3.21965  -147.972  -2.44619  19.4417  -13.4676  20.9611  0.73977  -1.81954  0.517332  -3.4977  -12.0643  
-0.199428  11.9254  -0.0628314  4.76054  -25.5592  8.99324  -12.9224  8.47832  -1.51033  -1.22266  -2.27836  22.1528  -16.3314  14.9131  466.536  7.20519  -5.49829  -0.934084  5.55719  2.99321  1.48852  139.264  0.344129  -24.2332  15.7124  -0.0281509  -10.0896  -60.5095  -2.7619  6.31455  6.62926  3.89927  -154.719  -4.32052  17.2961  5.51124  25.4711  -0.137696  3.87991  -0.206014  -1.9912  -10.44  
-0.805164  25.5081  2.07394  -4.19472  -10.7948  4.78595  -16.5231  11.1856  -2.41567  -1.56893  -0.0670889  16.8252  -15.7558  -35.2503  494.144  4.61411  -6.00781  -2.70298  8.06688  6.4971  1.75819  151.427  0.0242395  -37.5184  3.15317  -3.11663  79.5306  -30.1857  -2.23751  -0.721315  -1.54523  6.79701  1.53865  -7.74223  17.0449  35.4329  -7.33987  -0.56189  8.68386  -0.791813  0.522402  -6.24433  
-0.899484  -5.85913  4.71712  -8.52921  12.1219  -6.2975  -6.09762  5.57744  -2.31442  -0.73741  5.02604  -12.8371  -4.56722  -27.6957  115.171  -13.5569  -4.45653  -3.56841  5.89905  10.9689  3.33675  70.9775  -0.306906  -43.6158  -13.3247  -2.49584  97.0381  -12.4201  0.105847  -8.11807  -13.6171  2.97403  324.369  -10.2827  23.9525  50.8004  -43.0569  0.0708115  10.5032  -0.809728  1.62184  4.80899  
-0.655701  -42.8493  5.76403  -9.26384  23.1295  -16.6934  -0.0244731  0.00401427  -3.52691  0.141295  5.22732  -38.9207  4.7123  18.3461  -397.659  -31.9296  -3.42173  -5.27811  4.74309  17.8837  3.42508  -41.9994  0.20545  -45.6673  -20.2473  1.51692  40.1957  -22.6064  2.01057  -7.62231  -26.5898  -1.40384  431.218  -9.36589  34.8748  35.1116  -47.3589  0.874678  10.7635  -0.477924  -0.308542  25.7233  
-0.57914  -32.1082  8.51063  -11.9537  11.8005  -19.1207  -11.3012  4.21604  -7.2999  0.0313059  3.75572  -35.8056  -0.456121  31.7963  -596.541  -32.8159  -3.77077  -8.4399  9.22407  26.4471  1.97984  -103.064  1.02291  -48.5885  -12.637  4.63779  -10.0821  -37.0494  2.01566  -0.390418  -34.9063  0.339147  91.1696  -6.27319  38.8614  0.081745  -24.5504  0.647477  11.2178  -0.375498  -3.71764  50.1924  
-0.698339  12.212  12.343  -15.1757  -8.56477  -13.5583  -27.2528  13.4802  -10.4397  -0.702653  4.69739  -11.7422  -12.9317  -1.62057  -393.622  -17.7965  -3.90821  -10.1028  14.2148  28.9956  1.08515  -91.6583  1.30805  -48.1792  0.336555  4.06661  -8.1742  -35.0849  0.839732  6.14541  -32.5854  5.55942  -384.014  -3.21579  31.9874  -25.7401  -1.82142  -0.256429  10.5492  -0.548468  -5.37291  60.055  
-0.451811  32.33  10.4718  -10.7885  -15.0276  -5.66051  -22.7622  14.2726  -7.41106  -0.788251  5.23245  2.87172  -14.4347  -26.4197  -72.9396  -2.67744  -1.85616  -6.2524  11.0274  18.2665  0.140729  -41.3833  1.44661  -33.7499  5.23745  1.03413  9.08896  -20.6712  -0.223277  6.29652  -17.7397  5.86722  -447.477  -0.944245  15.2682  -22.8309  8.7606  -0.466879  5.82947  -0.38199  -3.13512  40.8446  
0.374226  1.76966  0.734242  3.70948  -2.15949  1.10198  6.40315  1.99063  2.37595  0.153988  1.12698  -3.5356  1.28735  -9.56697  144.32  3.62665  2.35809  2.9689  -2.02445  -4.53138  -1.38568  11.939  1.68796  -4.6593  -0.379163  -2.4904  3.06539  -5.33962  -0.703387  0.549861  4.89443  -1.68008  7.4617  1.40666  -6.0206  3.80406  12.9395  0.550551  -2.62427  0.380474  1.8327  -2.80853  
