0.016274  -0.715443  1.61378  7.7955  -6.32442  0.0575148  0.217545  -0.658697  0.300468  1.63507  0.897996  -0.629091  -1.18136  -0.853029  0.974878  -101.192  0.633741  2.35198  -0.552836  4.5971  2.7706  7.80861  -7.77751  -0.396764  0.753373  -1.08486  5.10137  -0.117397  1.10906  1.61022  0.628684  33.754  0.311506  0.760149  0.950344  0.27287  15.6951  -4.94707  2.1384  0.393748  -0.795186  -0.0278945  
-1.40838  1.96214  -1.36612  -14.6818  -4.08541  0.417675  -0.365489  -2.47579  -1.51388  48.4265  -13.6387  -6.09334  0.841414  4.92073  -5.51885  106.752  -0.581204  6.63972  -1.52651  1.3497  -3.93696  -19.8671  3.57604  -2.12837  1.28856  -4.59594  -19.2286  2.67252  -2.82113  -2.87582  -3.4963  -66.2533  -0.407103  -7.81702  4.22644  -6.86997  -1.27426  130.114  -11.074  10.8437  -18.7949  -10.6533  
-1.83413  0.741354  -2.29528  -29.3731  4.00144  1.06038  -0.872397  -7.04747  -3.77369  54.4545  -9.72925  -9.1123  3.93005  1.8089  -10.3042  63.4985  -0.481597  6.91379  -1.52069  0.108768  -9.36654  -27.6382  9.82032  -3.2047  1.68226  -4.56251  -30.3723  3.2658  -3.95966  -5.70719  -5.10496  -78.1164  0.721575  -9.36995  -1.38278  -8.85054  -6.37573  165.886  -9.38653  28.898  -33.6148  -12.2921  
-1.16038  -3.90918  -1.22805  -33.87  16.0319  1.94589  -1.20344  -10.1052  -5.03557  24.4417  8.20421  -8.21801  6.03468  -6.16563  -12.2039  -247.602  0.766119  1.12106  -1.25718  1.45371  -12.7818  -19.7077  11.7941  -3.44714  1.81577  -0.967671  -27.0716  2.30083  -2.79727  -5.99735  -4.39958  -40.7198  3.50363  -4.6692  -11.5458  -5.15143  -0.233923  103.172  2.73785  50.2178  -37.3574  -6.36631  
-0.031115  -7.35971  -0.102065  -29.2806  23.3528  2.61918  -1.08911  -6.73047  -3.33639  -3.35656  19.7794  -4.43448  4.40337  -8.35327  -10.5044  -606.946  1.75647  -7.24582  -1.05801  4.22816  -13.9307  -13.3127  9.817  -3.0924  1.80386  3.06198  -16.8925  2.02647  -1.77393  -4.11365  -3.18151  -48.4977  5.40161  -0.0501853  -13.9101  1.46296  5.94781  55.175  9.71748  58.4197  -20.5414  -0.871986  
0.966218  -5.51049  0.0718909  -18.8149  21.0543  2.68515  -0.258495  -0.0888017  0.619124  -6.75297  13.5204  -0.735472  1.20628  -2.74978  -4.42401  -760.926  1.48445  -10.65  0.0979547  6.69063  -12.4186  -13.9124  0.756571  -2.26011  2.03845  4.72471  -5.24959  2.93431  -2.21855  -1.47659  -2.46912  -98.0276  4.42225  1.06377  -4.88265  6.02735  7.77375  119.792  6.61404  40.2848  9.04094  -0.718599  
1.65539  0.599577  0.13266  -6.75136  9.96208  2.17963  1.02365  3.71385  3.69107  1.73022  1.15909  0.467399  0.775054  3.08854  3.63499  -556.469  0.359044  -3.15253  3.42885  7.61961  -8.54202  -15.7627  -14.1724  -1.50049  2.08511  4.01318  4.54491  2.9851  -2.84391  0.407178  -1.86769  -101.428  2.0939  1.2211  6.2836  6.92929  7.80458  210.862  3.43977  5.70939  31.0413  -2.04995  
1.93299  5.46737  0.469339  2.07486  -1.42746  1.32621  1.8571  5.02157  3.39356  2.1393  -1.77977  -0.345443  2.95055  4.01623  4.85581  -32.1669  -0.294903  11.2277  6.81877  6.91795  -3.65548  -16.6494  -24.4323  -1.72574  1.15551  2.71881  7.56256  0.543757  -1.60571  1.05657  -0.876262  -33.0324  1.70667  3.38744  9.3479  5.33266  6.88708  146.03  5.72338  -18.6683  28.0593  0.629682  
1.58153  4.51953  -0.145095  7.08035  -6.53472  0.205401  1.47929  9.55542  0.581261  -5.79907  5.86292  -1.11154  3.87346  2.81533  -5.82523  562.513  0.32968  20.3238  6.73674  5.01676  0.431621  -17.4647  -22.0177  -2.95299  -1.50151  2.155  2.23823  -2.81434  1.63682  1.09226  -0.111084  29.3727  2.75771  5.95676  5.19501  2.61348  5.35922  -77.0191  6.64452  -16.7784  3.32946  6.88218  
0.657558  -0.183388  -2.42922  12.8455  -1.86991  -0.532524  0.169944  16.2015  -1.96408  -11.5064  9.17105  -0.874542  1.99529  2.72513  -20.0856  876.334  1.61652  15.5002  1.93263  3.03892  3.36598  -12.1885  -12.7487  -3.63912  -4.78743  2.29336  -4.89848  -4.11566  4.83475  1.15554  -0.117049  26.4384  0.254634  5.20531  1.71067  -0.637385  4.19068  -202.068  -0.0758406  1.80285  -23.802  9.64855  
-0.257337  -2.41861  -3.92952  20.5424  8.61133  0.50795  -1.01043  15.7247  -2.13849  -15.0586  0.849702  -0.389555  -0.0997364  1.9047  -19.9072  751.852  2.16133  1.88915  -4.11178  2.03058  6.01103  3.25541  -8.69339  -2.21777  -6.34705  2.59651  -2.01788  -2.69822  5.98768  1.32405  -0.0440263  -5.18874  -7.72291  0.601609  2.62204  -4.39375  6.04217  -51.7622  -6.08024  15.5078  -31.0303  4.93405  
-0.542038  0.474731  -2.05984  23.2018  12.7018  3.44288  -1.33196  5.33722  -0.484619  -22.4752  -10.572  -0.460666  -0.544563  -1.50107  1.84325  424.477  1.56051  -6.48064  -6.47986  2.293  8.80758  17.4138  -1.87578  0.437456  -5.19206  2.77357  8.81057  -0.863407  4.56441  1.26336  1.30428  -2.18021  -14.4223  -4.55102  4.28444  -6.97344  9.32682  182.638  -3.57189  13.1873  -11.2092  -2.65419  
-0.253648  4.06238  0.818916  14.4475  1.18257  5.00299  -1.01264  -5.85066  1.13009  -29.1781  -13.1887  -0.709282  -0.927615  -5.01207  29.8407  217.871  1.26333  -2.11656  -4.33689  2.66511  10.8128  16.1804  22.679  1.60933  -3.0983  2.64538  11.9266  -0.42507  1.72958  0.75291  3.5309  25.8063  -11.2156  -7.13919  2.36586  -7.56902  8.92043  147.954  -2.33318  -0.842662  18.9088  -5.05364  
-0.0220968  2.43012  -0.331649  0.533901  -19.8041  1.30713  -0.701817  -8.23584  1.01247  -23.2527  -7.62082  -0.597585  -2.94275  -5.06017  39.3167  126.659  2.74477  9.06235  -1.60394  1.66695  10.8077  6.87097  52.7559  0.516642  -2.14255  2.05027  1.52727  -0.595099  -1.10513  -0.0816388  5.00424  21.8756  0.667357  -6.86098  -2.18524  -7.11343  6.4922  -157.427  -15.8367  -14.331  32.5083  0.271464  
-0.284192  -3.36012  -4.84571  -5.43778  -30.8045  -6.38192  -0.78046  -5.72788  -0.588779  -6.18914  -3.89949  -0.367442  -2.86441  -2.80962  24.3356  -94.61  4.92954  14.0614  -2.39509  -0.572626  8.7276  10.582  46.7072  -0.68648  -1.20028  1.15426  -8.93258  0.355067  -2.76577  -0.60178  4.23507  -21.1445  10.0387  -4.94299  -5.51898  -6.41393  7.93322  -335.447  -31.8974  -17.9299  16.3502  7.09241  
-0.799165  -6.51463  -5.24963  -1.15842  -18.7007  -11.2877  -1.14803  -6.39088  -2.09298  5.99829  -6.35369  -0.542877  0.492435  -2.25362  1.90493  -481.59  4.71912  8.38523  -5.44099  -1.78353  5.82672  28.2123  -12.8533  0.153899  2.09538  0.470593  -4.9508  2.37109  -2.6481  -0.386829  1.43782  -49.6723  9.19179  -2.47295  -5.62787  -2.98274  15.7404  -100.973  -21.9731  -12.7067  -12.7952  7.6064  
-0.996762  -3.1388  2.93009  0.49805  5.99911  -8.4059  -1.44454  -7.93785  -1.85158  4.77648  -9.29978  -0.863437  3.22896  -3.91454  -8.35411  -680.624  0.732117  -0.183654  -5.94133  0.0892102  2.62507  32.2644  -80.0561  1.97728  6.36989  0.347085  8.01457  3.59909  -0.973767  0.641098  -1.73375  -32.6704  2.71261  -0.587107  -3.57045  4.98283  22.4438  311.349  15.4509  -9.2464  -23.9115  1.53332  
-0.651596  2.33259  12.8618  -7.7147  20.4329  -0.909069  -1.26826  -2.20461  -0.0326958  -0.250442  -6.24592  -0.88813  1.91317  -4.26823  -6.02239  -442.232  -4.37066  -2.16614  -1.7611  4.61868  -0.936153  7.19779  -93.0364  1.90498  6.20526  0.516894  13.0945  2.83499  1.03228  1.68291  -3.80793  -0.746846  -0.260935  -0.348681  -0.625705  15.3263  19.5492  434.152  44.3959  -14.1278  -5.0273  -4.8014  
-0.0538982  3.27435  13.5635  -13.9439  18.1833  3.92919  -0.516512  7.93736  1.55831  3.75374  1.67697  -0.586211  1.4077  -0.642722  -3.01626  -37.4609  -6.64446  1.91704  3.77566  8.75384  -4.4861  -24.359  -45.8185  -0.561808  -1.06184  0.438541  6.83206  1.24856  2.03292  1.95437  -4.36863  4.50808  1.99  -1.53007  2.32648  21.7525  12.7004  171.926  38.2  -18.1191  18.3688  -6.20442  
0.341727  -0.664572  4.42398  -5.58333  14.5576  3.48067  0.365779  9.88649  1.184  16.0196  9.27438  -0.351434  7.01748  5.47617  -5.23098  36.1864  -5.1822  1.71295  5.71554  9.94265  -6.63479  -28.1268  3.83978  -2.84733  -9.78863  -0.0482994  3.17543  0.598562  1.77935  1.31915  -3.75746  -8.36655  3.70399  -2.32562  3.74286  18.8081  11.8699  -100.978  14.1527  -5.48986  13.6788  -3.84105  
0.355205  -3.6268  -4.07079  9.16133  17.9722  1.80952  0.693286  -0.211272  -1.08758  30.6359  11.3811  -0.273541  14.0974  9.13971  -6.21395  -238.989  -2.36355  -8.25341  3.12157  8.14337  -6.87342  -3.44904  10.513  -2.74156  -11.5199  -0.560864  9.1641  1.52693  1.18352  0.37867  -3.05985  -4.60366  1.73633  -1.45209  2.36099  9.4797  19.3071  -41.5048  3.47676  21.6702  -20.2138  -2.46824  
0.155457  -1.58376  -4.23753  9.03186  15.5724  2.83837  0.286179  -8.51449  -3.50849  45.3817  6.68195  -0.157004  11.191  7.36138  -1.2551  -376.495  -0.271706  -19.7267  -0.488551  4.8203  -5.42323  19.4734  -10.5756  -1.29991  -4.18962  -0.682265  14.851  2.61177  1.00335  -0.230286  -2.8331  21.8471  -0.658354  0.376877  -0.686852  1.90909  22.6902  263.637  4.52683  42.2232  -47.4816  -3.69339  
0.0185329  2.36965  -0.172929  -7.65629  -5.47755  5.1395  -0.259648  -4.09633  -3.95491  55.1506  -1.28838  -0.13367  -1.55714  2.41123  3.76103  -61.6939  1.11008  -19.7486  -1.2709  1.39454  -2.14328  21.8979  -18.0774  -1.10451  5.49102  -0.404832  7.35604  2.4061  0.961138  -0.524884  -2.42787  35.7489  -0.513736  1.40361  -2.33496  3.02413  11.1723  483.279  -7.89243  42.1982  -32.311  -5.59098  
0.101974  2.71415  0.421995  -18.5199  -32.4332  4.96751  -0.179438  4.46189  -1.89085  48.1786  -5.75952  -0.497306  -10.316  1.39263  -0.707592  386.282  2.37066  -8.95612  0.998023  -1.11784  2.53001  14.5852  -3.05839  -2.60244  10.1952  -0.111068  -6.29074  1.40787  0.166224  -0.998072  -1.05134  16.0485  -0.510149  1.22908  -0.771948  9.70278  -9.10425  460.14  -33.6279  30.5242  18.2901  -5.35809  
0.337687  -1.18677  -2.43416  -7.9286  -36.2364  1.88045  0.522832  2.11773  1.6658  26.2267  -1.60279  -1.15123  -7.1305  8.47934  -12.9716  471.484  3.15455  -2.36753  4.70069  -1.60538  6.70663  11.8666  9.91596  -3.93946  8.79138  -0.12841  -9.88474  1.76431  -1.05954  -1.50765  0.620628  -16.1131  -3.94967  0.938272  2.39635  13.6125  -17.2799  281.459  -40.5179  21.9006  55.1501  -2.37004  
0.576176  -4.59184  -2.77534  10.8465  -14.6083  -0.690586  1.12259  -8.25464  4.85167  13.4628  7.74057  -1.44266  -2.64995  18.3412  -18.8366  168.809  3.31106  -8.60997  6.8791  0.455814  7.14236  10.6336  2.33849  -3.94967  5.61009  -0.346799  -1.13662  4.35849  -1.3729  -1.08862  0.818987  -26.5457  -8.35405  1.46158  4.91242  10.0433  -2.53361  38.3314  -11.3904  17.0302  40.8858  1.9502  
0.692906  -3.29328  1.00205  13.9765  1.7974  -0.397978  1.06522  -10.3433  6.14558  27.4838  13.0276  -0.996276  -9.90215  19.4466  -8.47834  -101.509  3.67622  -15.3765  4.93183  3.88929  2.82247  -1.26012  -14.8458  -3.40955  3.90464  -0.329371  5.3049  5.90247  -0.188657  0.580118  -1.08025  -10.5943  -8.66816  2.474  5.82994  2.81803  20.1543  -291.744  25.5589  10.5285  -9.60295  5.07961  
0.607596  0.522863  3.76278  0.399779  -8.7628  1.21351  0.542558  -0.494992  5.16696  43.5371  8.33697  -0.174031  -22.2403  7.78608  9.46714  -98.4475  4.32395  -5.04154  -2.25889  6.33097  -2.85677  -17.738  -23.2404  -3.36741  3.05  0.128543  0.568478  1.85536  0.820095  2.53273  -2.59383  7.51464  -4.72016  2.86287  4.86448  -1.61023  25.6903  -672.647  33.132  3.89979  -45.698  5.17291  
0.303854  1.34267  2.32116  -10.4473  -26.1778  1.05467  0.1292  5.78679  2.84428  19.0489  -3.20998  0.259082  -21.4146  -6.78206  15.5714  -22.3817  3.3928  18.0795  -11.8362  6.3223  -4.98966  -22.7311  -20.0579  -3.2906  1.14732  0.687409  -5.65865  -7.45851  0.393407  3.00727  -0.795244  5.07853  -1.22846  2.32347  2.00337  -3.1495  8.54939  -913.133  11.2806  -1.32752  -37.7552  1.98404  
-0.0814772  -2.77755  -0.0470026  -6.46174  -17.6502  -1.2201  0.0703054  -2.35577  0.462809  -43.9602  -12.5706  -0.0511043  -3.9796  -12.4461  2.35134  -146.843  -0.565798  29.1773  -18.0021  5.24786  -2.11783  -10.7634  -14.528  -2.44088  -1.76038  0.835394  -0.410667  -14.4194  -1.01945  1.51921  4.25778  -17.539  -0.459688  1.63312  -1.09761  -6.05716  -8.59973  -863.959  -8.62062  -11.1398  -4.64661  -2.90071  
-0.246295  -7.04959  -0.0181029  4.1478  11.6398  -2.49377  0.159883  -13.086  -1.31797  -88.4646  -14.7182  -0.605072  11.2833  -10.6703  -17.491  -397.774  -5.44688  14.9574  -16.8228  5.26691  2.93625  3.97503  -15.1972  -1.45107  -3.3204  0.54932  12.1635  -11.6244  -1.14437  -0.490889  8.75744  -43.1606  0.710001  1.81162  -1.20442  -12.4032  -2.44621  -592.082  -7.67597  -26.3669  13.5803  -6.88374  
-0.0508399  -5.69524  -0.126127  9.09334  25.4494  -0.500093  0.115944  -9.40865  -2.59568  -73.1999  -10.297  -0.661368  9.61506  -13.0122  -24.7784  -505.058  -6.99397  -8.19968  -9.4834  6.99092  5.86135  5.09526  -20.4724  -1.63033  -2.22968  0.338076  15.0735  -0.874347  0.638521  -1.13923  9.04812  -51.4484  4.64445  2.70634  2.21117  -16.5673  20.9002  -272.86  2.61568  -33.923  5.44725  -8.56404  
0.247781  1.59327  -4.06001  8.58155  4.98793  2.70481  -0.0840769  3.70519  -3.5499  -25.722  -2.52331  -0.0122372  -0.840309  -23.3702  -16.5557  -347.909  -3.63609  -13.6478  -1.03046  8.00461  4.96898  -4.21323  -22.81  -2.67494  -0.168001  0.52792  1.75925  7.98556  2.48333  -0.0816351  4.89231  -38.0559  8.29911  2.89484  4.63661  -13.3883  31.2313  8.13871  3.72387  -24.9304  -11.6682  -7.94999  
0.248532  8.56782  -8.97322  7.29115  -20.3803  3.04656  -0.270782  6.36145  -3.47767  -2.47603  5.13806  0.770417  -2.32935  -30.5827  -6.33072  -59.6221  1.26075  2.08023  4.48637  5.91698  1.97795  -6.396  -16.5477  -2.9356  0.230319  0.839254  -17.3418  7.59643  2.09859  1.19912  -0.650326  -18.5824  7.29953  1.24657  1.96751  -5.10646  11.2447  253.866  -3.77141  -11.1224  -19.6093  -6.28204  
-0.0733872  9.02417  -7.32437  3.41496  -13.7965  0.277086  -0.286896  -5.95127  -2.24935  -14.4515  9.89817  0.826601  6.5246  -22.8492  -4.03363  216.906  3.05505  17.5428  6.39992  0.933911  0.138726  7.14438  -2.2955  -1.88283  -0.958563  0.730113  -26.7198  1.0069  -0.337219  1.00404  -4.7378  -11.1836  2.4065  -1.80513  -2.77508  -0.307137  -18.1217  399.772  -5.12223  -7.62047  -18.1089  -5.7704  
-0.283316  2.61745  1.75765  -5.36156  17.4826  -1.00054  -0.0938287  -14.3281  -0.727368  -27.4239  10.0775  0.0617538  10.7464  -4.0435  -3.46889  377.695  0.881107  13.9577  5.4308  -3.44676  1.03183  23.2395  10.1981  -0.959487  -0.222891  0.140542  -21.5604  -3.31294  -2.19549  -0.540839  -6.04841  -14.9775  -1.45402  -4.41946  -2.77799  -1.2901  -21.2728  325.55  6.48649  -8.0602  -12.5853  -7.04705  
-0.0283111  -5.4744  8.96545  -12.5848  31.0654  2.34929  0.234631  -4.23508  0.283973  -22.0672  6.02986  -0.826248  2.37824  11.0523  5.26345  319.692  -1.76175  -4.22176  3.5831  -4.57837  2.79035  22.9999  11.3441  -1.35615  4.94389  -0.409098  -10.846  -1.68451  -1.57103  -1.38852  -5.3453  -12.7718  -1.53385  -5.05046  2.47512  -2.32505  5.70294  59.951  21.6636  5.78181  -3.60933  -8.34215  
0.544726  -8.76928  5.74872  -8.35962  5.33344  6.77396  0.588152  13.0198  1.23991  -14.3869  1.54067  -1.05442  -10.3971  14.2182  18.7279  20.1711  -0.976236  -17.9632  2.59824  -3.55681  2.09815  3.05058  0.667166  -1.92552  11.4264  -0.459444  -0.570819  1.59592  0.704627  0.0817661  -3.59219  8.46737  0.164798  -2.96558  5.74917  3.10254  28.3862  -183.147  25.0914  31.7489  4.923  -6.20535  
0.949634  -4.14094  -3.66646  6.50453  -30.6369  5.76932  0.868373  15.9371  2.91809  -14.0847  -1.21495  -0.786725  -14.958  10.6446  23.0224  -302.532  2.95995  -15.7163  3.19388  -3.41876  -1.16853  -18.718  -11.7919  -1.0399  12.9502  -0.164519  8.56424  1.25912  2.09807  2.82345  -1.68317  38.3734  0.389895  1.08979  2.91834  11.4636  17.4219  -207.226  12.966  44.705  3.53312  -0.558622  
0.865119  5.16611  -7.29398  18.3075  -33.9026  -1.36059  0.979672  2.67233  4.36344  -5.48414  -1.79336  -0.734555  -12.2449  8.11029  11.7972  -285.434  5.44412  -1.15941  4.0229  -4.87265  -2.99462  -21.4336  -16.7674  0.632931  7.27894  -0.016405  15.8942  -2.09411  1.35834  3.86884  0.0177807  54.463  -1.49008  4.81657  -0.855342  13.4002  -10.8222  -42.6505  -2.90485  29.6656  -5.84013  4.21358  
0.341763  11.0359  -1.12684  17.8766  -2.90958  -7.9802  0.811614  -7.39212  3.3394  14.8547  -2.39526  -1.07658  -11.5647  7.27811  -4.31155  100.865  2.39462  13.8314  3.51879  -5.17168  0.0606126  -4.04852  -13.7333  0.542473  -1.08009  -0.220343  18.5105  -3.6859  -0.210708  1.53318  1.12828  41.3518  -3.89951  5.47217  1.43065  5.98078  -16.6512  99.0278  -8.06857  1.82508  -10.598  3.87263  
-0.320108  7.8951  5.31389  10.3245  24.0391  -8.06566  0.307771  0.192907  -0.362868  16.3063  -3.43067  -1.2618  -15.3919  4.452  -10.5519  397.818  -4.64933  19.4234  1.68864  -2.25882  5.66873  12.4033  -9.038  -1.89758  -6.62799  -0.425002  15.093  -1.42825  -0.683111  -2.33501  1.28487  9.58128  -4.78897  2.36744  7.34044  -3.41539  3.35125  59.2212  -0.471366  -13.8165  2.33762  -0.500967  
-0.762538  -0.530958  3.20918  6.96576  19.4062  -2.91133  -0.402276  14.7134  -3.92611  -19.047  -2.95897  -0.884913  -15.8937  -0.490537  -3.98003  186.752  -9.19455  14.5052  0.436773  1.46144  7.35317  5.54245  -10.0742  -4.22135  -8.22729  -0.258375  7.38925  2.2859  0.270112  -3.61818  0.717491  -13.459  -2.78535  -1.6955  8.12578  -8.13681  12.2936  -117.749  9.07216  -11.9354  27.0519  -2.86241  
-0.787672  -4.00849  -1.88056  9.54479  -2.90315  1.43341  -1.02162  16.4717  -4.51285  -53.3429  0.719345  -0.426031  -6.58865  -3.96569  5.00289  -358.821  -6.71809  6.03476  0.29187  2.35345  2.87644  -26.0861  -16.6164  -3.86192  -8.51182  0.14264  -1.225  4.00417  1.3755  -0.398347  0.317552  -10.819  1.83876  -3.36566  2.10428  -9.67418  -11.5984  -269.288  9.44797  -6.05687  43.1405  0.523166  
-0.495843  1.49909  2.44436  8.38891  -11.541  1.50477  -1.29313  0.52928  -2.38171  -34.5518  5.81376  -0.536044  8.43102  -4.50335  7.49992  -646.241  -0.0239206  3.73579  0.397107  0.360877  -2.8838  -59.4854  -23.3767  -1.41952  -7.7724  0.36627  -8.28489  2.89048  1.05255  4.91307  0.46795  3.3063  6.5581  -2.40441  -2.96455  -12.1886  -36.1122  -264.723  0.822517  -6.46404  41.7372  6.79618  
-0.229787  8.11131  15.8568  -2.51063  -2.18952  -0.852157  -1.18842  -17.4785  0.162158  27.7807  6.65148  -1.09348  17.6896  -3.42842  4.73415  -438.156  4.10005  9.09027  0.0588924  -0.736899  -3.57653  -67.4888  -23.4365  0.56748  -3.48067  0.193642  -12.3324  0.381909  -0.659551  7.56675  0.557478  3.92144  8.05347  -1.32826  -1.40494  -14.6586  -22.4804  -102.444  -7.77683  -10.9501  30.2077  9.79478  
-0.252779  6.94459  22.6166  -15.9065  3.17739  -2.05364  -0.953049  -20.1517  1.65507  67.4124  -1.90158  -1.24093  15.5632  -1.62523  4.06899  -101.436  3.12589  13.6862  -0.678285  1.50616  0.0951363  -42.1302  -18.0146  1.19916  4.73537  -0.121137  -11.446  -2.20152  -2.14802  4.84083  -0.271308  -6.44605  5.60282  -1.36253  1.77044  -13.2551  12.9574  112.67  -8.71443  -13.0064  24.2671  6.88442  
-0.558964  0.196837  11.2171  -18.4595  -7.6844  -0.925902  -0.978591  -8.09592  2.00776  44.974  -15.5903  -0.684856  6.78156  1.57737  7.57042  -69.3819  1.35466  8.55038  -1.65039  4.80358  2.41565  -4.32703  -13.2664  1.79653  12.1831  -0.299529  -6.38803  -3.44458  -2.10011  -1.142  -2.04102  4.56399  1.86534  -0.879686  -1.39738  -8.66632  20.472  238.578  -2.5841  -10.466  26.5597  2.20911  
-0.953459  -2.88851  -9.05482  -7.27017  -20.9513  0.817905  -1.48498  5.62703  1.17052  -7.28782  -22.8494  0.0345268  0.627739  5.54458  10.3571  -258.63  3.35474  -3.92005  -3.18993  5.34988  0.692815  18.5803  -14.2266  3.03858  13.8167  -0.276502  -1.31472  -2.22191  -0.444532  -5.49275  -3.51802  47.5751  -0.360184  1.81278  -8.63324  -5.83587  -5.73568  181.032  3.50117  -5.72257  20.2909  1.67796  
-1.22821  -1.48783  -19.3213  5.87177  -17.8928  0.97729  -2.15444  8.55495  -0.789138  -33.4109  -15.2337  0.309456  0.307283  7.11519  6.78865  -272.632  7.17778  -13.7663  -4.4018  1.86003  -1.41326  18.0186  -18.3279  3.45281  9.84568  -0.149357  0.605661  0.914861  1.71382  -4.9424  -3.19661  75.7664  -0.732703  5.28652  -10.449  -5.23599  -20.5421  -36.2025  3.27259  -2.17489  -8.65554  5.19828  
-1.12316  -3.96308  -13.8328  8.85123  -4.91801  -0.580109  -2.08722  2.14169  -2.62237  -20.1473  2.13672  0.0846966  1.50115  4.74407  -2.9625  38.0309  6.68528  -17.8256  -3.42037  -3.64851  -0.0648875  9.48431  -19.5434  1.74729  5.24968  -0.0414037  0.0673917  2.84884  3.38525  -1.02062  -0.556534  37.4072  -0.211617  6.17207  -3.13503  -3.39454  2.50509  -257.197  -2.07256  -1.54101  -44.1708  7.06605  
-0.464343  -12.8597  -4.42545  3.56926  -2.5925  -1.67127  -0.705189  -3.5806  -2.37065  2.39878  13.6331  -0.291388  -1.14202  0.817634  -13.6122  391.993  0.122252  -22.6466  -0.307008  -8.01968  3.03271  13.1721  -14.7629  -0.329631  3.70387  -0.0526279  0.761113  0.776495  3.89928  1.84215  3.29101  -44.5466  0.922892  2.97348  5.98303  1.25069  30.8075  -304.24  -5.60951  -2.87714  -51.3422  1.98547  
0.487483  -18.0187  -2.55662  0.228882  -15.8402  -0.204429  1.28309  -2.31826  -0.307578  8.91141  10.2453  -0.558073  -6.07141  -0.931424  -20.0313  472.201  -6.8979  -31.6158  2.21974  -8.65538  3.25493  28.6277  -7.15707  -0.0948178  4.25041  -0.281642  3.21696  -3.14063  3.21418  1.3022  6.09712  -89.2807  2.32331  -2.05822  8.15566  4.09697  21.5447  -140.712  -2.6597  -3.64749  -18.1964  -7.58208  
1.02079  -11.0719  -5.9387  1.43307  -24.3428  3.05287  2.24592  2.36588  1.10502  1.40772  0.13248  -0.560949  -7.09211  -0.25509  -18.4841  300.707  -8.17645  -35.8021  1.89539  -4.65424  0.143255  39.2321  -4.41113  2.27514  3.71471  -0.615456  6.01499  -3.4506  1.31672  -0.526886  6.00294  -59.6299  2.33951  -5.13734  3.27294  2.34684  -11.253  57.4476  3.07951  -2.60496  20.3811  -14.6745  
0.688036  0.511577  -5.8012  0.799747  -4.8388  4.81079  1.42668  4.21163  0.583047  -6.85457  -2.73332  -0.478071  -3.2145  0.336823  -7.97321  128.458  -4.36435  -26.0113  0.0923759  2.10254  -2.42125  35.6735  -8.48376  2.96768  0.164857  -0.69038  7.20432  1.56805  -1.46134  -0.200506  3.41051  -13.1438  -0.425067  -4.47144  -2.44832  -1.25775  -22.4517  61.174  4.51053  -0.864801  23.6298  -15.24  
0.00412554  3.75107  -0.797677  -4.03355  35.0126  3.02547  0.0404825  1.41846  -0.205747  -11.1618  5.05853  -0.78575  1.06745  -0.292255  7.75906  115.06  -0.978996  -6.64366  0.0067324  7.12151  -1.91175  25.0725  -14.7495  -0.455291  -5.22181  -0.241673  7.12715  6.74038  -3.85703  2.40921  0.976314  -18.8693  -4.43237  -1.62254  -4.72743  -1.12557  -1.83084  -151.413  -0.193063  0.552117  -3.93115  -11.7546  
-0.0549406  -1.37115  2.71345  -6.43616  62.7548  -0.109983  -0.068209  -0.924674  0.527515  -10.8868  11.3489  -1.46712  1.39557  -0.516466  21.0319  209.029  -0.754863  8.07208  1.88244  6.77457  -0.402236  18.9129  -15.6322  -5.36364  -9.20377  0.350722  5.1142  6.00237  -3.73644  4.04808  0.903663  -60.8441  -6.11034  0.428121  -4.1607  0.69067  16.2394  -344.354  -5.46662  1.91694  -19.1131  -8.48003  
0.67597  -1.86853  1.16616  -1.68571  52.6932  -0.416223  1.19591  -0.547571  1.9835  -4.64172  5.10113  -1.8237  -0.654762  0.924557  25.3077  270.119  -1.01178  13.0451  1.97813  1.85096  -0.200474  13.4016  -10.8126  -7.12121  -9.55495  0.437027  0.834381  -0.0749786  -0.803403  2.35829  2.54525  -57.8011  -3.89129  0.168822  -2.9614  -1.88225  7.44446  -287.534  -6.4491  3.40765  -3.57483  -4.80748  
1.11664  7.68605  -1.46949  3.32122  16.9685  2.52046  1.91306  -0.49175  1.67863  4.47931  -7.79233  -1.24455  -1.39154  2.3149  20.5194  216.112  0.913764  16.6743  -1.32715  -3.13654  -0.501247  -1.42185  -6.25714  -5.24629  -7.2315  -0.170126  -3.79951  -5.31568  2.69887  -1.0298  3.18894  17.8842  -0.525574  -1.6638  -1.81994  -9.5037  -7.68402  -9.89819  -4.53002  2.90155  11.1857  0.00275616  
0.330822  16.7478  -0.807306  0.790606  -8.34452  4.07385  0.737272  -3.67685  -0.49142  8.87316  -11.5138  -0.819653  -0.614774  1.28105  10.6127  32.1068  3.59675  25.2295  -5.2151  -4.69775  0.570801  -21.3039  -5.13759  -3.80294  -4.68719  -0.862943  -4.15636  -6.00651  3.81304  -3.05038  1.35643  86.7486  0.0100161  -3.37879  -1.28833  -15.8462  -3.8108  220.833  -2.70984  -1.48306  -3.94448  3.96382  
-1.06897  13.9422  1.9592  -6.48689  -2.81748  0.234347  -1.16156  -7.40828  -1.56008  5.96244  -1.57794  -2.24132  0.727416  -0.815166  0.29952  -224.445  4.60384  31.2164  -5.73208  -2.91242  1.80718  -28.0636  -2.41612  -5.36566  -3.3666  -0.983294  2.43483  -4.43159  2.06259  -2.3892  -1.44777  62.1561  -2.79127  -3.74191  -1.70788  -15.9772  10.4433  199.83  -0.976043  -7.06699  -34.2472  4.16214  
-1.43136  3.22385  2.56872  -8.61343  16.8793  -6.53162  -1.40257  -6.30303  0.109494  3.83395  9.5091  -4.75994  4.15707  0.420846  -5.35876  -439.546  4.28281  23.3721  -3.14238  0.0117275  1.05911  -15.4011  4.58242  -6.85727  -2.19185  -0.568967  12.9478  -4.46193  0.210369  -0.420188  -2.91892  -27.8514  -5.34635  -2.12662  -2.18735  -13.3855  10.5282  -9.55169  2.48609  -7.84866  -43.4164  1.4352  
-0.111801  -2.89586  0.226164  -3.16993  20.8317  -9.34127  0.557992  -2.99769  2.07204  10.6497  8.99124  -5.05118  10.9802  6.21742  -1.19965  -508.43  3.85885  3.03247  -0.559638  1.95443  -0.443292  -3.00361  10.4006  -3.87475  0.149395  -0.232616  18.6651  -5.85519  0.647484  1.26943  -2.91879  -66.4758  -4.20069  1.20213  -1.07876  -14.3109  -7.16301  -187.854  6.41572  -1.93454  -22.9091  -0.26107  
1.59658  -0.98139  -1.70657  4.46044  4.0832  -5.26528  2.70881  -4.07681  1.45378  20.1883  -0.00232514  -1.43475  17.938  11.5094  9.9252  -379.399  1.71023  -15.7427  0.142393  1.80895  0.19158  -9.68088  8.04988  3.04382  2.20672  -0.35571  13.347  -5.26519  2.57448  1.78413  -2.85361  0.0827478  0.0604467  4.19689  0.688363  -20.1196  -18.6339  -209.533  6.57625  4.4155  7.26771  -0.418516  
1.88164  -0.303754  -0.638218  8.52009  -11.3556  0.753362  2.84949  -9.40867  -1.05315  18.5911  -3.53203  2.51978  18.1455  9.80202  14.0573  -105.762  -4.29804  -21.2209  0.0562547  0.137837  2.97128  -22.8768  -0.0298914  8.54683  1.76641  -0.745176  2.54822  -1.59603  3.40117  1.07502  -3.33775  90.762  3.75897  4.21863  0.910604  -21.9664  -8.69318  -132.897  2.16087  3.66174  32.7032  -1.59666  
0.490564  -7.78694  2.1622  9.42346  -11.8762  1.92761  0.987237  -12.1655  -2.10142  4.16432  0.862609  2.03462  9.49253  1.2523  0.517412  209.921  -11.2843  -13.5192  0.0817366  -0.975166  4.215  -14.5991  -6.78564  9.10287  -1.27954  -0.975251  -2.51801  2.55789  1.89526  -0.237194  -3.11119  92.6596  4.32416  1.38235  -0.404968  -10.2142  7.39333  -60.2274  -2.38345  -3.26272  53.3838  -3.28297  
-1.09164  -17.5697  3.81725  8.96128  -10.2828  -2.07116  -1.05746  -6.83095  -0.543501  -8.85543  3.51761  -2.09515  -1.811  -6.76958  -19.9428  445.265  -12.5999  -0.774507  0.443039  0.433497  1.64988  17.4087  -12.9185  6.55565  -3.99935  -0.851622  3.14252  4.41707  -0.431411  -0.712858  -0.856992  9.89522  2.83132  -0.490547  -0.0445533  13.0363  4.66816  -5.07879  -4.08265  -8.20213  65.4409  -0.482332  
-1.41885  -19.119  2.7585  7.51277  -24.5433  -5.00882  -1.81926  1.3322  1.14118  -7.64955  -1.73032  -3.74737  -7.96291  -7.98137  -22.5678  516.755  -6.0326  9.69275  1.3582  3.44945  -2.13742  39.6781  -23.702  4.70407  -4.23479  -0.405948  10.3531  4.16101  -1.63261  0.478163  2.49042  -49.6322  1.93562  1.29688  3.93976  33.3339  -16.4611  58.3119  -4.99011  -7.12565  57.9471  8.0399  
-0.576508  -10.6506  -0.198694  5.11532  -46.5022  -2.67735  -1.33591  6.42073  0.806113  1.95667  -7.56793  0.360302  -7.44027  -3.695  0.796373  368.505  2.49864  13.156  3.48313  5.13717  -3.37511  28.8368  -33.9973  4.59624  -2.64739  0.0965933  9.12726  4.15706  -1.7266  2.02023  4.72069  -25.9739  2.24356  4.0522  8.30469  36.6857  -28.3031  80.7013  -8.47226  -4.60976  35.9291  15.3319  
0.250291  0.57956  -3.46162  3.23239  -49.8663  1.97972  -0.465402  11.2746  -0.498407  4.04866  -5.32196  6.09496  -3.53157  -0.2855  27.7821  46.6897  5.73505  7.28264  5.96212  4.39592  -1.81754  3.06358  -32.2109  4.40434  -0.828108  0.164457  0.762404  5.46417  -1.59244  1.6524  4.4558  12.3671  2.01913  2.94478  7.55493  23.7014  -9.63822  -34.2191  -12.4745  -6.61866  16.6456  13.2254  
0.28752  8.35727  -5.56624  1.92272  -23.7084  3.28234  0.135166  20.5801  -0.25179  -5.71536  1.62771  7.41107  -1.39691  -1.26837  30.4403  -273.956  3.27277  -5.31594  5.43679  3.67131  -0.226549  -4.52285  -22.4366  3.04275  0.342427  -0.50368  -3.86229  6.63173  -1.35549  -0.573944  2.87346  -21.3444  0.370036  -1.35817  1.68071  8.01074  20.9807  -268.919  -12.3218  -11.1105  5.54211  2.69457  
-0.141868  12.7377  -5.34978  0.309129  15.9651  0.14993  0.302119  29.0986  1.32346  -14.7048  2.65041  4.47671  -3.043  -3.88485  9.50018  -391.335  0.7789  -16.1112  0.943091  5.31755  -0.0816231  10.1082  -24.3383  1.62997  0.932021  -1.42584  -1.08907  5.78615  -0.825019  -2.26252  1.40361  -99.6251  -1.33485  -2.92436  -3.64521  1.83982  28.0159  -428.505  -9.95915  -11.3104  -17.2145  -6.93499  
-0.31456  14.6787  -2.38042  -0.613944  43.7965  -3.33155  0.157474  25.8057  1.54002  -10.9398  -2.89691  2.78179  -6.66975  -4.25342  -8.78402  -261.742  2.17562  -16.8769  -4.28998  7.61395  -0.536122  22.6648  -43.9609  1.30205  1.33053  -1.60534  2.37567  3.0495  0.415593  -1.78576  0.25252  -115.093  -1.60414  1.10092  -2.9953  1.79625  3.06774  -309.719  -12.5371  -5.43529  -54.7514  -9.62882  
-0.0741385  11.3462  1.26295  0.733813  48.0683  -4.0043  0.0246868  7.87096  -0.829876  1.8295  -5.95078  4.9358  -7.89047  -1.91295  -6.45896  -55.2718  5.36761  -8.71194  -5.4319  6.47652  -0.00404062  20.1537  -54.2553  1.84042  2.25993  -0.954674  0.373338  0.393251  1.72672  -0.116728  -1.54829  -33.4204  -1.36585  5.85635  2.9129  -1.60729  -19.7675  54.0039  -18.5917  0.770234  -73.8337  -7.08828  
0.152401  1.48516  1.8814  3.77809  30.2809  -2.77951  0.268722  -12.9941  -4.02736  9.74397  -3.29309  7.40782  -2.83829  0.600709  6.73494  18.832  5.51908  -0.918322  -1.90708  0.502507  1.00206  14.1621  -23.743  2.19726  3.47062  -0.704098  -3.4089  -0.686997  2.40436  0.793114  -3.40315  53.5733  -2.46099  5.37851  8.15571  -11.5394  -12.4835  396.658  -13.8394  2.46351  -42.7615  -4.76865  
0.111545  -8.71729  -1.50473  5.97643  -1.44394  -1.90035  0.935468  -23.7362  -5.34183  7.42645  -0.911517  5.84501  6.41959  1.34221  9.53258  -24.6944  1.03614  1.02366  1.33146  -7.12069  1.02093  13.8363  36.9795  2.0142  3.29557  -1.73304  -2.38249  -0.561979  2.24298  0.492955  -3.26355  55.1809  -4.47511  1.35365  7.89449  -19.6185  6.07934  459.222  10.8446  2.03284  15.5014  -3.44482  
0.0744268  -10.8583  -5.46052  6.08636  -31.677  -1.29896  1.51266  -21.9792  -4.21258  0.839857  -3.33743  1.36358  13.4321  0.412983  -2.48568  -2.21448  -4.67118  2.45371  0.721848  -12.4375  -0.501288  7.95705  77.5037  2.11982  0.287685  -2.79312  1.38093  -0.65347  1.22581  -0.352996  0.303316  1.73242  -4.74704  0.372908  2.0361  -18.0011  1.56292  231.159  40.8988  4.13102  41.1164  -0.413481  
0.381325  -4.29795  -5.15662  4.98257  -43.6776  0.369853  1.39114  -13.6229  -1.79886  -2.32946  -4.20189  -1.33879  13.4838  -0.866427  -15.9761  183.71  -6.73555  9.8016  -2.25987  -13.7168  -2.09145  -13.0704  62.5773  3.27459  -4.01674  -1.62688  0.933742  -1.66833  -0.262909  -1.35248  5.43551  -7.95665  -2.16566  3.57572  -4.74851  -8.23215  -21.3646  -67.4486  49.4559  7.96534  11.3371  5.10476  
0.878048  3.08807  -0.972949  2.91189  -30.4966  2.77805  0.573819  -5.46115  1.00073  -1.60221  2.36574  -0.0286  8.81365  -0.903434  -17.5997  370.379  -3.74772  18.7858  -2.71152  -11.3918  -1.69983  -32.6161  12.7041  5.07585  -5.87354  1.81873  -6.28861  -3.00479  -1.37249  -1.87866  8.36803  51.3718  1.09492  4.54615  -7.07778  0.948168  -25.8299  -207.092  28.3172  8.59202  -28.4102  10.2567  
1.11362  5.78096  2.33872  0.3786  -6.3987  4.39277  -0.186073  -1.09991  3.76857  -1.04917  10.1497  3.10636  3.96956  0.491383  -7.89426  351.55  1.03799  19.3209  1.27084  -6.47459  0.262645  -29.4838  -20.5504  6.05856  -3.67944  4.5687  -11.6313  -3.49602  -0.857065  -0.816679  7.1672  95.4164  2.39417  -1.39743  -3.82524  2.8947  0.983886  -136.232  -1.8357  4.28511  -24.3359  11.1566  
0.898384  5.55128  1.09325  -0.309157  11.6058  4.87594  -0.259169  0.789615  5.86374  -2.81231  8.02481  4.76373  1.14766  1.94582  3.01627  136.361  3.23433  10.4569  5.12246  -0.679133  1.16404  -7.15605  -13.227  5.33327  0.537386  3.98678  -7.15897  -2.59533  1.33506  1.79273  3.23899  52.7422  1.84723  -9.73863  0.282665  -0.919689  23.0503  15.578  -15.6306  -0.656487  13.6883  6.89211  
0.400331  5.20185  -2.82561  1.79884  19.6852  5.2241  0.0264131  2.54147  5.67658  -5.30505  -3.89569  4.172  -1.59009  1.70524  8.14276  -74.2539  1.89509  3.25572  3.94783  3.96343  -1.00244  6.96477  11.7305  3.77157  3.2113  0.926462  5.82981  -0.758067  3.00069  3.55868  -0.0590745  -30.0733  1.67695  -11.9932  -0.520667  -5.73786  12.3348  73.868  -10.1345  -2.38937  32.8537  -0.0028579  
-0.206252  3.04361  -5.31481  3.62178  24.2156  5.35971  -0.172715  5.57331  2.74918  -6.79828  -13.0949  2.77534  -7.31025  0.376243  7.86737  -164.258  -0.349106  3.20488  -2.14732  6.91019  -4.09851  -1.60508  20.0973  3.21859  3.59312  -1.60882  16  0.527828  2.06759  2.14305  -0.75956  -49.9365  2.69071  -6.20959  -5.28114  -6.6885  -11.9163  -31.2896  -0.983921  -2.9487  8.49262  -5.54722  
-0.837055  -2.51829  -4.98046  -0.278263  28.653  3.38834  -0.960269  7.55307  -1.22769  -5.31822  -10.7673  1.925  -14.9467  0.495842  6.10445  -171.019  -0.896381  0.413664  -7.59264  9.15712  -4.44052  -15.7247  9.60738  4.1225  3.06092  -2.17358  13.6618  -0.11873  -1.05275  -1.08964  0.129748  10.5882  3.07099  1.23728  -6.65573  -2.53929  -11.5164  -203.801  0.228943  -6.17686  -20.7907  -7.61138  
-1.28996  -7.02096  -3.00578  -8.27091  29.1295  -1.39102  -1.44777  5.32945  -3.853  -1.99348  -2.18764  1.85838  -19.517  2.02135  5.54359  -141.306  0.0980501  -15.3568  -7.65707  10.0714  -1.10941  -13.0967  4.98376  4.6603  2.00876  -1.93898  3.23282  -2.2986  -3.10343  -2.3736  0.249737  65.0329  1.16953  4.1999  0.0492768  5.40693  8.08541  -266.754  -2.49659  -10.4521  -15.1277  -7.32025  
-1.3255  -5.4512  -1.05476  -11.3038  25.7248  -6.25468  -0.984188  -0.937492  -4.14428  -0.0354339  2.94977  2.15416  -16.5826  1.57983  4.77457  -20.1876  0.789648  -34.1101  -2.931  6.5529  1.93713  7.26082  22.1086  3.31199  -0.172668  -2.29555  -2.90494  -3.96467  -2.14617  -0.529158  -1.54918  44.3095  -1.98248  3.24851  8.90745  11.6763  15.1364  -133.914  -1.77469  -9.74099  15.7954  -6.8043  
-1.04096  -1.15148  0.705983  -3.15788  21.3294  -7.00901  -0.133042  -6.36316  -3.36839  -1.09428  3.00025  2.42106  -9.80697  -2.37162  2.84823  183.312  0.185291  -35.1742  1.82699  -1.65931  1.15737  21.9737  47.3019  1.10872  -3.03596  -3.09142  -1.37266  -3.57634  0.384593  1.54621  -3.76428  -10.877  -3.79653  2.49333  10.363  9.47665  -0.0161103  91.1278  1.23878  -2.5758  26.3405  -6.59226  
-0.849751  -1.31782  2.2344  8.43343  12.838  -2.68142  0.10097  -7.48621  -2.87754  -2.37379  2.8572  2.28953  -7.75081  -5.75781  1.12866  315.749  -0.833104  -15.999  3.88905  -8.96587  -2.12325  14.046  53.8431  0.195056  -4.22516  -3.60589  -0.221949  -2.08798  1.76359  1.15448  -4.41375  -25.3941  -3.10957  3.36747  2.85434  -0.749646  -11.3239  188.621  -0.324758  3.38652  -2.26887  -4.57272  
-0.92975  -5.65809  3.11309  9.84103  -5.82599  3.20624  -0.377655  -6.04241  -2.16551  0.571584  2.96693  1.30484  -12.3229  -3.59968  2.18609  273.462  -0.69003  1.13027  4.16822  -8.81449  -3.67915  -6.73454  33.719  0.594831  -2.7102  -3.75959  -3.48007  -1.26668  1.01364  -0.43123  -3.78046  -3.43585  -1.0983  3.70293  -4.49315  -8.80757  -5.77794  47.8732  -7.46331  1.17644  -37.1088  -0.423085  
-0.9781  -6.32256  3.38943  -2.53458  -28.8214  6.06512  -0.812512  -5.18462  0.0847099  6.62195  2.26237  -0.351079  -10.7068  3.06392  4.04909  152.54  1.02243  -2.29571  3.99934  -2.68989  -2.00003  -14.678  3.00363  0.556837  -0.583188  -3.5195  -1.21706  -1.06424  -0.636033  -0.539312  -3.67577  -9.89803  0.38237  2.10436  -3.64043  -5.04434  -0.0423659  -190.59  -12.0013  -5.96874  -37.6805  2.75515  
-0.637058  -0.112095  3.71123  -16.8067  -37.7551  4.55124  -0.759669  -3.79167  3.46808  9.09925  1.92421  -1.78616  10.3534  7.27922  1.84582  96.0778  2.83317  -17.7281  2.55327  1.20597  0.465528  2.25494  -16.9634  0.169569  -0.427053  -2.16347  12.4526  0.221388  -1.83696  0.803237  -4.86631  -55.1315  0.692992  0.240208  3.14376  5.4298  -11.1598  -248.448  -8.10123  -8.42903  0.734585  2.14561  
0.14809  5.9238  4.2877  -19.7258  -22.6149  1.42044  -0.324976  -0.398136  5.85471  3.96123  6.38539  -1.85911  41.5903  5.11063  -4.55935  80.6272  3.05632  -21.5024  -0.505047  -1.46856  1.02182  25.6288  -18.8166  2.1405  -2.44817  0.579005  25.0372  3.2911  -2.00033  1.18606  -5.47096  -70.4818  0.32414  0.170031  7.3446  7.60701  -25.8054  -11.0603  -1.3691  -3.3401  40.4453  -0.497584  
1.26685  5.60024  4.87213  -11.1017  1.29844  0.0269285  0.585054  3.77371  6.12708  -3.7603  14.2827  -0.350711  52.4133  0.151382  -7.49333  -16.4964  2.27777  -5.78985  -2.69561  -5.80683  0.220792  28.601  -7.94584  6.93835  -3.05793  3.26222  19.9156  6.4499  -1.03449  0.00944577  -3.19151  -14.3061  0.404299  1.18132  4.72475  -3.40448  -20.8748  311.138  -2.78686  1.66732  44.1693  -0.819337  
2.57513  2.3017  5.0055  -1.03317  10.8272  0.737738  2.27721  4.79015  5.32271  -5.73886  17.5886  1.60189  26.3429  -2.04726  -2.16745  -171.591  3.10212  14.3342  -0.644623  -5.59134  0.0132837  5.48834  6.74806  10.0735  0.207796  3.97415  3.38057  7.99803  1.19185  -0.841798  1.82292  54.1631  1.68889  1.18547  -1.26801  -13.2322  -0.98582  384.813  -12.6493  -0.448974  11.2053  3.01733  
3.54449  2.79153  4.46747  4.24793  2.59525  1.1431  4.11101  2.27524  4.41716  -0.850556  11.0982  2.52983  -14.8487  -1.09411  5.1477  -220.731  5.88963  22.265  4.52349  -1.96087  1.26837  -18.3937  18.1306  6.81939  5.28855  2.61466  -0.62961  8.05221  3.57816  -0.431981  6.02401  56.9917  3.73139  0.00118365  -5.43195  -4.75808  12.791  128.355  -18.112  -6.30831  -22.9876  7.69127  
3.33388  5.90138  2.98456  7.43577  -5.64645  -0.567133  4.44855  -0.683273  2.64201  4.69097  0.291863  2.08949  -31.196  -0.440197  4.51123  -82.7284  6.60344  18.132  6.99352  -0.767943  2.59611  -17.2691  19.5014  -0.996003  7.6208  1.02155  10.3264  7.45493  3.94372  -0.167285  5.79626  13.0472  4.54991  -0.579019  -5.45523  17.293  12.7881  -187.823  -7.07484  -7.14118  -22.5039  8.29856  
1.7191  4.93925  0.881519  11.6666  -1.26706  -3.18558  2.54908  -0.680538  -0.754313  5.77058  -5.75104  1.17596  -10.7252  -1.2414  -3.21528  74.0628  1.43945  13.042  3.58454  -3.26331  2.65961  3.93602  10.3236  -6.25942  5.61925  0.520515  11.0516  5.71844  1.51932  -0.967432  1.497  7.36859  2.41096  0.555043  -2.65318  29.1416  8.81394  -239.333  14.0575  -0.933205  11.7815  4.3029  
-0.260988  -1.0103  -0.882663  13.2461  6.43834  -4.07406  -0.119923  0.517672  -4.15856  4.07064  -5.7414  0.993165  18.601  -1.10121  -6.63103  77.5015  -6.54022  11.2073  -2.19231  -4.96652  1.41456  17.2785  -0.600368  -5.19723  2.50344  0.59768  -16.3395  1.78906  -1.72427  -1.40965  -2.26896  58.0347  -1.73101  2.22719  -0.147149  13.9594  10.1579  -12.2217  25.8664  5.29023  42.212  -0.252588  
-1.25523  -4.89978  -1.19127  6.53712  3.6632  -2.83147  -1.46571  0.479613  -5.19562  3.66762  -5.53  1.49714  26.0612  2.0202  -0.868603  -55.2675  -9.42408  7.74715  -4.34539  -2.89727  -0.051167  4.60594  -1.36528  -1.35659  1.95764  0.164379  -48.4257  -3.30002  -2.46595  -0.335037  -0.511603  84.9452  -4.43568  2.84442  -0.913687  -14.687  11.0785  209.549  17.1483  5.83789  36.1705  -1.70096  
-1.06583  -2.13709  1.12713  -5.14138  -8.7539  -1.54539  -1.18789  0.0453901  -3.97169  4.7743  -7.84402  1.88127  10.4885  6.25974  6.01784  -171.319  -4.43531  -2.14284  -2.3063  -0.244054  -1.48628  -19.466  9.43682  -0.293076  3.25913  -0.681905  -47.5442  -6.77395  -0.110186  0.767528  6.48331  22.7202  -3.39134  2.3446  -4.86571  -28.4434  4.26805  193.982  -1.59206  2.33944  0.55327  0.00930081  
-0.666078  2.95433  6.82207  -11.3257  -16.4987  -1.53758  -0.750008  1.29327  -2.52726  3.60662  -7.44005  1.63359  -6.50966  8.42285  5.80491  -219.774  1.35632  -13.9275  -0.818746  -1.22787  -2.95528  -26.0794  21.1187  -2.15668  2.63566  -0.929947  -12.1601  -7.2137  2.85946  -0.0783097  12.4085  -82.3908  -0.147555  1.31131  -7.87441  -17.5725  -6.63834  -0.217235  -11.039  0.0736073  -32.7244  1.58881  
-0.791825  2.71514  13.8246  -6.73086  -5.82011  -1.52681  -1.12098  3.45838  -1.68134  -1.50791  0.330049  1.14234  -11.3593  7.35072  3.11054  -232.123  -0.24654  -18.0969  -2.19446  -4.97158  -4.33004  -8.90188  23.7147  -2.99152  -1.67433  -0.269592  20.6918  -6.076  3.1269  -1.5121  11.461  -128.881  1.76634  -0.503135  -5.63688  -0.69827  -12.6427  -146.756  -5.1024  0.0531553  -43.5259  0.412628  
-1.12004  -3.30703  15.6864  1.8421  15.8736  0.17488  -1.63499  2.78405  -0.538228  -7.58611  10.7506  1.02066  -9.19521  4.07457  5.38205  -185.406  -7.49696  -10.6892  -3.16433  -6.40288  -4.03129  10.1311  19.0627  -1.23887  -6.69002  0.461918  22.0233  -5.43366  0.313474  -0.61716  4.35359  -83.3711  0.787229  -3.43132  1.15154  0.629222  -8.18854  -125.262  3.4008  -0.512486  -33.4969  -2.46065  
-0.981176  -6.7499  8.1453  4.35429  31.7657  2.5093  -1.26898  -1.55473  0.889538  -10.8438  13.3207  1.23681  -9.60109  -0.156191  8.63283  -27.5441  -10.6778  2.72233  -0.184548  -2.97264  -1.30518  8.32626  13.9036  0.335368  -8.73375  0.443266  3.27593  -5.21229  -2.50843  2.16203  -2.81044  -10.3629  -1.40176  -6.0129  6.84464  -10.4324  1.86693  0.678147  0.913597  -3.45477  -13.145  -3.96514  
-0.316412  -0.0370173  -1.48223  -1.16596  28.6571  2.89682  -0.153478  -5.76586  0.786732  -9.17472  4.93686  1.23776  -11.1497  -4.63052  2.07258  204.461  -4.62777  11.8627  4.53208  2.58474  2.3959  -8.9091  11.7547  -0.411841  -6.99181  -0.0936839  -6.30704  -3.83376  -2.47528  2.81019  -5.38849  14.9828  -2.4924  -5.56336  6.72912  -11.4536  5.15723  143.272  -10.4956  -7.45426  8.27771  -1.8851  
0.406459  12.8547  -0.0533549  -7.58657  9.9461  1.17958  0.742441  -5.63149  -0.992231  -4.23719  -3.34117  0.797904  -7.67982  -7.86957  -13.2602  365.107  4.88577  10.9533  5.31499  5.53474  3.90212  -15.9508  11.1625  -1.25594  -3.00705  -0.324176  2.37556  -0.993954  -0.000986989  -0.324589  -4.58852  -8.83031  -1.70834  -1.34245  2.03855  8.19284  -3.99096  268.672  -16.455  -10.605  21.2185  2.34995  
0.835758  18.6796  11.3837  -8.8343  -6.79292  0.330644  0.894686  -1.32493  -1.09176  -0.209994  -1.33846  0.447934  0.417092  -8.0515  -21.7954  373.296  9.03538  3.74044  0.400832  4.22267  1.92272  5.57459  12.5985  1.04122  1.23969  -0.0287955  14.0079  1.75716  1.88344  -3.59834  -4.14704  -29.3106  0.330944  3.94235  -1.84482  32.994  -14.2826  327.985  -8.31248  -12.7798  18.1797  5.1618  
0.922751  10.0108  12.0509  -4.67172  -8.2331  2.30499  0.600215  3.78212  2.85108  0.222499  7.89755  0.721699  5.92846  -4.79642  -13.3428  314.157  6.59445  -0.925845  -5.75949  1.30293  -2.10163  41.5872  15.3336  5.59658  4.45418  0.188416  13.9192  3.10268  0.901447  -2.797  -5.16012  -14.5571  2.30374  6.7567  -1.43626  39.2973  -10.0515  222.761  6.76318  -13.2917  5.63947  4.44169  
0.656315  -4.74045  -11.5496  2.7712  -0.33469  4.85096  0.290562  6.16038  8.14388  -1.26721  10.2383  1.50456  4.90448  -0.64782  2.83166  303.239  3.39557  1.71676  -7.76088  -0.400916  -5.96376  59.3167  14.7897  7.98631  5.63053  -0.202303  3.33224  3.26936  -1.84595  1.02331  -5.44661  15.2742  2.56644  5.48846  1.46489  23.8247  2.65532  -58.1033  15.1043  -10.062  -0.145766  1.02453  
0.118949  -10.7878  -39.9313  10.8358  -1.39685  4.03884  0.0857576  6.27999  9.22132  -0.708516  -3.14712  2.04685  1.71383  1.51072  10.7276  323.559  3.03985  5.7506  -5.2799  -1.23614  -7.85827  42.4135  10.2412  5.77207  4.74945  -0.763455  -6.84392  3.17568  -3.39033  2.80564  -3.54765  28.0578  0.467224  1.53788  1.99343  4.02188  2.34192  -330.129  10.4318  -2.50207  2.90203  -1.34624  
-0.332663  -6.95242  -38.9504  14.6389  -16.8046  -0.518584  -0.0169586  4.82571  4.35167  3.47227  -22.4347  2.04032  1.6129  1.02474  6.91805  270.133  2.3332  0.948379  -1.38984  -3.43901  -5.13256  7.05122  6.42693  1.17042  3.29958  -0.538333  -10.3014  3.12055  -2.07491  0.167426  -0.621287  26.0688  -2.13919  -2.17892  -2.3469  -5.21088  -16.0924  -341.958  -2.02528  5.4479  -4.2937  0.0668476  
-0.318144  -7.97175  -4.91254  8.21428  -30.507  -4.89012  0.0391162  2.29273  -2.51359  6.50188  -30.6442  1.77113  2.82068  -0.126188  1.07151  106.181  -3.02452  -14.3871  1.16968  -7.15888  3.79176  -17.0345  10.7655  -1.7917  3.2242  0.700218  -8.66028  2.89171  0.994183  -3.55948  1.27712  36.4788  -2.26496  -2.99749  -8.83283  -5.44496  -27.197  -66.5019  -12.7938  8.61497  -30.2246  4.43827  
0.0713377  -23.0162  26.7158  -5.6928  -19.8846  -5.54446  0.218807  -0.7945  -6.08361  4.11977  -21.3138  1.58056  -0.342219  -0.622521  0.80678  -75.7714  -11.0006  -26.5874  2.53089  -8.51618  15.4987  -22.1243  19.6989  -1.73619  4.55307  1.98289  -4.74523  2.11175  2.93526  -3.72165  1.77714  63.5526  0.330297  -0.742761  -11.4208  -7.0499  -12.9682  239.793  -14.9442  6.48165  -51.159  7.2857  
0.375029  -39.3134  26.4087  -14.0145  10.0387  -3.2094  0.337053  -2.95594  -5.00438  -1.62294  -4.52201  1.31902  -8.26243  -0.403835  3.63332  -176.437  -14.3382  -20.95  3.34727  -4.11145  21.5557  -24.6324  21.8756  -0.239667  5.53744  2.21615  0.972063  0.591002  2.29609  0.258611  2.29054  81.8577  2.1919  1.73562  -7.3729  -12.0174  8.55777  290.353  -5.6765  3.02713  -36.3902  4.675  
0.354448  -35.6543  8.30455  -7.73779  32.865  -1.01101  0.255561  -2.84949  -1.78173  -3.85124  6.66606  0.806382  -12.7844  0.226699  3.20543  -178.713  -8.89262  -0.946961  3.30093  3.43115  16.4743  -34.055  13.4092  0.775533  4.17442  1.39285  7.3388  -1.65573  0.117717  4.50612  4.06035  71.1204  1.00431  1.16569  0.12016  -12.4013  4.45463  77.6268  10.4459  0.838665  9.16941  -2.61417  
0.253165  -10.2745  6.63831  4.9273  25.5589  -0.218173  0.0583279  -0.730867  0.393206  -0.599842  7.86361  0.338899  -6.44575  1.75152  -1.44837  -122.212  1.33569  12.4034  2.4063  6.60184  4.45314  -35.0414  4.15708  0.95254  1.31505  0.438991  11.1655  -3.70807  -1.13706  5.24274  6.00895  40.027  -0.639496  -1.98963  5.20696  -5.08211  -19.4686  -145.295  21.9312  -1.42612  52.322  -8.48951  
0.345476  15.0211  25.8104  6.81405  -3.44687  0.359498  -0.0336096  0.935159  0.207626  2.04829  4.56797  0.242582  7.03895  3.89217  -5.50371  -47.5462  7.97825  4.72688  1.65982  1.01376  -4.84207  -9.10626  6.36837  0.773896  -1.09896  -0.0507038  11.1998  -3.95564  -0.259122  2.38421  5.29479  2.85828  1.26272  -3.29783  6.33125  4.90958  -28.4012  -160.756  18.724  -4.96244  68.2089  -7.21771  
0.482754  20.7749  36.2925  -5.13631  -25.3004  1.28428  0.0983072  0.305043  -1.51989  -0.988523  2.53862  0.310169  15.7415  4.91413  -4.4901  -14.5627  7.06233  -12.439  2.01512  -9.94142  -7.12855  33.4959  16.9302  0.50707  -2.33356  -0.432925  8.6034  -1.67463  1.61376  -1.20203  0.848601  -39.5877  5.42043  -0.0430521  6.5028  10.5  -8.26579  21.5239  5.44099  -7.21084  65.9768  -0.439015  
0.327482  11.6086  18.1683  -14.798  -23.253  1.16671  0.332578  -2.5857  -2.9567  -4.9261  3.72324  0.30414  13.1384  4.17207  1.10968  -87.8233  2.78763  -14.7558  3.19186  -17.7817  -5.97809  57.1951  25.5313  0.186706  -3.49466  -1.13023  4.12748  1.71665  2.22306  -3.09132  -3.98208  -80.0908  5.51676  4.59917  7.74917  11.598  12.6259  236.669  -2.59771  -4.95167  59.5297  3.58882  
-0.182652  6.31392  -12.483  -8.68871  -7.31251  -0.798528  0.33867  -5.03166  -2.39179  -2.82175  6.50114  0.707075  4.77885  3.29652  5.62245  -259.44  2.14439  4.10424  3.68103  -17.6218  -5.56418  41.6356  24.7352  0.11981  -5.42742  -1.84094  -1.8077  3.44172  1.14348  -2.93844  -4.57547  -90.5546  -1.4614  4.98095  7.79407  13.4133  7.69056  350.35  2.03648  0.395607  43.9377  0.490598  
-0.708845  12.4155  -27.2322  4.87542  -0.192536  -2.80359  -0.0305919  -5.16629  0.106004  3.30644  7.18888  1.92228  0.142854  3.17929  3.61062  -373.75  6.23449  24.3435  2.58291  -12.4562  -4.93365  6.00674  18.0453  0.49033  -6.46304  -2.06284  -8.34031  2.5926  0.395732  -1.37688  -0.314441  -49.4704  -10.2006  0.7811  4.09883  17.0038  -10.4095  318.293  9.50239  3.45923  11.4035  -4.59212  
-0.951788  18.5531  -19.9954  7.07155  -8.18829  -2.32256  -0.526804  -4.29913  2.87122  3.89034  2.79885  3.20668  1.12619  1.82368  -4.86016  -286.176  8.61202  25.326  0.417417  -8.13831  -1.63449  -13.9465  12.1252  1.09849  -4.27192  -2.08874  -11.8519  1.35875  1.65955  0.889402  3.94272  11.2809  -12.6204  -2.24144  -1.58452  16.0963  -14.6302  144.874  5.04631  1.12855  -20.8416  -4.11745  
-0.968164  12.2694  -7.87155  -4.74129  -19.256  0.290676  -0.709507  -4.18099  4.21962  -3.63751  -5.39812  3.25332  0.91196  -3.19574  -13.1961  8.74249  3.29806  9.9854  -1.01341  -6.62995  3.08014  -4.76393  9.11674  1.30597  0.275014  -2.67228  -6.29644  2.61804  2.9445  2.37489  3.23918  40.4205  -7.21021  0.196649  -4.52838  5.62073  -2.46747  -102.957  -10.3693  -4.09974  -25.1837  2.9858  
-1.01323  -3.28596  -4.81505  -12.2599  -17.2626  2.17314  -0.512741  -3.3744  3.31191  -10.1825  -10.2496  2.44354  -5.67579  -9.22496  -14.5893  353.285  -7.04918  -2.65282  -1.35459  -4.31453  4.97775  14.8444  7.09513  0.594872  2.84867  -3.67301  5.95535  6.17559  1.6224  0.722896  -1.52384  31.6332  0.17096  4.9732  -3.64543  -10.9911  5.75224  -269.391  -22.8049  -6.67286  2.14473  9.40841  
-1.08714  -14.1407  -8.24265  -2.43592  -4.39537  1.69216  -0.2993  0.449612  0.795162  -8.03154  -6.51468  3.00976  -13.7603  -10.5376  -9.15932  551.882  -13.2449  -2.80902  -1.46299  1.57542  2.57532  18.7007  5.21825  -0.89517  0.370835  -3.76441  13.9278  8.93325  -1.78508  -4.29376  -5.06008  19.727  3.80645  5.80948  -2.33953  -22.1733  3.19401  -201.117  -21.6494  -3.59273  26.1256  10.5571  
-0.805319  -12.3385  -8.89081  13.4791  4.51071  0.275641  -0.278284  5.03456  -1.6454  -2.69733  3.09334  5.80228  -14.5856  -5.57322  -1.6842  506.701  -9.99067  2.17086  -2.27077  9.0406  -1.01283  2.73961  3.99623  -2.09008  -4.63218  -1.92334  4.83247  8.9668  -3.23891  -8.33748  -4.52591  22.458  3.67797  1.97668  -2.65886  -21.1926  0.603418  62.0434  -10.775  2.90609  15.8291  9.34649  
0.127519  -3.01261  -4.54954  14.4989  0.62068  0.0499058  -0.166429  7.4068  -2.34751  -4.32773  9.0074  7.55404  -6.69121  0.899369  3.42464  281.57  -1.83212  2.06172  -2.71051  13.6257  -1.78022  -13.8005  4.76278  -1.63595  -6.38154  1.10151  -17.2188  8.21217  -0.626145  -5.87262  -1.75338  21.2533  3.26285  -0.787651  -1.79945  -9.94184  2.78438  259.658  -0.385338  7.33277  -20.7495  9.94325  
1.42409  4.79355  -0.284198  -0.278603  -5.39132  1.00301  0.382335  6.6707  -1.05893  -11.9262  5.65938  3.534  2.58006  3.7677  4.62646  51.9754  3.20242  -2.36434  -0.891819  14.3662  1.28262  -9.01489  8.75105  1.01386  -2.82657  3.4116  -33.3655  9.21147  3.00751  2.8836  0.563425  5.59066  4.12664  1.78219  3.04511  2.08342  3.17268  176.933  4.78177  5.86735  -49.292  10.3443  
2.33153  7.65703  -0.2331  -10.7285  3.36465  1.74353  1.16557  6.23035  0.531709  -11.8868  -1.80407  -5.73265  6.39708  3.49025  2.02237  -19.2098  2.92232  -3.12707  2.20299  13.2917  5.39101  17.3963  14.5236  4.37881  2.39394  3.904  -26.395  9.97719  3.85418  10.5309  2.51425  -7.94828  4.93022  6.39162  8.2441  7.07076  -0.171718  -84.3954  5.32239  0.482396  -51.2762  7.29782  
2.29849  7.20933  -3.01032  -2.74724  26.2831  1.70198  1.56349  7.66805  0.555054  3.07337  -7.09482  -11.7294  5.09452  3.0965  -2.79612  39.5412  1.56467  2.27967  2.93311  11.1835  7.16598  40.1105  18.5613  5.60766  4.72534  3.09952  -3.6561  4.84878  1.53133  10.3633  4.75559  -7.37925  4.14257  6.68401  7.67456  3.94328  0.871787  -193.069  3.00945  -3.54606  -39.7746  1.79909  
1.48608  4.13465  -4.2801  13.0091  40.5645  1.52341  1.27282  8.26194  -0.915385  21.4204  -8.77617  -5.33013  3.19292  2.49984  -5.25698  38.1246  2.29527  7.69113  0.0930379  5.92076  6.07187  32.7191  19.0991  2.9748  3.25427  2.13097  10.9383  -7.74678  -0.673335  4.13087  5.96366  -0.395049  2.02118  1.62805  0.578021  -2.57759  3.27054  12.9003  -0.46796  -3.60251  -29.6282  -0.59691  
0.474713  -1.86674  -1.85325  17.6352  26.5813  1.428  0.530282  5.61726  -1.79142  26.1023  -9.59243  11.3615  2.0157  -0.53625  -1.77308  -121.835  3.1989  6.63562  -2.25498  -2.70106  4.50875  -1.95137  17.6898  -2.06799  0.983275  1.49099  4.50197  -20.745  -1.08183  -0.772284  3.69752  9.74024  -0.341026  -3.70034  -6.22198  -5.82221  -3.70778  307.1  -1.65346  -2.23783  -15.7145  1.71364  
-0.419159  -7.87492  1.96236  10.6759  -9.73294  0.447473  -0.413884  1.14716  -0.858979  14.8632  -8.31473  22.4084  0.948249  -4.6587  5.01358  -281.928  1.66655  0.601798  -0.00555605  -9.89745  3.9027  -32.2288  17.2631  -5.74576  0.289264  0.954021  -8.48864  -24.3307  -0.935087  -0.453418  -1.46983  34.0365  -1.835  -5.24459  -6.56545  -1.24406  -19.0453  335.416  2.40186  -2.91353  7.70152  4.39273  
-1.26382  -7.73418  3.1887  7.68619  -38.5968  -1.96088  -1.49836  -2.37518  0.413806  2.64791  -0.153138  13.0889  1.54915  -5.14473  6.6506  -183.224  -0.91405  -3.44644  5.01842  -10.7991  2.33517  -32.152  16.4574  -5.86252  0.340899  0.321212  -5.54644  -16.3213  -1.62456  1.76847  -5.95277  67.0279  -2.01243  -4.55032  -2.79023  9.50622  -21.8947  43.6713  9.28232  -4.73352  24.0094  3.4507  
-2.05723  0.730124  0.534451  14.2227  -39.665  -4.56538  -2.45924  -3.23322  0.281312  -0.0882965  12.7588  -12.1148  3.89304  -0.750098  -0.413762  122.872  -1.48871  -1.8235  7.16107  -6.60843  -2.95605  -11.8229  10.8304  -3.95939  -0.979023  -0.29895  12.7426  -4.42452  -3.67582  0.708607  -7.00829  82.3252  -1.29114  -5.16294  -1.49374  18.5053  -4.05419  -248.209  11.0137  -5.55407  13.7617  0.515185  
-2.39264  12.1863  -3.25921  15.1014  -16.4086  -5.52954  -2.60279  -0.88744  -0.392108  -0.170261  20.7294  -30.6507  3.53032  2.98162  -9.03187  288.795  -0.158108  2.08372  4.63512  -3.96759  -10.6432  -4.77757  0.18637  -3.5386  -4.18239  -0.735918  23.0231  1.86222  -6.67051  -3.83965  -4.90201  73.2435  -0.852167  -6.94242  -4.9457  18.3257  12.954  -215  3.12834  -6.33862  -12.4474  -1.06832  
-1.94181  18.4311  -4.93481  -2.24872  8.57334  -4.26293  -1.58757  5.10792  0.336615  -8.44672  15.3054  -26.073  -2.84315  0.782702  -10.5238  86.2811  0.285128  2.68932  1.3069  -6.20408  -15.558  -25.1093  -10.6555  -5.59247  -7.71419  -0.974678  8.81294  0.337166  -9.97797  -7.71501  -2.034  60.0522  -1.61298  -6.86712  -9.16944  8.6731  3.75927  115.188  -10.4825  -9.11009  -23.4932  -0.83761  
-0.965401  15.9702  -4.16103  -24.4503  19.5957  -2.01801  -0.12126  10.2387  2.01647  -20.043  2.02025  -7.25727  -10.6431  -4.44029  -4.88217  -257.794  -0.923535  -0.0972883  0.2868  -9.59808  -14.0215  -48.917  -13.5362  -7.11743  -8.55068  -0.940812  -15.224  -3.65813  -10.8406  -7.55401  -0.178261  53.8002  -2.65329  -4.03391  -9.22441  -2.35709  -21.0309  405.637  -19.068  -11.9907  -8.5397  -0.225978  
-0.108297  7.33425  -2.42454  -25.589  16.2582  -0.388285  0.615962  7.9882  2.12511  -18.907  -6.20614  3.12887  -9.73718  -4.9935  -0.299135  -294.942  -1.48239  -1.09286  0.769798  -7.58976  -7.20559  -40.434  -4.6629  -4.19977  -5.77222  -0.47961  -21.5124  -4.35993  -6.5115  -3.62575  0.683227  31.7604  -2.11007  -1.02365  -4.81158  -6.06223  -26.3246  369.58  -14.8816  -9.42634  10.3114  0.312387  
0.369047  -3.38152  -0.942104  -0.887944  6.17821  0.305885  0.355343  -1.87146  -0.285234  -1.12837  -5.16502  -2.47412  1.98912  1.25538  -1.03376  56.3324  -0.0881928  1.72048  0.820634  0.612088  1.73349  3.1585  12.5671  3.17849  -0.089828  0.341053  -4.33622  -0.921943  2.62199  1.9564  1.12699  -20.6742  0.360868  0.474091  1.85041  -1.93037  -0.787676  30.0283  0.177062  -0.459794  16.1399  0.658904  
