-0.185  -2.15506  -0.449342  -4.30527  -10.222  -4525  -0.124396  0.915269  -14.3532  2.95888  -1.021  -0.0683664  -2.3206  0.691494  4.64914  2.5201  28.6918  -0.287603  4.3117  -2.60767  2.89774  0.507311  -1.07159  1.70806  -1.68382  -8.15858  -1.02369  -0.268052  0.35195  -0.389207  -0.362486  2.54242  -1.12984  -0.20838  1.1414  -2.1069  -25.1392  0.70628  -1.89209  31.8139  -1.43601  -3.13159  
-0.127052  1.78927  -0.260441  -3.58128  56.1276  20314.7  1.39831  -8.36958  -47.819  -8.82981  -0.00107995  -3.12375  1.44599  -3.71392  -10.8498  8.59578  -47.4803  -12.8465  -5.94695  -6.43481  -2.52386  -10.6705  -1.45915  -0.0303992  -10.0087  -14.684  3.35474  -0.391913  6.41605  1.40358  0.921465  -8.8342  -13.7205  2.78318  -11.3522  1.96418  15.8942  -2.09812  -0.449302  50.9113  2.89347  31.3436  
-0.270226  2.67626  -0.307871  -1.46305  62.9342  36093  1.63316  -9.94665  -26.5549  -11.7938  -0.501635  -5.81375  3.68907  -6.54053  -16.3387  10.4153  -66.2366  -18.766  -9.44206  -4.69639  -1.32865  -12.5697  0.744054  -0.473636  21.7047  -14.9052  5.36667  -0.61047  6.83911  2.1493  -2.0377  -14.3515  -14.7791  2.96449  -9.52724  2.5835  35.2746  -0.777898  3.33013  41.209  6.53836  43.255  
-0.463853  -0.0619281  -0.485883  2.41654  14.4731  39712.5  0.794212  -2.9309  30.7265  -9.13348  -2.13601  -7.18844  3.7728  -5.97659  -9.87862  9.62172  -41.3724  -17.7557  -8.80108  -0.758255  4.15156  -4.9351  3.49184  0.522073  87.4437  -5.91097  4.82971  -0.781211  2.18169  2.22429  -6.46982  -13.7928  -5.11851  1.29229  1.39383  2.78058  30.0401  2.94675  7.13542  28.4359  8.22964  34.5244  
-0.445948  -4.72203  -0.452018  6.33933  -28.7854  34715.8  -0.0423307  4.98321  59.7946  -9.54914  -2.52455  -6.6631  2.66196  -1.54244  2.85844  11.0674  -22.7544  -18.5259  -10.9011  -2.09963  6.27391  2.68259  2.98153  1.96911  135.352  7.63503  2.84985  -0.710108  -2.57847  2.45352  -6.09394  -10.5723  7.93705  1.05456  5.61144  7.3113  11.3401  4.05925  6.70269  53.7065  6.22305  23.4359  
-0.280802  -9.15075  -0.139645  8.99558  -25.3805  25480.2  -0.535097  4.67447  28.5172  -12.5413  -0.796603  -5.21922  1.83975  4.55974  13.4182  14.8194  -11.0026  -26.1195  -14.7063  -9.27303  1.16581  4.78709  -0.538642  2.50378  120.53  15.73  0.1516  -0.444076  -2.73004  2.81914  -0.536032  -6.8621  18.749  2.82682  0.149826  16.7135  -9.41314  1.40551  1.37127  103.577  1.03507  16.7655  
-0.233879  -10.9485  0.193779  9.00394  6.30166  13348.7  -1.07174  -3.86619  -32.2763  -10.321  1.39446  -4.3103  1.69596  8.30528  17.7842  13.6066  11.5017  -33.2267  -13.256  -14.5041  -5.85265  6.78489  -3.23576  1.66452  41.8067  15.1171  -2.32538  -0.218295  1.11051  2.96267  3.53076  -2.72945  25.0509  3.4874  -4.43363  23.3688  -21.9773  -1.35758  -4.05562  119.523  -4.27896  6.20634  
-0.315893  -8.13372  0.162832  7.68564  20.1721  -1165.45  -1.63258  -10.3906  -67.3054  -1.41486  1.65778  -4.64802  0.966121  7.31016  17.1518  1.06738  15.5815  -27.0425  -5.49657  -12.4472  -7.95545  10.8636  -3.19554  0.32599  -50.9358  13.353  -2.45259  -0.104772  4.68289  2.58236  0.60332  1.03164  20.77  0.620093  -2.50383  20.1016  -21.0286  -1.18257  -5.28377  81.1822  -6.20154  -12.0511  
-0.242298  -1.65873  -0.580577  6.91799  -0.988687  -12519.1  -1.50865  -5.69831  -54.5137  6.03618  -0.176142  -5.51402  -1.52739  2.39648  13.6637  -16.9136  -48.9598  -6.41092  2.87399  -6.55423  -2.51547  14.3733  -3.02824  0.0085732  -99.758  16.5069  0.639591  0.0429669  4.19916  1.50824  -6.66453  2.90283  2.04636  -3.45694  -0.376572  7.43299  -9.87711  0.774079  -1.96197  35.9616  -4.03003  -27.1809  
0.0570009  3.39798  -1.85575  7.6459  -26.1162  -11488.5  -0.456397  7.11191  -7.72852  6.47278  -1.46301  -5.86204  -4.2859  -3.42961  8.45641  -27.3907  -132.221  10.988  7.15384  -3.21065  5.97093  7.21601  -4.97572  1.16634  -79.7895  17.3388  3.85992  0.25272  -0.389644  -0.403616  -10.6221  2.87028  -19.6827  -4.4203  -3.22016  -4.55106  -0.950546  1.15721  0.983404  33.8666  0.138491  -27.8466  
0.32078  2.4068  -2.57773  9.62771  -27.8669  1000.86  0.686958  15.51  35.4248  3.64774  0.226937  -4.69344  -4.51414  -6.71419  -2.39271  -24.0878  -105.552  8.76285  6.96522  -3.50518  12.1617  -8.94833  -6.92572  2.244  -18.8212  5.83676  3.34791  0.408193  -6.18672  -2.91865  -7.12436  2.61332  -25.8137  -1.76441  -5.08235  -7.62752  -0.243406  -0.645332  -2.52258  62.9746  3.3858  -17.9219  
0.356555  -2.28132  -1.66427  11.3078  -7.49063  13498  1.02173  13.3088  41.6635  3.90838  3.76605  -1.46304  -1.52288  -5.38568  -21.6532  -15.8145  59.1154  -6.63286  4.02432  -3.87807  13.6116  -17.0555  -4.8405  1.37175  27.7957  -12.6737  -0.340894  0.446323  -9.19108  -4.32986  0.821461  2.88259  -11.3966  0.614542  0.71316  -0.724552  2.06468  -2.17448  -14.1582  74.6519  3.42908  -10.6559  
0.319737  -2.78002  0.232001  11.5349  12.2805  15261  0.650087  5.65008  9.85025  6.47918  5.9235  2.71756  1.59108  -0.14294  -42.8594  -14.7775  194.022  -12.0697  -0.0894432  -1.8315  10.7423  -3.79154  1.87616  -0.92121  30.5373  -19.6381  -2.62247  0.442456  -7.37595  -2.81946  6.8885  2.50283  8.05847  0.323296  9.74274  10.7532  13.8348  -1.23957  -25.6303  53.3124  -0.0280721  -13.1793  
0.410522  4.06596  0.918869  9.03414  22.4294  9038.18  0.366835  1.03453  -21.6392  6.40854  4.74178  4.83924  1.23338  5.37681  -51.6762  -16.8293  128.105  4.5378  -2.54591  1.25336  5.05822  18.0999  8.19861  -1.80909  8.81047  -6.77572  -1.19745  0.405715  -2.56451  1.39129  7.63888  1.21491  13.9608  -0.431947  11.9378  20.0563  24.1814  1.58992  -23.6765  29.2398  -4.36511  -17.6797  
0.509335  11.0293  -0.692599  1.7079  23.6224  4733.93  0.708575  0.144047  -10.7803  3.13255  1.99815  2.85719  -1.56638  7.38961  -37.4245  -7.25812  -62.6013  26.3206  -1.38031  3.17349  -0.972206  20.9995  8.76568  0.331712  -3.55806  14.1124  1.08408  0.162345  1.04991  5.09591  4.63562  1.02977  4.13411  1.27071  5.04571  19.111  15.7356  3.68144  -4.176  29.1587  -5.15494  -12.6909  
0.401751  8.46841  -2.49956  -8.73842  14.3645  7516.3  1.53563  -0.402968  31.2451  0.862394  0.850807  -1.65724  -1.8468  6.74657  -6.65018  16.5535  -132.24  27.423  2.43068  2.72965  -4.98828  -3.73298  2.90496  3.33269  -2.87901  25.486  0.541323  -0.307142  1.35154  4.91953  2.15042  2.87266  -8.9503  3.93969  -3.28824  6.55159  -7.42429  3.91499  18.4629  44.0311  -0.149595  4.96238  
0.16414  -2.72132  -1.58307  -14.8352  -4.73222  12035.4  2.25784  -0.908887  49.9016  1.4066  1.99396  -4.70298  2.82642  6.92897  19.8403  35.4984  11.4802  3.81148  5.08763  -0.651759  -5.1532  -29.6555  -4.19229  3.71552  -8.08029  23.6743  -1.71135  -0.65578  -0.351595  0.40808  2.48083  3.68268  -13.3413  3.7384  -6.07869  -9.68815  -21.7369  3.6419  22.9528  56.8204  6.87504  24.9266  
0.0614529  -11.2258  1.89286  -10.1709  -25.0488  8716.12  2.16479  0.0791532  11.6888  1.39204  2.63648  -4.11797  7.90761  7.93999  26.2495  29.9039  189.432  -21.1536  5.63911  -5.54225  -2.77315  -26.3122  -6.75489  1.26345  -19.8794  16.9879  -1.73408  -0.539332  -0.287705  -4.70448  4.4001  -0.322078  -5.37263  0.713544  -4.38937  -19.2639  -16.9611  3.73064  6.49225  71.818  9.52698  33.1775  
0.0526104  -8.71953  4.39733  -0.35667  -32.5131  -3178.45  0.900413  1.34689  -47.6806  -2.69914  -0.0847775  -1.40905  5.66921  5.24048  13.177  5.62428  200.606  -23.9821  6.2699  -8.75  -1.93844  3.15775  -4.18747  -0.852479  -10.7443  12.6975  1.15778  -0.165492  2.64363  -5.85348  4.32815  -7.57319  9.81558  -0.775683  -2.72435  -17.4601  -6.72028  1.94253  -10.0911  96.8213  3.99928  24.6904  
-0.165393  -0.201156  3.24614  1.0652  -21.6279  -13424.3  -0.813508  0.248701  -67.5791  -8.72691  -4.56461  0.603755  -4.68591  -3.21863  -4.37589  -13.7817  69.4108  -4.47135  6.4251  -8.30564  -4.57392  25.1228  -0.518818  -0.299301  31.0184  9.97635  2.99879  -0.113399  5.59882  -1.82626  0.568766  -10.7304  22.1645  1.27145  -3.32439  -9.8345  -8.70199  -3.38917  -6.23896  110.112  -4.09146  9.49065  
-0.644808  3.00156  0.0588228  -12.0455  0.53845  -8984.06  -1.44828  -1.20457  -39.2465  -11.4334  -6.29236  0.314436  -14.6043  -11.1949  -11.1781  -15.2924  -40.0042  19.4789  3.78313  -5.90313  -7.20915  14.5595  0.358671  1.33993  60.3353  6.13447  0.475126  -0.604983  5.12872  3.79582  -4.59453  -5.18705  21.9213  3.42269  -4.35742  -4.24  -20.6077  -8.82183  13.2549  81.3041  -5.97268  -1.88486  
-1.00691  -2.20399  -1.72674  -28.549  23.5448  9690.93  -0.274112  1.3578  -4.61332  -8.64941  -3.20486  -1.17082  -14.626  -11.6134  -2.12226  -9.78989  -51.4946  28.2542  -2.04865  -4.25296  -3.70163  -16.6214  -1.58514  1.44495  35.5055  1.47069  -4.55153  -1.17724  1.3567  5.31978  -7.53003  4.86654  10.2125  1.49229  -3.40957  -2.35583  -24.9798  -9.90528  23.5527  22.1553  0.423888  -8.0838  
-0.957781  -7.09419  -1.3047  -30.0431  37.6919  25285.1  1.52997  6.4782  -1.47202  -3.67814  0.614902  -2.28514  -6.19885  -6.8815  15.9517  -11.7206  -11.3692  17.1617  -7.84706  -2.37602  5.44984  -35.6979  -3.27149  0.245393  -15.525  -1.45038  -7.48738  -1.29066  -2.73116  1.01489  -7.27787  9.61126  2.41078  -2.998  0.206996  -1.06963  -16.6368  -8.64324  9.98596  -15.569  7.73672  -14.202  
-0.736926  -3.59146  -0.805233  -14.5035  32.3961  21347  2.11199  5.91692  -15.3841  -0.613492  -0.204092  -2.20066  0.696917  -5.28288  30.0016  -17.0902  41.0952  -4.54945  -11.0077  2.18926  12.4912  -27.2382  -2.45734  0.239362  -11.8044  -0.802183  -6.11938  -1.05169  -3.5969  -5.00406  -6.47617  4.68281  9.73519  -4.86924  4.24823  -0.180933  -4.95339  -12.35  -16.5738  -5.81274  6.69448  -20.7356  
-0.777963  4.50705  -1.66767  1.15091  8.91055  4560.6  1.12793  -1.55082  -16.4904  0.587604  -5.06206  -1.13313  -0.0296274  -7.64733  29.0787  -12.687  90.0158  -20.0881  -11.5616  6.54953  10.475  -3.13114  -0.351663  2.10857  65.2533  2.06278  -2.2104  -1.01051  -1.03832  -6.85903  -7.56164  -4.10287  21.9615  -2.31502  5.75604  -2.98192  -1.52796  -20.4966  -33.2479  17.0019  -2.44036  -22.042  
-1.04358  6.4955  -2.55812  2.45467  -12.7904  -4088.78  -0.13336  -6.8028  -2.17834  4.14472  -7.61919  0.224707  -3.51124  -4.75807  14.5222  1.90687  71.948  -20.5667  -10.0933  4.27768  1.96362  13.0385  0.91002  3.55954  133.693  3.03814  1.12268  -1.30314  0.968157  -2.75436  -9.05871  -7.36269  18.1658  1.05525  3.5364  -8.84494  -3.5129  -21.0162  -29.6482  14.176  -10.2411  -15.9407  
-0.982057  -1.17317  -1.73239  -8.07584  -11.0261  1334.4  -0.637746  -2.00587  11.3094  10.7432  -3.24478  1.12791  -2.02493  6.83682  0.564032  14.3613  -61.3848  -13.0972  -6.31878  -4.20232  -4.27575  15.5558  0.0384505  2.74885  106.816  -0.98183  2.21458  -1.31215  -1.05572  3.54916  -7.34682  -2.51706  -7.26502  1.86167  -0.11547  -14.1696  -2.13961  -4.64437  -15.136  6.19859  -8.2452  -8.08555  
-0.271966  -10.2855  0.420527  -13.6908  5.92329  5075.49  -0.754697  6.55606  14.1522  13.9399  4.58585  0.856365  4.29943  14.8644  -0.629177  16.0409  -186.725  -11.8736  0.242822  -9.93206  -4.7416  11.2365  -1.76351  0.972729  9.16148  -7.87974  1.45908  -0.481339  -5.09658  6.85689  -1.45813  4.15583  -32.9058  1.16901  -1.55717  -15.7005  6.17095  19.3502  -4.41348  39.9587  0.504473  -2.39606  
0.714613  -10.807  1.93788  -5.00992  10.1979  -7604.97  -1.23875  5.83042  11.6889  7.12417  8.15421  -0.756587  7.90894  6.71309  7.23934  13.0119  -97.0004  -22.711  9.11649  -5.42372  -2.40231  8.47643  -3.17346  0.712009  -43.9403  -11.7027  0.158348  0.886126  -5.93893  5.20444  5.1722  4.61139  -37.0483  1.572  0.685559  -13.5558  14.575  31.7497  -2.33145  101.406  5.87879  4.85793  
1.29447  -3.17717  1.9086  10.4001  -3.3595  -25139.9  -1.84426  -4.35832  8.07961  -6.11882  5.07444  -2.3387  4.18592  -9.97161  10.6305  12.0125  196.11  -32.8632  18.7505  3.58071  -1.36852  9.30869  -3.45861  2.11895  -1.75635  -9.84151  -0.481304  1.84105  -1.12173  0.643206  8.5378  -1.84965  -21.6118  2.19241  3.99822  -9.30068  13.645  26.0408  -1.64509  116.594  2.99646  16.8127  
1.22184  3.65147  1.04637  17.7286  -11.2907  -24264.1  -1.85681  -11.0015  2.91958  -15.3723  0.309671  -1.76634  -2.79164  -13.6194  3.97349  10.7519  400.765  -26.7582  24.8788  5.0549  -1.2429  11.6639  -2.78834  3.08467  58.4997  -6.70756  -0.0724896  1.85942  5.24667  -3.51357  8.46137  -8.4069  -5.55369  0.101754  4.96215  -3.64509  0.367406  14.4411  5.30064  52.8792  -2.91422  30.1284  
0.867327  3.27907  -0.0516107  13.5278  8.26511  -2907.72  -1.13677  -5.84478  -3.21156  -15.1975  -1.0958  1.50633  -5.69358  1.73962  -2.05485  5.60078  295.33  -5.94193  20.1076  -3.00125  -0.219017  16.3129  -1.4955  2.54508  37.5877  -7.21739  0.592415  1.33079  6.63593  -5.16268  7.33409  -7.7149  0.745289  -4.16082  2.97141  1.93928  -15.2042  10.1542  15.5595  -21.631  -4.63771  38.4722  
0.668613  -0.974802  -1.45003  5.44311  31.1779  14908.8  -0.0584954  3.7847  -5.40644  -10.4578  -0.036575  4.19676  -2.50828  16.8726  3.43761  -2.37091  44.4041  14.8428  3.72531  -10.3742  0.760386  16.3627  -0.151105  1.49559  -60.3302  -10.607  0.784272  0.897224  1.95862  -4.09538  6.42535  0.334017  0.561902  -5.69007  -0.615796  2.79945  -16.0099  10.598  18.4602  -22.034  -2.07364  39.1003  
0.635634  -2.34584  -2.65114  4.18311  24.0269  10393.8  1.06732  7.45551  -4.92818  -7.41832  -0.768458  2.40989  2.28102  12.5349  12.584  -10.0189  -23.3476  24.5293  -11.8675  -8.00558  -0.127951  7.01575  0.382991  1.32839  -144.121  -11.0434  0.405028  0.637766  -2.916  -1.44619  4.51425  8.30487  -0.383971  -1.25924  -3.64469  -0.812514  0.322329  6.75547  9.09974  40.2367  0.0436452  30.4686  
0.495545  1.00114  -2.40814  8.80974  -10.4709  -3696.13  1.93235  5.26199  0.807038  -4.70137  -4.07845  -3.40465  3.29012  -4.08672  9.78023  -18.4352  131.844  22.1099  -11.1624  0.378518  -1.64296  -6.33439  -0.0833171  1.75333  -145.032  -6.69501  -0.194683  0.240348  -2.99772  1.01001  0.645368  9.61295  -3.47863  5.71114  -5.34864  -6.17899  15.8721  -1.44286  -4.00407  72.7699  0.525542  11.9722  
0.179896  4.77883  -0.589885  8.97432  -28.5166  1767.25  1.80346  5.89881  17.7262  1.91162  -6.5193  -7.24105  -0.116068  -9.75175  -7.79872  -26.4801  221.635  9.48215  4.55853  5.22742  -2.18052  -9.19865  -1.47727  1.7603  -63.7287  -1.03483  -0.911502  -0.253265  0.568941  2.03566  -3.38092  5.06864  -6.70016  8.9817  -4.96869  -8.86908  12.4967  -5.14119  -8.44555  26.8329  1.93545  -10.5488  
-0.111228  4.76003  0.929935  -0.807114  -7.15252  34314.1  0.180633  9.67489  45.5453  10.0906  -5.94123  -4.58387  -3.78554  2.89018  -23.9958  -25.1454  43.6936  -9.88127  15.7563  3.99906  -1.84065  2.11472  -2.15387  1.1844  49.7227  1.99965  -2.05159  -0.406023  3.23961  1.39277  -4.92257  0.708133  -0.0468481  6.33569  -1.45296  -6.93745  -6.43292  -0.961967  -2.61002  -42.1809  4.86294  -23.4073  
-0.276369  1.42061  0.369419  -11.2152  29.5021  63330.2  -2.28361  8.52452  61.9232  12.627  -4.49609  1.43106  -3.19051  15.9492  -23.3859  -6.91169  -242.715  -24.8329  7.66998  2.92137  -2.75804  12.0494  -1.25765  0.648717  129.414  2.21969  -3.507  -0.0924256  2.35718  -0.0187539  -3.73236  0.639928  19.9772  1.21741  3.4952  -3.7518  -16.893  4.27074  3.21243  -53.127  5.28798  -18.0156  
-0.452658  -2.24665  -1.35535  -9.92672  36.2115  52185.8  -4.01572  -0.148531  39.0387  8.52456  -4.25415  3.60713  1.66455  11.9817  -8.97089  18.1752  -342.452  -22.64  -10.5887  5.64196  -4.91125  1.01168  0.787441  0.315495  116.495  2.11315  -4.27321  0.19966  -1.06086  -0.890161  -1.85902  2.62091  37.3984  -2.23686  4.30288  -0.802349  -7.14556  3.7637  1.58498  -3.16887  1.69394  -2.13387  
-0.691883  -3.35401  -1.77726  2.07613  1.25567  1500.79  -3.97633  -7.39206  -11.4228  5.16461  -3.30894  -0.0153229  6.02971  -3.1603  4.16583  29.3395  -192.248  -5.49886  -18.9177  8.88695  -5.56859  -20.3913  2.13496  -0.211928  21.4822  2.64706  -3.84717  0.0404977  -3.29539  -0.701303  -1.18414  2.79347  30.6141  -3.43576  -2.49364  1.52842  4.14238  -0.616118  -3.65711  37.4704  -2.32816  8.4087  
-0.736901  -1.17582  -0.629652  11.9097  -43.6015  -46540.4  -2.46423  -4.71739  -44.0594  7.10523  0.754653  -3.81726  5.18083  -10.7324  8.39166  20.4979  18.5361  6.19204  -10.884  7.93886  -3.23595  -22.8511  1.8743  -1.08008  -55.923  3.09154  -2.27956  -0.290569  -2.18188  0.0220078  -1.55986  0.704813  0.959864  -3.67078  -12.1096  3.70366  -3.33329  -3.33814  -4.97104  20.2404  -3.1129  6.34925  
-0.383796  2.68744  -0.258541  10.6057  -58.0478  -55506.7  -0.534887  3.54317  -33.067  8.16373  5.78142  -2.31821  0.174233  -4.26431  6.04303  5.31986  126.755  -0.550549  -0.266609  5.68209  0.381195  3.92543  0.770674  -2.03404  -33.4861  2.76363  -0.484887  -0.2497  1.73201  0.720061  -1.69575  -0.663837  -24.4133  -3.06451  -14.49  3.91301  -20.0459  -2.17418  -2.66669  -28.8425  -1.78206  0.115483  
0.111642  4.185  -2.09679  2.31202  -32.2289  -30447.3  0.97752  5.83049  -2.7188  0.626842  6.48875  2.03925  -4.05107  4.53029  2.94219  0.347302  140.048  -12.8588  1.04406  7.46684  2.65546  37.4082  0.21009  -2.58824  48.6284  2.99442  0.99196  0.136898  4.34764  0.958182  -0.786332  0.00947947  -24.5951  -1.29283  -6.41011  1.0446  -18.078  0.852159  -2.20956  -52.4878  -2.64817  -1.86664  
0.287003  0.718494  -3.59858  -4.45412  9.632  -6178.28  1.96423  -0.496187  8.35062  -12.7133  2.3525  3.36201  -4.28131  4.82545  1.25165  4.88418  127.791  -10.6028  -2.91583  10.7394  3.1392  49.3131  0.207486  -2.22904  72.9078  4.7859  1.79875  0.241054  2.44328  0.79993  1.01171  0.35324  -10.5079  0.209426  3.6327  -5.03498  9.23996  3.31946  -3.44719  -35.6814  -6.34113  -1.21938  
0.135206  -4.48198  -1.38113  -3.67495  28.6244  -3341.45  2.69633  -6.68631  -5.69862  -20.0843  -1.21305  0.561065  -1.91006  -0.670646  1.12864  8.28584  91.4284  3.87493  -2.69537  5.49764  3.5362  44.3768  -0.327033  -0.396401  21.1285  7.22598  1.83916  -0.216131  -2.32715  0.380834  2.85173  -1.75414  -6.07827  -0.0733915  5.50816  -11.3108  31.1314  3.29006  -0.98016  -14.1941  -9.00975  -2.85929  
0.194129  -4.29863  3.80415  4.16793  14.9675  -11467.7  3.37596  -4.9507  -22.2248  -15.0512  0.533706  -1.49336  -0.0328491  -2.92627  3.57829  6.2538  14.0176  10.5076  2.90356  -10.9133  4.73787  45.0533  -1.21939  2.72101  2.96343  7.46316  1.23656  -0.649546  -4.3666  -0.348127  3.66064  -4.1399  -16.885  -1.26729  1.06024  -14.1428  25.5398  -0.508547  6.48532  -19.2821  -6.80166  -6.66507  
0.804757  3.68513  6.97719  14.3558  -7.2345  -13340.9  3.87512  2.60943  -25.0658  -2.47971  4.96525  0.0914747  0.639999  -0.467156  7.47185  2.55312  -42.4224  1.90827  6.89297  -25.6654  5.49588  49.8187  -1.19499  5.7112  72.3141  5.04932  0.521229  -0.350252  -1.42905  -1.45511  2.96352  -2.73957  -24.0462  -0.760542  0.196497  -10.9863  3.80554  -5.72253  12.1402  -39.1547  -0.996351  -8.58532  
1.57526  12.0113  4.97541  17.7536  -6.06886  -10688.9  3.96849  8.68962  -19.049  8.9203  6.06657  2.44309  1.40196  0.685044  9.90048  -0.999403  13.0693  -4.84325  5.90686  -23.2689  4.42129  37.903  0.177455  6.80456  137.176  2.78867  -0.154098  0.549698  2.73192  -2.74512  1.37426  2.59404  -16.8285  1.40583  6.60263  -2.7949  -5.23349  -6.71006  10.2337  -43.5076  3.39436  -7.95808  
1.75453  11.6502  0.293997  8.98149  21.2298  -11758.5  3.60295  8.69635  -8.47468  14.7189  2.19301  1.27037  2.04986  -2.74832  8.86195  -6.85845  151.023  6.35785  3.62621  -5.76993  2.47082  2.55486  1.24935  5.6116  94.6885  3.55382  -0.700809  1.13463  2.73056  -3.37241  -0.041636  6.50192  -5.12965  1.64332  12.0228  6.74813  2.02337  -0.486996  3.91037  -28.9553  3.04231  -5.35161  
1.09402  3.36279  -2.2375  -2.84681  40.2678  -14459.5  2.86174  4.39507  6.30492  14.1358  -2.65907  -2.46094  0.970309  -6.74223  4.15199  -14.3375  218.381  22.6321  3.79841  9.03402  1.98554  -30.9334  0.207006  3.64062  -7.36247  6.00263  -1.35062  0.775574  -0.408984  -2.35005  -1.21717  4.4682  -2.58608  -1.79918  8.13351  11.1901  0.538306  8.23615  0.939829  -19.8934  0.00899303  -0.0141748  
0.159851  -2.99968  -1.35145  -2.69133  22.9746  -8214.04  1.76747  -0.481966  15.8773  6.82597  -4.86633  -4.66845  -1.85726  -6.00608  -0.442865  -17.2131  121.753  19.6158  5.51276  10.4392  3.40935  -41.3727  -1.8272  2.81566  -43.6307  6.00574  -2.07695  -0.115894  -1.45911  0.376473  -2.46626  -1.5369  -6.41276  -5.08186  -1.65073  6.5178  -20.4882  11.7934  2.87323  -28.6403  -0.115544  9.50515  
-0.341812  -1.50955  -0.0240301  7.45007  -14.1497  8118.88  0.277086  -3.73352  6.05053  -3.78943  -4.32456  -3.40097  -3.83293  -1.23037  -3.27199  -13.2847  -41.4231  -5.28985  5.88654  6.6384  2.60075  -39.7536  -2.44798  3.56815  -0.130893  3.42002  -2.66484  -0.640863  1.3947  3.61441  -3.20843  -5.20902  -8.3481  -3.189  -6.74295  -3.85491  -37.7752  8.53105  4.51562  -35.9901  3.53904  19.4927  
-0.308457  2.78833  -0.697381  6.03201  -32.3633  22467.2  -1.36909  -4.15628  -14.7375  -9.61604  -2.56207  -1.24555  -2.98151  2.73027  -4.16955  -9.48584  -93.3753  -27.3556  4.84455  9.98443  -2.63643  -45.8193  -1.16418  4.47572  16.2441  3.58209  -2.756  -0.473119  3.73912  5.32811  -2.07451  -3.50068  -9.78314  2.90812  -2.79531  -11.826  -27.2436  4.0721  1.60874  -19.7108  6.21232  22.3314  
-0.245646  2.14427  -2.34001  -15.2498  -22.0382  22006.4  -2.72866  -2.78951  -18.0965  -5.56551  -0.0645535  -1.08001  -0.0978846  3.07993  -6.43335  -11.8101  -9.01789  -26.2904  3.62758  16.5712  -8.08628  -55.0686  -0.11193  3.81459  -49.5721  8.65152  -2.0817  -0.115613  1.69176  4.31206  0.65643  0.079057  -18.0587  6.42882  4.30983  -10.7657  2.44971  3.21956  -3.42869  10.8004  3.43533  14.0086  
-0.565578  -3.40269  -2.51031  -33.7642  -14.1436  6814.36  -3.56266  -0.765424  13.5311  2.59835  2.09444  -2.5783  1.90463  1.84081  -14.159  -15.902  59.2964  -12.1512  2.51653  12.369  -7.81623  -47.0986  0.0361364  1.53073  -124.975  11.5768  -0.509388  -0.152613  -2.7053  1.17412  2.62198  0.613631  -26.559  3.30935  6.59867  -2.82982  19.4336  4.15426  -4.971  26.9999  -1.70272  0.311389  
-1.0581  -7.16218  -1.00553  -24.4538  -33.8007  -11473  -3.81423  1.32025  53.4038  5.35975  1.74345  -3.15591  1.94041  2.88835  -25.3661  -10.6915  -2.87083  -6.47298  1.56024  -3.03061  -1.90581  -16.6215  1.07846  -0.425231  -128.21  5.09125  1.67075  -0.551256  -4.76434  -2.2613  1.73611  -2.23963  -22.991  -2.27946  2.76482  4.68242  10.4295  2.94539  -1.27862  16.6903  -2.97598  -10.1617  
-1.13791  -6.26304  0.370989  -0.203911  -58.5554  -16186.6  -3.19903  3.14833  52.2349  1.38034  -1.13332  -0.948412  1.30329  6.92136  -33.2589  5.43081  -118.749  -15.3002  0.722236  -12.7495  2.21527  11.2637  3.61696  -0.406942  -75.097  -7.92153  3.37155  -0.780007  -3.1336  -4.21835  -1.05733  -4.10407  -8.23077  -2.98204  -2.77013  6.79966  -6.26291  -0.389392  3.36124  -4.98903  0.0209028  -13.3075  
-0.492005  -4.04745  0.540913  7.83107  -48.0651  309.128  -1.49491  4.3778  -3.54577  -1.36093  -3.20989  2.3384  1.45765  10.2587  -33.1089  19.3328  -146.2  -20.9963  -0.126622  -3.67246  0.315223  17.1152  5.62691  1.06105  -30.8414  -14.7322  3.71339  -0.417356  0.186942  -4.37769  -2.96604  -1.79627  7.78705  1.97264  -5.48991  3.37871  -5.1922  -2.63608  3.69572  -19.6784  1.30848  -10.0877  
0.583404  -3.41066  0.255343  -5.6924  2.56729  25234.8  0.456877  5.53674  -61.8575  1.91706  -1.94254  3.56135  1.80183  8.38533  -28.7938  16.7432  -67.3514  -9.60105  -2.00111  14.7363  -4.25916  11.5635  5.38146  2.29739  -18.4771  -8.65526  2.59604  0.502923  3.19144  -3.21572  -1.98241  2.82831  21.3996  6.00871  -4.93729  -2.66488  11.9406  -2.71679  -0.0573771  -24.9059  -1.85995  -3.66893  
1.49705  -2.13013  0.482958  -13.5001  49.8828  31747.2  1.20183  6.40929  -63.3286  6.39507  0.31907  1.89343  0.893607  1.75125  -22.1489  -0.699968  12.8672  13.0916  -5.04896  23.2427  -4.95184  14.9494  3.64296  3.05817  -14.1008  2.73449  0.858223  1.54852  4.80478  -1.30403  1.33872  4.59043  37.532  3.71542  -2.91556  -9.56997  21.6843  -2.78454  -2.76318  -27.6113  -4.36227  0.554065  
1.88317  2.15532  0.88152  -0.138741  52.1493  8553.63  0.604885  7.05947  -2.48574  5.58104  -0.469743  0.37062  -1.50489  -4.07748  -8.99477  -16.4844  48.5178  28.4207  -5.61922  15.0555  -0.3082  33.6932  1.9444  4.75814  -8.82221  7.74994  -0.681069  2.13049  4.81784  0.883636  4.73214  1.74154  45.7931  -2.21105  -0.850672  -14.7435  10.6964  -3.39302  -0.404549  -30.864  -0.718141  -1.62639  
1.71425  6.98706  0.622438  15.7432  12.4326  -21421.5  0.36822  6.33704  53.0311  0.692431  -4.13113  1.74021  -3.37671  -3.56817  11.8619  -14.9129  89.6377  27.0148  -1.78873  1.403  5.13412  49.6192  -0.904261  7.20565  -13.3153  4.12221  -1.77254  1.80103  2.54873  2.65522  5.88842  -1.04262  23.4425  -4.61582  0.869179  -17.4242  -7.17479  -2.15651  4.0669  -33.5568  6.44569  -7.41667  
1.1075  7.62317  -0.243163  12.5686  -31.5054  -26752.7  1.65031  2.25961  48.0842  -1.67969  -6.49904  3.72589  -3.31424  2.06998  26.376  1.583  160.448  16.8985  3.40394  -4.77148  7.33386  47.486  -5.43992  7.6092  -24.4682  -0.871585  -2.69958  0.65475  -0.279329  2.51939  3.64379  1.72713  -30.2878  -1.30425  2.93816  -19.0586  -14.7604  2.33401  4.18368  -34.6165  9.40056  -6.86094  
0.225488  3.92304  -0.710812  -1.77119  -48.6932  -7531.71  2.99378  -2.86015  -0.391119  0.227506  -5.43643  1.03866  -1.29649  6.05147  18.267  15.6724  190.825  9.51593  3.40861  -2.10789  5.80576  27.291  -8.54018  3.57783  -17.8229  -1.38138  -3.55625  -0.574324  -1.22566  0.158494  -0.716688  7.98748  -75.8355  2.3906  5.4303  -22.5701  -6.83702  7.00211  -1.35211  -31.9699  4.78873  7.14412  
-0.645874  0.682331  -0.288842  -5.88114  -35.9954  1769.48  2.01296  -6.03204  -25.7853  2.84144  -2.45722  -7.33203  0.744038  3.67204  -4.67437  13.4101  114.212  6.31983  -2.62724  0.609543  1.54806  4.6104  -7.19731  -3.06522  9.25372  0.491769  -3.68029  -1.07783  0.0225265  -2.59653  -3.85719  9.75171  -74.3471  0.967242  6.92312  -25.092  2.73614  7.36748  -6.76922  -24.0697  -3.6239  24.4406  
-1.14824  1.11071  0.481667  2.63591  -8.729  -19847.5  -1.17475  -6.00479  -0.595687  2.58978  0.649016  -15.4082  1.31283  -2.61498  -14.6918  -1.66426  -33.8348  2.35684  -5.85306  -3.14405  -3.07042  -3.97738  -4.40396  -7.60776  25.4452  0.987997  -2.46792  -0.74045  1.02059  -2.90252  -3.41425  3.17628  -33.7365  -4.09941  5.46149  -19.3414  5.21684  3.28072  -6.25403  -13.7161  -9.97639  26.3352  
-1.16121  3.38176  0.519395  6.98107  15.7227  -50603.3  -3.86344  -5.14955  26.6829  -0.275203  3.92685  -17.1941  0.214282  -6.72056  -0.0348259  -14.6787  -147.724  -3.2137  0.97931  -12.0106  -4.93983  2.58125  -7.19243  -7.53576  8.77242  -0.727402  -0.286453  -0.184378  0.69668  -0.174454  -0.18748  -5.17179  4.00426  -6.91584  1.18106  -0.477042  8.69209  -0.706786  -1.07409  -6.64279  -10.949  6.17291  
-0.98137  3.65134  -0.511355  -0.419748  24.3633  -50098.7  -4.03093  -4.83912  11.4698  -2.93409  7.19636  -13.2456  -1.41452  -6.11974  16.9605  -16.7476  -149.808  -3.80391  11.2893  -18.5708  -2.56143  10.4873  -16.0163  -5.04391  -30.3478  -3.23801  1.35357  -0.0869637  0.534377  3.08313  2.41375  -7.04947  13.7173  -4.7454  -3.0439  22.4553  18.8796  -0.896633  2.81481  -3.65354  -7.13479  -18.9201  
-1.01464  0.928705  -2.01979  -10.7096  22.9515  -14019.9  -2.39743  -2.77125  -20.3124  -3.47797  8.6567  -8.16762  -2.03544  -3.45226  8.10761  -10.7781  -45.9629  3.73269  11.8959  -16.5112  0.977563  4.16368  -21.798  -3.84167  -62.1761  -5.86025  1.39086  -0.54216  1.0073  3.19437  1.94386  -2.92401  7.39409  -0.691765  -3.84035  36.1005  30.2575  1.2085  3.88555  -0.298794  -1.53952  -26.2244  
-1.25764  -3.19216  -2.85008  -12.1383  26.2133  21367.1  -0.802724  3.73856  -13.3749  -0.6777  7.12325  -2.43596  -1.33114  -1.62751  -19.7058  -3.45829  78.8021  8.03083  0.514884  -7.13766  1.55459  -11.746  -16.9955  -4.64269  -58.726  -7.02988  0.0420746  -1.09685  -0.47494  -0.40111  -0.425137  0.00393336  3.618  0.999324  -1.11036  35.3528  28.9229  1.62194  5.65992  5.02038  1.36719  -11.9697  
-1.30325  -6.45811  -2.20118  -3.28579  32.3229  24151.5  -0.0238484  11.2376  25.8009  4.33236  3.96372  6.43049  -0.415876  0.171941  -33.9915  3.68978  109.315  -4.90704  -9.12063  1.47522  -1.86817  -14.0627  -6.26258  -5.07424  -23.3993  -3.76149  -1.21456  -1.28151  -5.57896  -4.45215  -1.89836  -0.532194  7.14079  0.251146  1.84057  30.77  13.8537  -0.161197  8.84818  5.14463  -0.205083  4.92194  
-0.839428  -7.17324  -0.384166  8.18334  20.879  1206.42  0.311822  13.9116  28.0686  7.97343  1.17949  16.6624  -0.571687  3.54348  -20.4046  10.8912  20.9489  -28.9898  -5.06478  3.40112  -5.44093  3.9902  -0.812669  -3.18428  14.8982  2.49227  -1.10621  -0.96707  -9.9753  -4.88259  -1.02214  0.159684  15.7968  -0.173913  2.00788  31.0202  0.93331  -0.483115  9.66305  -6.97106  -2.36264  4.08299  
-0.0874376  -4.14038  1.31594  13.9949  -18.0744  -18171.9  0.647286  10.3712  -30.9143  6.73057  -1.671  20.9026  -0.979505  6.96453  2.29725  13.6875  -52.3567  -40.0205  6.41811  0.118124  -5.3179  19.5813  -4.13505  -0.179902  20.0632  4.98508  0.38849  -0.410314  -8.53625  -1.09875  0.864317  4.22518  30.7068  0.743917  -0.936564  30.8492  -2.36971  2.78158  6.23325  -26.329  0.882481  -11.7992  
0.392924  1.60561  1.72188  10.3447  -56.6703  -25332.6  1.14561  4.90254  -84.9929  1.74629  -5.0729  15.2758  0.159077  7.19962  10.6204  8.02735  46.2039  -24.4966  10.1031  -1.70227  -1.84302  7.84843  -6.75647  0.524042  -6.17697  -0.17293  1.77783  -0.0163817  -2.00791  2.84844  1.46557  6.13389  44.4101  1.77337  -5.47439  17.8438  -4.98784  6.23436  2.80522  -39.2844  8.976  -23.2886  
0.276297  6.96576  0.891256  0.697487  -47.7834  -36608.2  1.72828  0.578696  -65.8778  -1.97988  -6.50573  5.14789  3.20732  3.64515  5.31797  -2.20828  237.475  -0.992646  2.5569  1.1709  1.47134  -19.6194  1.104  -2.51321  -34.0759  -5.01669  1.87342  -0.0345397  2.82054  2.28338  0.289256  1.18464  36.4712  1.04883  -9.50381  -7.99934  -14.3647  4.73196  2.8945  -38.9607  13.2649  -16.6787  
-0.256423  8.44741  -0.137703  -4.92407  5.82835  -61285.5  1.74453  -2.94185  1.26186  -1.76384  -3.78407  -0.834602  5.35009  -0.753386  2.80609  -6.699  231.289  2.48881  -4.82005  6.72492  2.72869  -23.8774  16.1518  -7.06968  -33.1865  0.647771  0.52231  -0.306092  1.57256  -2.38716  -0.99317  -6.11872  -0.1885  -2.13187  -9.84375  -30.2875  -21.3746  -1.44502  2.49547  -32.1651  6.43511  0.0538962  
-0.679298  5.71972  -0.624653  -0.650699  47.3422  -77476  0.44182  -6.67159  34.4781  0.0495965  0.423398  -0.540078  4.31802  -3.41596  9.13092  -1.99506  -100.555  -14.4373  -3.43178  11.8921  2.25358  4.52381  24.9318  -9.26491  -12.9216  12.1126  -1.12954  -0.343048  -1.90584  -5.54816  -0.553678  -7.27067  -38.5062  -6.42076  -3.84882  -33.5908  -13.1059  -6.41821  -4.98325  -29.9762  -6.48933  9.28412  
-0.5577  1.28344  -0.885402  7.14886  28.1349  -55635.2  -1.54461  -8.75856  9.96033  0.197313  0.938036  2.08399  1.93658  -5.17301  13.7968  4.09447  -485.399  -24.5466  2.57811  15.9409  1.04947  27.5869  19.7941  -7.38587  -2.35306  11.61  -1.87665  0.165579  -1.63302  -2.24855  1.3558  -1.36366  -43.4851  -8.45695  6.55461  -19.8353  7.51391  -6.10701  -16.8153  -33.2251  -12.556  5.12331  
0.0850339  -2.64086  -1.39406  8.41604  -26.6787  2294.34  -2.34169  -7.1714  -14.7655  -1.02066  -2.06106  4.0601  1.4827  -7.18524  7.8385  3.27977  -532.976  -7.11379  4.09671  18.1874  -1.26099  13.3332  7.4384  -3.31952  -20.6122  -8.32189  -1.48994  0.969053  2.13252  4.86543  2.73811  3.7673  -12.1133  -4.99536  13.2992  -5.37653  19.6344  -2.62584  -22.0659  -33.4506  -6.64523  -0.224179  
0.69355  -5.50931  -1.87461  1.93409  -49.6021  58959.9  -1.2595  -3.50672  12.0279  -1.50617  -2.80383  6.82416  2.59268  -8.46265  -4.44307  -3.3426  -212.266  27.1039  1.73036  16.6936  -4.97541  -9.8181  -0.167216  -0.0109757  -53.1501  -31.1425  -0.67389  1.38815  4.86477  7.9329  2.09299  2.09362  21.2436  2.798  9.60113  -2.57455  15.5822  -0.518135  -14.6288  -24.842  1.94779  4.90917  
0.622591  -7.15045  -1.756  -5.88441  -18.041  85441.8  -0.230895  -0.695515  53.9576  -1.1095  1.91893  11.3162  1.76664  -7.50831  -12.8031  -6.50774  118.885  51.5858  1.95527  10.5557  -9.02944  0.79316  1.23443  1.18662  -70.8468  -33.6721  -0.311365  1.01011  4.03518  3.2215  0.0405395  -3.46255  27.7925  8.46721  -0.441831  -9.40404  3.9469  -0.928354  -1.34888  -11.5094  2.29029  15.7662  
-0.147449  -6.79308  -1.30826  -8.82099  21.4587  84528.5  -1.26516  0.563939  39.8393  -1.17766  7.14852  14.7433  -2.4253  -4.8348  -12.4967  -2.62663  182.928  55.6131  5.40581  0.869846  -10.6054  34.7759  5.72378  0.90773  -59.855  -14.2107  -0.861705  0.162302  2.08731  -4.16656  -1.41355  -5.25974  13.4502  7.15423  -4.01888  -14.5448  -2.92264  -1.9563  6.12061  -2.97626  -4.15377  20.9162  
-0.802899  -4.44482  -1.08564  -8.67218  18.3333  73499.8  -3.18862  0.792334  -32.5101  -1.03861  6.12352  13.3201  -6.89803  -3.34365  -6.63269  2.78101  74.9283  48.3286  7.47913  -9.68033  -8.25486  39.3987  7.28091  0.310374  -32.5232  6.61287  -2.04479  -0.351996  1.72827  -6.50725  -0.965553  -1.3485  4.44819  1.91244  4.11759  -12.022  -4.41521  -2.63755  4.54013  -5.82837  -6.15172  16.2482  
-0.56637  -1.4968  -0.865806  -7.67925  -22.0378  53850.5  -3.03325  0.509892  -88.2174  1.86814  -0.233015  7.64983  -8.22523  -4.04928  0.139485  3.4113  39.8653  41.2721  6.04007  -18.0426  -3.65352  -1.05555  6.67882  -0.00526133  -10.0508  11.5459  -2.89446  -0.114549  2.10269  -2.92223  0.740758  2.5075  9.85357  -0.0242304  13.9063  -4.34862  -1.71676  -3.50771  0.62354  -16.4663  1.00989  10.3539  
0.324209  0.557208  0.0428424  -5.73687  -53.1285  17424.6  -0.326955  -0.31337  -61.1577  6.39863  -4.64367  1.7693  -6.24183  -4.58077  4.22276  -0.250492  127.236  35.0059  3.24677  -19.7853  -0.901669  -36.4919  7.54464  -0.0441017  0.62713  4.30025  -2.51709  0.471739  1.27995  0.438266  1.87138  1.38563  17.4991  2.79598  11.3014  3.41852  3.0632  -4.66311  0.630117  -23.3929  9.06487  7.01894  
0.788423  2.03542  1.4221  -1.93899  -46.4835  -24605.9  1.94641  -0.226957  26.7491  7.23301  -2.8988  -1.23151  -2.70817  -2.59585  4.37688  -2.80423  188.792  25.1666  -0.980298  -12.1692  -0.981166  -30.9564  9.49234  -0.388616  7.33988  -0.497359  -0.762469  0.60579  -0.74054  -0.687097  1.33598  -2.54607  11.4205  4.44362  -3.51103  7.46774  2.705  -4.8419  3.72977  -17.7291  8.82783  0.865434  
0.272148  3.74618  2.08319  0.170406  -14.1857  -42337.1  1.53066  1.4794  88.909  1.22124  1.6198  -2.03577  1.47304  1.15141  2.23377  -0.8441  137.045  10.9704  -9.09554  0.000418931  -1.31119  -15.039  8.24481  -1.70717  15.2013  3.5191  1.29924  0.0575692  -2.25421  -3.38605  -0.640511  -2.93504  -7.67575  0.724536  -16.1513  8.3006  -10.5071  -3.56412  5.36168  -4.4043  1.45178  -11.1015  
-0.521407  4.59394  1.39974  -3.57261  19.4515  -22955.4  -0.122182  3.02914  74.3064  -6.21361  3.40249  -3.06643  5.27833  3.55997  1.59043  3.38469  38.2371  -2.08194  -16.7758  5.93004  1.26993  -30.8722  1.69705  -3.66304  19.7575  10.5113  2.27138  -0.549757  -3.2329  -2.25447  -2.45656  1.98738  -25.3282  -4.06363  -16.4265  8.93477  -29.8588  -1.83872  4.1523  0.534034  -3.58135  -18.7338  
-0.586037  3.09959  0.16298  -10.6777  40.3987  8166.09  -0.330608  1.66732  18.0568  -6.69982  1.64194  -5.01855  6.03657  3.48431  3.81346  6.60121  -23.1186  -7.44705  -14.3429  1.26764  5.12953  -57.4448  -6.37512  -5.06183  12.0027  11.9451  1.55288  -0.50267  -3.71719  2.65168  -2.23585  6.6381  -27.3561  -3.58983  -8.41834  9.8109  -33.952  -0.123527  2.05049  -10.749  -0.808176  -11.6588  
0.0253456  0.0437922  -0.413749  -14.3862  41.9399  18708.5  0.842929  -2.52635  -4.31647  0.142883  -1.14472  -6.2058  3.5195  2.73055  4.23249  6.25346  -38.0428  -2.3828  -0.68067  -5.7812  5.3749  -42.7349  -10.0014  -5.51144  -2.88151  4.69901  -0.243115  0.128599  -3.90436  5.45593  0.0297006  5.57447  -12.7043  0.707263  -2.27743  11.3299  -10.6146  2.69673  2.06885  -25.4004  5.2771  3.85191  
0.312608  -1.55914  -0.251301  -12.3953  21.5045  5535.02  1.0227  -5.51619  28.7229  4.82015  -2.57875  -4.47477  0.812983  3.4104  -0.319888  1.47564  -30.1692  4.07289  11.0589  -3.58453  -0.0542779  6.6145  -7.59152  -6.25124  -6.59867  -6.56173  -1.56824  0.586677  -3.00051  2.50818  1.83612  0.48793  7.28733  1.79661  -1.4522  10.448  18.6643  6.26539  4.303  -27.1787  6.45897  10.9716  
-0.274134  -0.871306  -0.140091  -8.33116  -7.31915  -4235.68  -0.441238  -3.88191  64.1176  -0.00399438  -3.19982  -0.0476778  0.783001  4.27345  -7.19681  -5.65532  -7.67135  0.0174869  7.94254  6.71236  -6.4784  35.236  -2.98023  -7.91703  2.61042  -13.9104  -1.57671  0.307698  -1.47942  -2.55362  0.223315  -2.74538  17.6375  -2.27482  -1.58087  5.34152  22.4265  7.23957  6.18017  -21.7126  0.852026  4.82596  
-1.10981  -0.388444  -0.327384  -5.83385  -18.726  4383.45  -1.40462  0.414074  40.0538  -9.99287  -3.47217  4.16818  1.20877  2.92651  -8.66982  -10.4126  3.84511  -13.9612  -4.78004  12.8495  -10.2553  15.4111  -0.339412  -8.44412  15.2849  -11.985  -1.36471  -0.480092  -0.545777  -3.5571  -4.04874  -2.36438  12.3209  -5.76711  -0.0514123  -2.73038  1.21733  3.14449  4.4048  -28.2474  -5.55662  -1.62551  
-1.37701  -1.88458  -0.319472  -2.42727  0.491609  14827.5  -0.266904  1.86724  -36.1178  -13.9711  -3.29393  5.41007  -2.25239  -1.47029  -4.41778  -8.08355  -23.8191  -20.1573  -9.72595  7.36529  -12.3986  -10.3678  0.109655  -4.9537  19.7215  -3.35268  -3.78836  -1.24659  -1.33403  0.303498  -5.83375  -1.88511  1.225  -3.58961  1.51868  -8.64875  -13.3461  -3.22659  -1.74271  -45.5916  -5.60561  1.94469  
-1.16284  -3.7082  0.341859  3.97709  25.7305  7599.33  1.39834  -0.909013  -102.926  -6.79482  -2.78824  3.20773  -8.46013  -6.57513  -2.27552  0.183004  -56.1389  -3.55153  -0.0984831  -2.13694  -17.4294  -1.94886  0.533129  1.70821  10.5903  3.64769  -8.86644  -1.77736  -3.48773  3.70753  -1.26749  -3.26049  1.22937  1.69003  2.21632  -6.93424  -0.974121  -6.48903  -9.16657  -48.8269  0.23417  6.11266  
-1.09571  -2.77312  1.35626  8.57424  26.0907  -8987.29  1.05294  -3.26161  -111.734  4.9319  -2.84431  -0.216851  -10.5229  -9.34166  -7.17466  6.59073  -16.8423  25.6874  11.9009  -4.80544  -23.0286  22.7039  1.25555  6.86355  -2.68127  3.5876  -10.8911  -2.09271  -5.42166  2.28032  6.60075  -3.37841  16.4425  3.16501  3.50013  2.80094  21.3542  -5.21813  -12.6791  -25.0322  4.79261  -2.58545  
-1.20908  0.59768  2.12321  5.89513  3.77318  -13890.1  -1.08827  -1.58996  -72.1239  10.0416  -3.2676  -1.74395  -5.30714  -8.09939  -14.271  3.95347  95.7587  43.4888  10.7005  -0.567325  -21.0249  27.5828  0.273709  6.98906  -12.9103  -1.61966  -3.30887  -1.99201  -4.86669  -1.97658  10.0478  0.156226  31.7865  -0.665549  5.39503  15.1799  25.2051  -3.40083  -9.74559  3.45037  2.96376  -20.735  
-0.826626  3.07903  2.20905  -2.91736  -11.2325  -7009.56  -2.2867  1.58749  -29.2909  4.84407  -2.71944  -0.203409  2.23606  -3.27076  -14.0347  -4.96656  165.263  35.5864  -3.93844  2.23151  -5.56349  12.536  -3.08918  3.72418  -13.7321  -5.65576  11.7225  -1.12602  -1.01826  -3.77891  5.83772  3.57454  28.4128  -4.83545  4.77474  20.5242  8.83447  -5.0704  -2.77797  7.91951  -2.83399  -26.877  
0.314352  3.16886  1.27962  -12.2075  2.85807  -9967.79  -1.06585  1.27433  -4.4305  -4.53069  -0.544445  2.72193  5.20359  2.47482  -7.14504  -8.62455  88.0012  14.8191  -15.3783  0.497807  16.6818  2.52906  -5.61343  1.53081  -12.9949  -4.71442  21.9754  0.346166  3.31273  -1.74125  -1.00972  1.923  4.65554  -4.42739  -0.0148678  15.5139  -5.6954  -8.4946  3.3123  -7.70657  -6.29764  -11.2352  
1.48678  2.37856  -0.351165  -17.4678  27.0098  -27532.6  0.898135  -1.26467  15.8159  -8.81229  0.96161  4.25348  3.4438  5.37817  -1.84094  0.827165  -81.011  -2.39076  -11.7559  -1.64946  30.2206  0.348628  -3.63086  2.03322  -22.5593  0.109557  17.403  1.65205  4.0487  0.383647  -3.0142  -3.24794  -19.8834  -0.382622  -5.76909  2.94576  -6.19764  -8.28013  5.48642  -16.8964  -5.62966  8.16766  
1.86744  2.35221  -1.45669  -19.0009  27.6676  -33143.9  1.24901  -0.963458  41.2599  -4.37092  -0.889795  3.44547  1.94261  3.48073  -2.4443  16.6693  -180.428  -12.5285  2.37602  -0.986594  25.7563  -12.3861  2.14808  2.84286  -41.6094  4.18226  2.6942  2.18587  0.718128  -0.179526  0.520146  -5.18183  -26.5611  2.46156  -8.23765  -8.10226  -0.0194065  -2.42128  4.65552  -11.5024  -3.42673  7.69743  
1.5239  2.94874  -1.00282  -12.5328  -8.42545  -8020.68  0.116816  2.47084  53.7862  3.54268  -5.23673  1.59149  2.68824  -0.477708  -1.83886  23.9653  -115.329  -20.8904  11.2051  -0.574456  8.78987  -29.5992  7.20529  1.63322  -51.9057  2.5992  -7.75634  2.05641  -2.12473  -1.31423  4.05167  -1.36643  -16.2706  1.32487  -6.65691  -11.8803  -0.953985  4.45427  3.00557  -8.39269  -1.13241  -15.9226  
1.08108  3.28311  0.0433113  4.28481  -52.0645  25648.7  -0.590609  3.8857  32.9562  6.36424  -7.16509  0.269077  3.19457  -1.77878  5.32837  16.3746  43.1006  -26.5158  4.21887  -2.53253  -5.45326  -28.0645  8.16158  -0.873693  -38.1297  -5.97643  -6.51319  1.7171  -0.0933823  0.0899844  3.34539  3.26942  -5.10721  -2.15392  -4.26543  -6.69574  -8.12562  6.43471  1.85277  -18.9005  2.60945  -39.1481  
0.757369  2.4011  0.0684607  22.143  -61.7991  32231.2  -0.246307  1.51061  -5.59239  1.0179  -2.85611  -0.286781  1.39974  0.738839  15.3133  2.72089  140.513  -23.9658  -11.1179  -4.23244  -6.45828  -9.0867  5.76051  -2.34291  -2.96154  -15.9726  -0.293961  1.29581  4.87713  2.67589  0.0854414  2.96962  -3.23898  -3.71249  -3.40993  3.0887  -11.567  2.36283  1.81349  -30.4516  6.17053  -42.4182  
0.214321  -1.087  -0.667841  23.5176  -24.9508  13667.8  -0.243348  0.348708  -17.0944  -7.05678  3.88492  -0.895838  -0.819453  3.50946  19.5595  -3.45777  101.743  -13.6154  -19.3903  -2.72859  1.76802  -5.62328  2.52022  -2.2419  25.8011  -19.001  0.587073  0.618076  7.19387  2.70689  -2.14131  -1.45419  -7.22451  -1.61715  -3.53321  5.19813  -2.81907  -3.39477  3.6905  -26.8967  5.15168  -28.8442  
-0.590571  -6.47784  0.0242318  5.78824  22.5947  4830.71  -1.35097  3.47804  17.6183  -8.86404  5.23295  -1.25232  -0.768609  3.22213  15.4334  -0.80216  -13.5872  -6.44511  -13.6503  0.0838618  7.19125  -21.5943  -0.00906791  -2.14525  34.2765  -12.6588  -4.42919  -0.226441  4.89005  -0.432293  -2.36087  -4.61831  -5.47651  1.55392  -2.73235  -5.86272  12.9876  -6.19529  7.4168  -8.8961  -0.450898  -16.1939  
-1.13925  -9.23408  2.17139  -9.25366  32.0791  18322.9  -2.1568  5.85053  62.2534  -2.54085  -1.65005  -0.238209  1.25756  0.953487  7.96441  0.0436  -78.4781  -8.09837  0.0193445  -0.312172  2.37568  -22.4204  -1.74926  -2.85654  31.7097  -3.5008  -7.79979  -0.827815  1.41773  -2.94643  -1.80505  -3.95422  4.2729  1.60046  -1.23067  -21.2651  21.176  -5.44312  10.5188  8.87432  -3.58369  -13.6242  
-1.05135  -4.82932  2.41106  -1.43581  0.474125  24748.2  -1.02254  1.70678  66.6682  4.37771  -9.45117  2.32728  2.18728  -0.0848494  2.86854  -7.14703  -19.1648  -11.611  11.2233  -2.65502  -7.97419  16.4512  -2.6833  -3.14838  43.9297  1.32824  -5.53544  -0.98181  -0.6715  -2.17434  -1.12721  -1.67525  12.332  -1.91514  -0.560974  -24.3906  11.9688  -2.97068  8.67588  14.049  0.383762  -13.6193  
-0.644666  3.57924  -1.43022  20.6792  -25.458  -2554.29  1.32614  -5.43833  29.7326  4.62068  -8.90351  4.54608  0.803217  0.424456  0.0360476  -16.0174  128.438  -3.74632  16.8041  -1.93826  -13.7874  62.0825  -3.25923  -1.54126  63.9493  1.74492  -1.46361  -0.939757  -3.01139  -0.0259946  -0.0593262  -0.910765  9.19919  -4.81544  -0.845997  -9.06727  -8.23031  0.0487262  1.93894  2.83368  5.2308  -5.31119  
-0.418953  7.19815  -5.99023  28.668  -8.7475  -46472.3  2.59333  -8.19262  -1.90806  0.0640222  0.511885  4.59293  -1.71289  -0.235775  -3.13573  -16.3627  250.764  13.6964  17.2198  4.6959  -9.85599  61.3619  -3.43289  1.20776  65.7103  2.59761  -0.394433  -0.95189  -6.8846  0.0270552  1.1215  -1.35551  -1.25824  -2.6438  -0.690869  9.43417  -16.484  3.52848  -3.89301  -19.4666  2.57031  13.5596  
-0.411638  3.4295  -6.30805  11.0162  27.1321  -67713.5  1.72163  -5.42391  -1.13491  -1.45005  9.91449  2.46549  -2.63773  -3.37864  -5.49385  -7.99856  233.677  22.9396  11.6946  12.1267  -0.430622  14.38  -2.84072  2.77898  30.133  5.46902  -1.08118  -0.912331  -9.21612  -2.22949  1.92378  -1.2682  -3.72801  2.95596  1.58145  12.384  -2.08365  6.55513  -3.76581  -37.1368  -5.29937  34.7754  
-0.33611  0.595582  -2.84699  -9.18436  25.0872  -53812.1  -0.270149  -2.87887  0.160097  2.19101  11.6101  0.017439  -1.54547  -6.43804  -3.40656  -0.179037  48.3384  11.0754  0.516861  12.6925  5.85793  -29.4598  -1.33021  2.04897  -22.0892  6.64953  0.275037  -0.578321  -5.86798  -4.02956  2.41324  -0.502898  9.62343  6.09871  5.08174  -0.740467  16.4887  6.83832  0.0431695  -35.0075  -7.53865  46.0371  
-0.156717  6.59833  -0.474847  -6.14768  -24.0042  -27471.1  -1.94831  -3.22674  -32.1025  4.86365  6.48238  -1.31801  -0.0127098  -5.97216  4.47039  1.87075  -210.636  -13.797  -8.065  4.21069  3.46166  -28.3602  0.589575  0.36562  -54.1159  3.45232  3.46041  -0.0495233  1.29336  -3.15808  2.63314  -0.481455  25.1414  3.1694  6.87213  -15.5924  11.8037  3.31002  -0.360091  -14.3333  -0.5094  41.4454  
-0.0344471  16.1838  -0.107573  13.6582  -64.2956  -9898.35  -2.68493  -2.98605  -76.5906  1.52116  1.20222  -1.30007  0.223517  -1.84261  11.7062  1.46265  -383.33  -26.7643  -5.2522  -7.39132  -5.34585  5.98892  2.13282  -0.231464  -39.9343  -1.2161  4.38511  0.311589  5.68577  -0.455982  2.03483  -0.988798  20.0232  -2.69462  6.04185  -19.749  -15.1144  -2.22682  -7.87691  5.6956  6.13847  22.963  
0.158965  16.3692  3.02715  19.3223  -41.9455  90.7004  -2.11781  0.352832  -83.4556  -3.83561  -0.540597  -0.414094  -0.474637  2.63936  9.25767  5.00551  -362.313  -14.3348  5.06987  -12.818  -12.411  35.0777  3.1704  0.676611  0.535133  -2.9371  1.38988  0.398653  3.96382  1.78344  0.593693  -0.0570438  -9.64193  -5.52434  3.9341  -12.962  -31.1433  -6.16542  -15.898  5.99267  2.89916  -0.408335  
0.733256  4.01173  11.2738  -3.42491  21.533  12553.5  -0.0959366  4.20059  -42.9247  -4.86216  0.10818  0.473655  0.163322  4.86043  -1.61628  12.2539  -196.402  9.16967  8.68778  -9.10753  -10.1572  36.9389  3.99433  1.72345  29.0473  -0.880239  -2.34705  0.482462  1.30027  2.08952  0.138182  2.14546  -41.8915  -2.66529  2.14695  -3.19809  -12.6656  -6.08984  -16.0646  -13.2432  -6.36427  -19.9985  
1.4641  -9.20658  18.4456  -31.4818  56.2222  24566.6  2.3587  4.98709  4.68462  -2.25283  0.115952  -0.0156462  2.60022  4.95379  -9.42527  16.4433  -32.7696  16.5289  -0.773568  -0.793114  0.522964  13.0821  4.11865  1.66434  12.5465  1.34674  -3.08838  0.691184  2.89743  1.26134  2.18155  3.29177  -51.3485  2.59562  -0.291299  2.73082  22.6138  -2.74138  -8.5264  -34.6014  -10.7411  -30.6475  
1.61005  -11.2133  16.6271  -33.538  25.6373  23508.7  3.2813  3.54803  24.1584  -2.17662  -1.15325  -1.97509  4.33967  4.42639  -5.00421  13.0544  41.1653  -2.10153  -12.3476  5.9415  10.7053  -16.6349  2.86435  0.735476  -34.7627  0.429112  -0.896366  0.758631  6.4834  1.01971  4.98384  1.2143  -34.3404  4.78751  -3.42889  4.96065  42.5682  0.632509  -0.769721  -41.7322  -6.85363  -30.5276  
0.821802  -3.77615  6.6378  -9.93441  -30.614  6199.65  2.09316  1.35862  23.9009  -5.21973  -2.21056  -3.25922  3.09716  3.32975  5.31999  5.62786  59.9657  -27.7695  -10.7055  9.71556  12.4406  -31.8324  0.516272  0.0103844  -74.201  -3.4245  1.71332  0.364667  4.56084  1.95651  4.82038  -2.7143  -6.48911  1.36764  -5.7808  8.59378  34.3393  1.34324  1.41527  -31.9045  -1.7088  -19.4904  
-0.27417  1.61628  -3.10056  6.81819  -49.6731  -15204.3  0.569133  0.03555  27.745  -5.33085  -1.73804  -1.32725  0.323634  0.0793191  9.44629  0.435474  89.1124  -37.0356  2.45625  11.5662  7.26648  -18.1438  -0.453264  -0.0799072  -70.4406  -7.40917  2.63733  -0.309405  -3.62224  2.79115  0.979551  -5.7109  17.3048  -4.56472  -4.57505  17.4772  14.2614  -0.276156  0.58486  -15.7301  -0.0611969  0.0532971  
-0.738925  -0.812385  -6.63682  -3.98716  -21.6253  -22621.5  0.523977  0.534194  37.5239  0.111724  -0.112017  3.64478  -0.944703  -4.39102  3.79043  -0.28066  114.66  -24.8693  12.4703  10.7843  4.10217  10.5593  1.15951  -0.0876859  -36.9636  -10.0287  1.7281  -0.661904  -8.87662  2.42734  -3.03194  -6.32389  32.1704  -7.16693  -0.47868  27.8167  2.24087  -2.08503  1.34584  -8.90383  0.939531  16.3969  
-0.491836  -5.86473  -5.54807  -23.5614  13.7023  -10999  1.17284  4.30263  40.9733  5.74147  0.793614  8.19653  -0.0273594  -5.72024  -1.76578  -0.144404  86.3078  -7.89175  10.3289  5.36735  7.95958  24.3892  3.18744  -0.522363  -10.9706  -12.4694  -0.669693  -0.47158  -4.36633  2.30827  -3.72293  -4.64652  34.5413  -3.94032  2.79725  26.1561  -2.22926  -2.22666  4.26953  -17.8521  5.43481  17.3165  
-0.28838  -5.78334  -4.01675  -19.0742  22.6552  9081.24  0.494689  8.43623  29.469  5.66521  0.295174  9.45065  0.994523  -1.11432  0.734531  -3.11501  30.439  1.7512  1.77198  -2.38296  13.9298  10.8782  2.41728  -1.09677  -13.4182  -17.0543  -3.64871  -0.19975  4.18391  2.91188  -1.59209  -0.706502  21.4062  1.09706  2.90514  6.90876  -8.0634  -1.23081  5.3221  -31.7285  9.85061  3.94258  
-0.643405  -0.141393  -3.2874  11.7847  14.5563  21893.5  -1.47115  7.20993  5.55805  2.55614  -0.843775  8.02546  0.785984  5.30883  7.55492  -8.43486  16.9589  6.62379  -3.50707  -6.00893  14.2659  -11.3144  -1.26181  -1.08084  -25.2684  -22.4065  -5.26737  -0.403477  5.3559  1.29007  0.293638  4.69042  0.231867  2.1379  0.747738  -16.7285  -17.9152  -0.547996  2.35018  -33.2068  7.66274  -6.09845  
-1.24054  4.63261  -2.41959  34.3176  18.2188  19310.9  -2.41233  -0.81028  -25.4265  2.34381  -1.58578  7.11012  0.499057  5.91461  10.2402  -12.5963  33.9476  12.4601  -5.69961  -1.96268  7.66426  -17.6665  -4.13415  -0.336029  -12.6413  -22.8574  -3.64483  -1.04904  -2.68422  -6.22832  0.432331  7.97392  -14.6349  -1.14296  -1.93384  -24.1195  -25.8347  -0.426971  -1.80241  -20.13  -0.665651  -0.591835  
-1.60158  3.94668  -1.53736  24.03  35.68  5907.58  -1.26128  -9.38974  -44.6065  4.601  -2.12837  8.72034  0.862595  -1.00643  8.87542  -12.3801  -11.9357  18.4294  -9.76125  5.63556  0.622343  -12.8342  -3.32693  0.299939  26.887  -14.2749  0.481659  -1.71613  -8.98961  -16.5161  -0.161887  5.94714  -15.622  -3.68077  -4.42066  -13.0979  -23.1216  -0.264052  -3.1155  -8.72897  -7.75623  10.7079  
-1.84006  -0.469026  -1.44128  -3.52732  44.3569  -6375.56  -0.0620363  -11.4074  -33.6662  3.32329  -3.30196  10.3971  0.650675  -8.40031  8.63743  -7.87951  -126.866  21.0045  -12.8128  7.54754  0.331944  -13.8661  -0.361123  -0.0818734  47.3429  -0.599861  3.47907  -2.22624  -5.17599  -19.8829  -0.604869  0.306926  -11.9732  -2.23051  -5.85065  -2.48083  -8.34798  -0.388467  -0.42573  -14.0942  -7.67242  7.05323  
-2.24233  -3.75087  -1.68617  -13.6095  25.4549  -8721  -1.15252  -7.56165  7.98249  -3.59806  -4.57995  5.519  -1.49475  -8.74246  10.9635  0.430641  -146.883  18.3726  -7.26292  -0.325541  6.5801  -17.0296  0.48857  -1.15865  15.0401  8.55635  2.62655  -2.59132  3.66529  -10.6563  -0.511183  -3.67232  -16.0915  0.382086  -4.88181  -6.24131  9.7173  -1.59095  3.69695  -31.1963  -3.2551  -14.8001  
-2.40936  -3.97246  -0.987873  1.468  -10.9954  -537.743  -3.62453  -4.13349  38.4443  -10.6445  -4.90351  -9.40234  -4.07606  -3.47219  9.74284  10.4384  42.6797  11.98  5.95694  -12.267  11.3078  -4.37236  -2.20563  -1.65829  -55.3006  9.10414  -0.454212  -2.46033  5.94433  4.70201  0.939803  -3.83803  -24.6137  0.674655  -2.28156  -16.3963  15.587  -3.21891  5.70074  -43.3695  -0.354695  -35.6194  
-1.46975  -2.72003  0.74192  17.7942  -36.8382  9757.85  -4.2862  -4.64928  22.0738  -11.1627  -3.53358  -26.8996  -4.51234  0.236851  1.68664  18.8033  293.632  2.95008  14.8509  -17.4416  6.93339  20.0825  -5.40531  -0.823481  -97.4525  7.72957  -1.76049  -1.2175  0.479149  14.1583  4.44918  -2.68073  -22.6408  -0.715236  -0.344773  -16.0491  5.7028  -3.43396  4.3545  -41.1371  -0.273567  -36.407  
0.625113  -0.693504  2.14783  17.9644  -30.5811  12547.1  -1.85819  -6.282  -25.5719  -5.4429  -0.331579  -30.2846  -1.8766  -0.193604  -6.85886  21.7553  325.193  -2.30635  10.9505  -9.53497  -4.52015  27.7567  -5.17017  0.403272  -67.1468  13.4346  -0.00336918  1.01646  -3.35435  12.7301  8.03456  -1.84687  -6.70397  -0.888136  0.18722  -3.01963  -3.23182  -2.51333  1.53683  -26.7057  0.689945  -21.153  
2.68791  2.03432  2.28196  11.3621  4.07148  5619.02  1.4849  -6.2229  -53.1463  1.30535  4.02429  -10.7478  1.71105  -0.367887  -5.7049  17.5079  82.0504  4.71879  1.62427  5.29626  -12.0085  7.27875  -2.0249  0.662688  13.9568  23.6862  2.59923  3.08429  0.659974  5.98326  7.79992  0.325657  10.4497  0.24583  2.06353  8.47145  6.22111  -2.60316  0.926664  -6.557  4.19266  -7.55382  
3.50407  4.28943  1.58294  13.5554  39.6337  -1665.78  3.11629  -3.00549  -35.3351  4.76828  7.98262  17.1544  3.74124  2.5368  5.74129  7.04946  -175.188  17.8224  -0.932124  13.5491  -8.27031  -16.1971  0.511731  -0.0242533  66.0713  26.187  3.65637  3.86359  6.37125  1.52036  2.60117  3.60993  16.0747  1.26287  6.47553  9.29998  23.8233  -4.10901  3.69781  10.9344  7.07373  -2.44176  
3.11794  2.72999  0.897729  17.6316  44.5639  -1145.66  3.0354  1.64141  -4.35264  5.2673  9.16152  26.7449  3.53519  4.63345  16.589  -4.59992  -202.292  16.9433  4.92307  8.2106  0.617638  -16.4584  0.943067  -0.386059  38.1561  14.1491  4.03512  3.42844  4.51865  1.03642  -3.6169  4.10834  13.947  2.87859  10.5396  6.60514  21.0378  -4.43401  7.76581  16.1608  5.04131  2.35676  
2.42039  -2.26373  0.479352  8.03836  15.904  2623.85  2.85923  5.07983  12.2924  6.31797  7.09448  9.10463  2.49009  1.94424  17.008  -12.5524  -86.2039  -3.29783  7.85301  -3.05217  3.71415  -5.65281  1.51358  -0.211973  -28.0715  -3.28108  5.65308  2.63637  -3.36759  1.97433  -6.56468  0.95301  16.6983  6.41888  10.2511  10.2662  -9.78425  -1.72144  8.97506  8.01868  -0.309299  12.8644  
1.8632  -5.05013  0.185162  -9.94598  -16.5663  -999.365  2.93375  2.25945  18.7116  10.0347  4.83516  -14.1673  2.34526  -2.1107  8.87258  -13.3342  -122.114  -15.2614  -0.188496  -5.7849  -0.673233  -12.1735  4.54461  -1.02725  -33.7506  -11.0589  7.99445  1.94531  -6.68893  2.61383  -6.68788  1.36682  28.8116  9.37951  7.32119  21.6266  -38.5355  1.0585  6.45352  0.828609  -3.47979  22.3964  
1.20391  -0.879273  -0.0175076  -15.9297  -21.8274  -15102.6  2.21517  -7.84954  41.0809  15.1592  5.79974  -17.284  3.41879  -1.38222  1.49613  -7.71448  -395.419  7.42984  -13.9975  4.70327  -4.09783  -44.7288  8.68038  -3.70035  55.3624  -4.70697  8.55636  1.17228  0.153667  3.39237  -7.06823  10.9307  39.3852  7.52645  6.18268  31.2891  -33.2071  -0.0303186  2.59169  8.21824  -1.58578  20.7309  
0.408738  6.50605  -0.0424459  -5.72141  -4.50967  -26970.5  0.636948  -17.7325  64.0087  16.2552  8.22548  -2.5842  4.18258  3.40023  0.163497  -0.620776  -620.819  42.2839  -21.2352  16.0137  -2.29684  -67.5717  10.5662  -6.02611  150.886  5.03013  6.1483  0.343515  9.34998  4.02116  -7.53715  21.4297  36.5837  1.65486  7.07635  29.9462  -3.54979  -3.68721  -0.249629  20.3709  2.39393  10.3903  
-0.0289245  7.85829  0.057442  3.09704  2.50622  -21511  -0.412545  -15.4984  49.2685  8.49153  7.00825  5.73616  3.01465  5.06979  1.36863  2.01487  -448.578  40.0097  -15.3515  13.0028  0.475608  -49.2435  7.50605  -4.57387  128.394  5.11068  2.36269  -0.0342948  9.33593  2.86381  -4.32666  17.1473  18.6814  -2.08481  5.17978  17.0545  14.4576  -4.09869  -1.90232  11.1682  3.21951  0.392072  
0.102628  1.01241  0.334106  0.374146  -14.1216  601.867  -0.251856  -0.936506  -11.7245  -6.90012  0.628773  -3.03503  -0.326478  0.835298  1.24349  -0.427885  116.104  -11.3231  0.305876  -5.71879  0.242642  8.55016  0.78777  0.875874  -21.8134  -5.94585  -1.17113  0.209547  -1.91591  -0.34565  3.58105  -4.31263  -8.09069  -0.996055  -1.37608  -3.61291  6.56787  0.496254  -3.23847  -24.9612  -0.066465  -4.3177  
