0.201178  7.06966  0.952539  -4.07599  0.863151  -0.700631  0.237605  0.565324  0.13549  -0.856644  -0.280445  2.39683  -2.3485  -1.7245  32.1276  1.95477  -1.54555  5.8463  6.9922  -27.868  1.28878  -2.9032  -2.4846  -7.55074  -4.27837  -2.93042  -5.85464  1.46477  1.17089  1.46031  3.10999  -8.94017  -0.510161  2.15086  -3.40697  -4.05093  16.879  -1.72778  2.46819  4.43729  7.02694  -1.35127  
-1.09851  -10.9497  10.7541  -1.68118  -4.8156  1.45392  -1.08361  -2.00533  -0.0128935  17.4165  7.69683  93.1777  4.64763  1.45589  40.0459  -6.52669  0.247101  -3.85979  -29.9233  31.4869  2.479  1.49241  8.61318  3.54063  -1.5847  -11.3579  8.06416  -23.8639  -3.32387  2.20121  -5.63548  85.8285  -4.5441  -5.43701  6.71239  18.827  -142.298  -15.4163  -8.3834  -29.4182  11.7826  0.477266  
-1.96245  -20.9369  12.12  -1.4207  -4.40776  0.284113  -1.89023  -8.08778  -2.8699  19.0071  7.51246  228.933  6.48954  1.72872  50.3163  -9.56262  2.57122  -12.6835  -34.544  50.9295  0.677762  3.54651  13.4586  6.56155  -11.1987  -16.8259  15.7992  -39.7676  -4.98714  -1.07704  -13.7872  116.64  -9.48665  -6.61773  5.48772  36.033  -196.472  -12.7823  -7.91021  -34.5807  -0.417036  2.64476  
-2.13029  -24.8494  8.72295  -0.0541696  1.41169  -2.35598  -1.98644  -14.9342  -6.05098  5.91343  2.54403  332.974  2.79353  -0.668889  38.4477  -6.90636  4.27012  -19.4936  -14.0705  24.7609  -3.01722  2.66581  11.9997  0.0320777  -24.8688  -14.8539  15.3507  -42.7809  -4.16029  -6.55881  -19.616  79.0113  -9.2845  -1.96064  -0.906164  32.1502  -133.178  3.64583  1.41965  -15.5202  -26.0224  7.42893  
-1.55664  -28.0448  12.0197  4.27307  6.09981  -2.21041  -1.43716  -14.9544  -5.07456  -6.54005  1.33289  299.317  -1.8856  -2.84651  -26.0924  -2.61709  3.01869  -20.9544  1.82092  -15.8404  -5.10086  0.964456  8.85591  -9.85257  -27.1135  -4.56876  8.60624  -35.8691  -3.28042  -8.57563  -20.0665  20.184  -0.376721  2.6721  0.937229  -1.182  -31.6392  18.6832  8.261  0.373974  -40.736  12.7475  
-0.45454  -29.5643  24.1694  7.99851  4.73837  2.10766  -0.438154  -3.94954  -0.200866  -8.14482  3.94422  155.138  -2.49815  -2.66163  -130.598  0.0847545  -1.26686  -14.9658  0.392275  -28.8571  -4.71853  0.470816  8.25084  -15.6164  -16.4162  7.20185  -1.45937  -22.2906  -2.93998  -5.39285  -14.4625  -22.2488  4.35232  4.1095  11.2608  -40.458  17.08  25.3153  6.53911  -0.626989  -25.6583  11.8474  
0.674241  -19.0148  30.2352  5.69993  -1.15206  7.06351  0.62211  10.1884  4.14476  -2.41117  4.59938  37.0645  1.08732  -0.257425  -206.216  0.752382  -5.48473  -4.67453  -4.08201  -5.28208  -3.72223  1.34955  7.89854  -15.9557  -6.16182  12.1515  -9.66957  -6.12421  -1.42293  -0.871656  -5.81781  -42.8223  -9.33606  3.97047  16.5321  -52.2139  -12.3484  29.2388  1.08105  -7.16355  8.02783  2.01247  
1.20831  6.05652  19.1872  -0.388958  -5.48296  8.0689  1.15889  15.719  5.17992  1.55597  2.4813  17.261  4.59727  2.732  -165.188  0.263509  -6.16286  4.54314  1.56091  22.776  -3.24575  1.83746  3.38156  -15.7788  -4.48166  9.64853  -11.9869  8.994  1.80592  0.932477  -0.09813  -43.6306  -30.4253  4.16865  10.1173  -33.6172  -57.8585  28.968  -1.95427  -4.60972  30.4265  -8.61918  
0.846776  28.6769  -0.209714  -4.11175  -3.89226  4.69281  0.799229  8.38304  4.06504  -0.319133  3.4343  37.7087  4.68282  4.04351  -6.95494  -0.688461  -3.34516  11.984  12.5134  13.7423  -2.55685  0.842351  -3.19784  -18.8168  -3.30036  6.41566  -9.32973  18.3061  4.04512  0.608025  0.480519  -22.5617  -27.996  4.36567  1.86887  -12.1079  -47.6236  15.2438  -2.35478  4.69077  23.3049  -12.1835  
-0.0537598  29.8324  -5.68857  -4.70459  2.2499  -0.370597  -0.135656  -3.15432  2.52308  -5.90599  6.40208  30.0123  2.57882  2.37377  160.186  -1.32815  -0.371995  19.0872  18.3069  -32.9816  -0.817734  -1.20117  -3.08624  -21.302  5.73949  6.99824  -9.62139  18.6583  2.44659  0.81536  -0.750893  7.67879  9.00605  3.54415  2.28073  -6.78365  21.3899  -15.6314  -3.59692  8.59214  -0.86744  -10.2052  
-0.743369  12.7793  5.85623  -7.41115  6.66567  -3.7585  -0.828219  -10.1352  0.559028  -10.214  4.76915  -0.0686421  0.940655  -1.54631  208.536  -0.915066  -0.0150279  20.8086  18.8643  -68.9026  1.28179  -3.49928  3.61663  -16.1373  17.7634  8.96704  -16.5079  14.5858  -1.73699  2.32091  2.38266  17.6508  49.502  1.42396  6.94744  -4.37009  74.5212  -42.795  -6.16873  4.14628  -16.9907  -11.5485  
-0.752182  1.61137  15.8223  -11.8917  4.34349  -4.4591  -0.758914  -12.0939  -1.51963  -9.42945  -3.34054  -17.1311  -0.215519  -5.14397  113.035  -0.0500363  -0.578805  8.85893  16.1553  -52.0842  3.31545  -5.44102  5.01274  -3.22701  19.8098  8.38849  -21.8545  14.9009  -4.32884  3.40158  10.7743  -17.0181  53.1143  -0.983621  4.6395  12.274  42.3984  -40.9966  -6.48349  0.152705  -15.5009  -16.2438  
-0.294033  8.7343  5.01498  -11.9124  -3.20175  -3.86815  -0.205525  -11.4956  -2.15162  -4.16781  -8.75257  -23.0112  -2.78918  -6.32934  -28.8573  0.299864  1.60612  -11.5859  9.3376  -0.283214  5.48622  -5.92735  -7.82593  7.77015  7.07927  5.42416  -14.1217  21.1263  -3.2317  2.36468  18.328  -69.3131  20.866  -2.5761  -4.82444  38.5157  -49.402  -13.8778  -3.64869  3.46531  -4.38101  -12.7858  
0.0268532  17.0542  -15.5092  -5.31935  -8.9479  -3.57395  0.133345  -7.01146  -0.853877  -0.074246  -2.65655  -36.8544  -5.75954  -5.63672  -93.2176  0.390638  7.14728  -18.1157  -3.01242  26.9084  7.08706  -4.86851  -23.627  7.6456  -13.717  3.12889  2.85362  23.7072  -0.520368  -0.199054  17.5402  -83.957  -7.90953  -2.87927  -11.4159  51.1239  -95.4302  5.93497  -0.308234  9.67885  8.10172  4.4781  
-0.187067  5.20228  -21.399  1.75901  -7.58691  -3.90905  -0.147065  1.21086  0.189356  -2.81494  8.47275  -42.6278  -5.32231  -4.29844  -59.5669  1.64361  11.8697  2.9  -13.672  6.36201  6.56693  -4.06622  -22.1939  -1.00753  -28.6558  2.27828  11.5378  14.8569  0.900044  -1.95469  8.20068  -39.5319  -8.56118  -2.32001  -10.0687  37.9718  -39.9536  0.914239  1.8639  10.5632  17.7214  24.313  
-0.724458  -18.3898  -5.9476  2.96188  -0.976763  -3.62782  -0.7701  6.72837  -0.875077  -9.24777  9.96852  -13.4645  -0.691918  -2.41536  -5.341  4.03194  10.2512  32.5394  -14.3307  -16.5706  3.52758  -5.28896  -2.57366  -6.42895  -26.1601  1.30684  3.30284  0.230697  1.04326  -1.09574  -2.15082  33.448  2.96625  -2.00037  -6.34637  2.44694  47.9314  -14.5429  5.20436  6.04222  18.8965  28.5032  
-0.967894  -22.5564  11.1423  0.733777  4.66768  -1.26777  -1.07349  2.95998  -2.62244  -9.70585  -2.9412  32.1578  2.88829  0.948911  11.7576  4.68604  1.47769  37.9266  -3.56267  10.1612  0.200793  -6.761  12.8373  -2.2065  -8.05553  -0.773763  -9.57691  -2.87392  1.71453  2.08628  -6.46485  89.1936  0.316463  -1.93999  -4.80152  -38.4566  56.2951  -14.1791  11.8935  3.83533  6.20604  13.1881  
-0.458686  2.34255  9.22161  1.31781  6.15011  2.66495  -0.597588  -3.86953  -2.28388  0.560142  -17.2657  47.3137  1.09581  5.10833  12.6574  1.90556  -9.43577  10.823  9.63994  64.3679  -0.962361  -4.39778  7.52304  4.85083  8.91614  -2.54077  -6.26833  8.54575  3.21937  4.48771  -5.58633  111.826  -14.0292  -1.33043  -1.50545  -64.8716  -26.3287  -0.573987  17.2872  7.54265  -12.8457  -7.28805  
0.565367  28.8623  -7.20157  5.06301  5.55541  6.08535  0.428582  -3.24296  0.280961  13.0387  -17.1599  20.8426  -3.23192  7.99636  51.1047  -1.98496  -16.2043  -19.3819  17.8865  73.7539  -0.218379  1.69656  -8.70737  3.89902  7.02879  -2.24619  14.9199  16.7761  3.56351  3.25187  -6.12778  102.34  -19.7249  0.0366262  6.94248  -62.8997  -98.3243  2.11355  12.8334  10.728  -17.3598  -15.9032  
1.28047  27.181  -18.7874  7.77817  5.29915  6.39692  1.19068  2.89116  2.66599  15.9336  -0.897621  -4.36342  -3.29302  8.13126  115.707  -2.72361  -16.5482  -21.1563  14.6558  10.2411  -0.524737  5.41875  -14.389  -5.70517  -9.22358  0.281445  34.457  5.11734  1.84546  -1.11153  -10.7833  60.8619  -11.2177  0.534876  13.9097  -35.5059  -72.6085  -11.8287  -1.89562  5.37827  0.0797713  -9.04671  
0.983881  4.26755  -14.8789  5.77106  3.87889  3.18296  0.94672  2.27296  2.985  9.07286  15.409  8.28421  1.93056  6.5035  130.088  0.346957  -12.6114  3.68121  0.577711  -68.1302  -3.01117  2.63949  -5.14584  -13.7107  -13.745  3.10074  32.3863  -19.2292  -0.449444  -3.93596  -13.5239  -6.66912  -4.32681  -1.34219  10.4958  -3.46412  16.472  -18.8847  -13.9642  -6.65547  18.675  1.28131  
-0.170605  -6.70873  -0.925538  0.0954519  -0.77836  -1.37441  -0.218334  -6.94734  1.63482  4.8764  15.7901  43.2495  6.21709  5.00018  49.9196  3.32052  -6.8666  23.7326  -14.9861  -92.6948  -5.65504  -2.95303  3.74243  -11.9911  6.54396  4.01236  8.308  -29.5927  -1.47141  -2.19667  -8.15732  -67.5829  -7.29452  -3.61734  -0.984172  13.1945  69.0855  -1.63285  -9.00683  -16.0233  13.3645  2.21498  
-1.27478  4.92967  10.7338  -5.87171  -6.57309  -4.31214  -1.40115  -10.2599  0.138852  10.4699  1.45305  58.3578  4.43958  4.99619  -66.9727  2.50429  -0.787699  15.2813  -19.8169  -63.4944  -4.80545  -3.93499  0.615057  -4.60324  29.9194  2.32894  -19.0005  -19.0919  -1.28293  1.77908  2.65853  -82.5949  -9.3735  -3.57782  -8.92819  13.7571  41.3763  21.2149  10.7198  -17.533  -15.8267  -6.22817  
-1.49277  17.6863  12.1283  -8.04199  -8.40891  -4.41183  -1.66423  0.198481  -0.680894  15.6915  -10.7598  40.9428  -0.24137  6.21228  -107.515  -1.00121  3.40907  -14.451  -13.3603  -37.6786  -0.314002  -0.0867669  -8.57672  -1.94417  23.5829  -0.312477  -30.2822  -9.7836  -0.948388  2.26814  8.48491  -50.6451  0.92883  -1.52101  -6.73907  16.7233  -16.914  14.3038  26.1892  -13.7559  -38.0139  -15.214  
-0.789026  9.04435  4.48344  -3.89731  -4.73281  -3.05848  -0.886265  12.2976  -0.421178  6.55226  -6.90906  12.9491  -2.02859  6.72279  -34.3464  -2.92661  3.58758  -37.4862  -1.86268  -44.4321  4.27925  2.80575  -11.4665  -7.88885  -11.3194  -1.40917  -23.6387  -22.7253  -1.00717  -2.21512  3.66469  -25.4281  18.0106  -0.279859  0.587238  28.0679  -45.382  -22.4677  22.29  -6.72913  -27.9623  -16.1956  
0.212715  -10.7862  -3.11797  4.90442  0.249635  -1.25034  0.26425  8.87631  1.04471  -12.4019  7.5744  1.55905  -0.397251  4.06063  74.5744  -1.39007  1.87516  -34.2471  7.94828  -51.0118  5.09826  0.898971  -5.64093  -16.9807  -37.2082  -0.463339  -9.29426  -43.0875  -1.12365  -6.83624  -4.0661  -35.6292  26.8138  -0.435799  4.33984  28.8127  -37.4471  -47.0695  5.95641  5.80511  3.18041  -9.73015  
0.935968  -15.1787  -2.49008  10.9105  2.08644  1.48256  1.06837  -5.84154  2.84366  -18.1905  17.3236  7.92108  0.310869  -1.35628  102.563  1.05199  3.95567  -9.31719  13.8388  -28.347  2.12475  -2.59838  0.736216  -22.405  -26.094  0.701408  0.10791  -38.9208  -1.24685  -6.40715  -3.85144  -43.9959  21.0255  1.30449  2.66677  -0.331712  -23.3945  -20.2628  -3.5294  21.4912  24.1439  -0.447418  
1.24635  0.906329  5.59557  7.65149  1.12544  5.52603  1.31732  -10.9243  3.31474  1.23167  14.6577  14.233  -2.68088  -4.8851  12.1465  1.13857  10.1315  16.7764  13.278  5.09473  -1.22141  -3.83221  0.799954  -22.7458  5.53673  0.561223  3.15971  -9.72793  -1.1939  -1.31542  4.73194  15.1489  8.80843  6.29536  -0.18962  -43.0108  -21.2061  47.2134  0.0836186  28.7704  18.6989  7.64411  
1.24918  17.7245  11.0082  -0.599435  0.909987  8.31855  1.20556  -0.275538  2.0088  27.0392  5.59723  13.3629  -6.87896  -3.21507  -95.9787  -0.616489  11.3253  27.3901  5.06703  10.9407  -1.9289  -3.23681  -3.78594  -20.7995  17.9499  -0.237373  4.82605  11.0379  -0.688329  3.35048  10.8517  129.221  -0.726175  11.3897  -0.470362  -56.4567  -22.3229  101.22  4.9861  19.1729  2.30388  13.8528  
0.997328  16.6513  5.84268  -3.8607  1.98518  6.20532  0.951857  9.58394  0.312542  29.1641  -0.869137  8.13858  -9.35105  -0.772035  -93.6399  -1.36111  0.878847  24.0902  -2.99861  -14.3009  -0.154181  -2.90433  -6.18128  -19.1314  -0.372513  0.146817  8.35668  2.16057  0.454795  4.1128  8.3795  201.962  -6.09142  12.1248  1.78886  -18.678  -12.4496  99.3033  0.171496  -0.00637239  -1.35669  16.0514  
0.494887  2.93569  -3.42958  -0.114215  1.2274  0.237675  0.622833  4.44361  -0.459263  3.34984  -4.67938  -0.108662  -10.098  -5.76449  47.2648  -0.26778  -13.0488  19.5672  -2.44055  -32.8099  1.51962  -2.38554  -2.30046  -19.2583  -23.3632  1.61969  11.5415  -13.9695  1.54661  2.15199  3.74791  153.586  -10.1433  8.87457  3.42733  39.2376  9.49425  47.5274  -8.77352  -12.0933  8.82878  11.6088  
-0.153511  -6.42746  -3.71345  1.95526  -2.92212  -5.09016  0.203361  -6.78881  -0.782041  -23.5949  -10.0876  -11.0608  -9.9439  -18.0689  196.602  0.237351  -14.7717  20.8618  3.2095  -16.529  1.66224  -0.2749  4.45465  -21.6725  -23.6975  2.24333  11.1091  -1.24281  1.44687  0.304351  5.06233  25.3337  -13.4046  5.28023  1.56276  58.6651  30.7662  -9.80041  -10.1151  -8.11424  15.1467  2.24698  
-0.781415  -3.78874  5.75441  -4.80537  -6.18482  -6.50093  -0.337156  -5.69629  -1.71777  -27.5513  -15.8438  -18.6329  -7.62122  -26.3814  208.622  -1.48386  -2.45052  24.3676  1.04358  15.0103  1.09468  1.45036  6.85244  -24.562  -6.22629  1.16834  6.31816  40.2128  -0.0117876  -0.565101  9.99692  -73.0728  -14.8165  2.53581  -3.18014  22.0002  41.933  -35.3648  -4.21271  6.5522  8.5883  -6.38136  
-1.29316  2.71964  11.3541  -13.3904  -2.90319  -6.26444  -0.992046  6.13888  -2.54562  -13.7391  -16.3251  -11.5682  -2.74274  -20.9592  74.5752  -3.37834  6.77468  22.3791  -9.67381  23.3608  1.11273  -0.482167  1.22185  -23.1574  5.09746  0.11738  0.330583  73.5799  -1.54801  -0.949758  9.05687  -85.6106  -13.3597  -0.671245  -6.33612  -29.7082  35.7618  -29.6832  -1.59748  19.541  -0.60128  -9.43642  
-1.58607  4.19935  2.90502  -10.8501  5.80286  -5.68059  -1.54275  11.6966  -1.95354  -3.25106  -9.97144  10.7387  1.92564  -6.95038  -78.509  -2.43433  -1.39818  12.8478  -15.019  -2.54513  1.63609  -4.79579  -6.87672  -15.0557  4.13727  1.06231  -4.23736  67.7041  -1.73134  -1.51412  -0.31513  -52.2337  -9.28646  -4.58112  -4.18683  -42.2083  10.4381  -18.7688  -4.69653  20.7482  -2.22165  -7.30962  
-1.43517  2.59045  -10.197  3.07105  11.3659  -3.1569  -1.5382  2.20477  -0.4225  -5.19239  -2.75937  28.2165  2.95468  1.59824  -125.98  0.91475  -19.0527  1.34322  -7.29818  -34.5025  1.41152  -7.2856  -9.45714  -4.51897  9.80345  2.95955  -7.93336  32.2429  -0.295842  -1.87263  -9.38564  -37.085  -4.10215  -6.86101  0.391758  -10.5006  -24.178  -22.1036  -3.77401  7.24997  -1.48864  -3.32583  
-0.656739  3.15214  -13.8652  12.7713  7.10001  2.67208  -0.6942  -8.98349  0.170471  -10.8119  -0.593456  25.8979  1.1937  -0.224084  -83.9728  3.31438  -25.5745  -5.37114  1.87499  -35.5464  0.125844  -6.0855  -4.71011  1.91279  35.202  3.06968  -10.2725  2.71008  1.55664  -0.98958  -10.4814  -48.3301  1.48257  -6.80968  1.18414  21.2228  -52.7373  -33.3788  6.47184  -13.7906  -6.11515  -0.298073  
0.557985  6.21962  -8.26487  4.38569  -3.30106  8.77774  0.658288  -7.21563  -0.195662  -10.0657  -2.55421  10.3546  1.31773  -3.78392  -58.5426  3.31643  -12.6841  -6.00604  -0.00339395  -7.4055  -0.866858  -4.05469  2.3998  3.65706  63.7651  0.787286  -9.5535  0.624467  2.24524  2.26286  -5.73365  -43.7727  5.53309  -5.83089  -2.42246  16.1959  -54.0357  -31.7763  17.6585  -27.5724  -10.9783  1.71104  
1.59456  4.77671  -2.73162  -15.1277  -9.54815  11.119  1.68496  2.74676  0.23348  -3.11158  -2.64905  3.9442  5.53292  0.0736375  -90.6255  2.72624  6.89004  -3.74697  -6.87892  18.3195  -0.21712  -4.14309  6.11842  4.93734  63.5367  -1.07435  -5.97418  15.3596  1.56485  7.33986  -1.73435  -12.0513  5.41168  -4.39149  -3.97872  -11.1489  -20.044  -4.67422  19.1376  -23.8155  -5.73368  3.11017  
1.83869  -2.18106  2.39318  -25.182  -6.39395  10.0949  1.73861  5.4415  1.82344  5.32728  1.02533  14.7354  10.1568  8.39353  -112.717  2.89761  14.869  -0.861865  -5.88528  11.4364  1.47342  -6.1898  5.8027  6.49214  27.9832  -0.138648  -2.08082  19.0219  1.1608  10.8884  -0.2196  15.2515  0.398369  -0.767181  0.159651  -19.0241  30.2911  32.779  14.3683  -7.94234  5.33133  4.50893  
1.17205  -6.6056  12.7085  -16.7594  0.785878  7.67223  0.912841  -2.96926  1.92399  11.7725  5.80127  24.6213  9.55608  11.8105  -65.9642  2.40268  6.04824  3.33831  2.70086  -17.0586  2.55731  -8.37126  3.92728  3.79171  -16.8121  1.97089  -1.43196  -1.27566  2.34813  8.01396  1.09721  11.1619  -4.72873  5.58007  4.72533  3.77758  55.4251  54.369  12.4795  4.90267  7.56346  4.32454  
0.0547309  -0.480821  23.5025  -3.23711  3.21601  3.53897  -0.152379  -9.73585  -1.05204  13.8264  7.53767  13.3993  3.38955  7.65805  17.8721  0.00368368  -8.6672  9.47374  10.8203  -34.7365  2.98769  -9.2166  2.38354  -4.52357  -40.0069  1.89346  -3.76119  -27.7947  4.01513  -0.986106  2.77018  -16.1541  -3.70654  10.0051  2.9932  23.238  32.3117  45.7933  13.463  6.86408  -1.73689  1.552  
-0.822666  10.0546  23.0945  -1.96485  -0.479784  -3.69774  -0.847123  -4.39385  -4.14136  10.0127  4.29763  -9.65095  -3.28174  2.18901  64.9224  -2.35374  -13.8317  13.1688  13.0235  -29.0574  4.12049  -8.59857  1.83885  -11.7113  -37.7534  -1.03609  -8.10978  -34.1357  3.39925  -7.89475  2.75658  -29.8015  4.3074  7.5192  -2.00786  8.05839  -17.2965  18.1923  7.97459  4.05798  -7.94801  -4.65973  
-1.08824  10.6771  15.4093  -13.037  -3.85134  -10.9593  -1.02534  6.0914  -3.44968  3.19079  -0.892763  -16.076  -4.9083  1.19569  56.4618  -2.1623  -3.689  7.10502  12.4311  -20.2746  6.05728  -6.72116  2.00486  -12.0555  -28.5303  -3.48405  -13.1717  -15.7238  -0.43113  -4.49402  1.60816  -14.8164  8.77244  -0.64075  -1.23097  -23.73  -46.8442  -1.9352  -6.22693  4.25844  2.7669  -12.9526  
-0.923344  -1.35597  17.8557  -18.0915  -2.15128  -13.6803  -0.942079  7.92875  0.347718  -0.0174739  -3.22729  1.89157  -1.64823  3.42758  27.3616  -0.285823  12.095  -8.47124  10.1665  -28.7563  6.381  -4.01829  0.898499  -9.19175  -27.7097  -2.49743  -15.8663  5.8391  -4.3803  7.08171  2.53449  9.6199  -0.277782  -6.64627  5.79305  -33.5707  -36.7855  0.0846693  -18.4148  6.12046  22.6818  -19.6166  
-0.823348  -12.5931  33.192  -6.17341  1.52989  -12.2761  -0.931623  -1.06325  2.74423  1.52301  -1.82111  21.2647  1.37691  4.47326  -3.17466  0.197171  17.9055  -22.9956  4.14051  -44.6163  2.73952  -0.910286  -1.86576  -10.5376  -30.5553  0.687586  -13.159  10.1138  -5.17393  14.8785  5.76641  13.3393  -17.4229  -5.02144  8.41008  -12.2131  -5.64301  15.1286  -18.3128  3.48946  29.7245  -19.5902  
-1.09353  -11.9933  33.9347  12.9316  1.07983  -10.0437  -1.15243  -8.88411  1.31641  1.97326  -1.05056  15.3422  0.101122  2.94859  -44.8235  -1.48668  9.64336  -23.9433  -0.214765  -39.8055  -3.29091  2.50642  -4.48412  -15.3159  -24.1015  2.39643  -3.33828  3.03601  -2.87609  9.79465  6.87345  -17.7918  -23.5114  0.863811  -0.655004  8.8382  21.4128  18.3127  -9.34763  -3.12048  14.7259  -11.2124  
-1.576  -6.70992  -1.99497  20.9317  -3.72333  -5.32373  -1.5255  -5.85105  -1.28812  -3.16466  -4.54991  -4.15859  -4.84317  1.09636  -87.0532  -2.74498  0.0309445  -8.14856  2.49324  -4.07574  -7.17101  5.96323  -3.94777  -15.1566  -3.90449  1.02689  8.16214  -1.67823  -0.715794  -3.65273  2.70935  -60.5629  -8.24904  3.48003  -12.927  1.07187  40.6996  -3.32779  -2.39182  -7.19047  -7.75891  1.81588  
-1.80621  -7.31073  -55.071  12.1034  -6.65393  5.56728  -1.76332  3.6217  -1.63054  -9.97046  -9.03399  -9.51974  -8.49108  0.65738  -92.3059  -1.74651  2.18221  16.451  8.2501  36.1182  -5.89447  9.36873  0.182747  -7.07889  18.9742  -1.21237  13.1747  -1.46308  -0.445308  -12.388  -4.56739  -73.5323  11.9176  0.403735  -14.2442  -21.2896  57.131  -34.6395  -1.68297  -5.27257  -15.2322  12.2228  
-1.43148  -9.68214  -83.9283  -1.46304  -2.85983  18.5851  -1.53599  7.25894  0.520792  -10.8429  -7.31958  4.91045  -7.46338  1.57643  -43.4395  0.220451  10.8018  35.4588  6.78032  46.2367  -1.71332  12.2483  3.84263  0.751793  29.3678  -1.61846  8.07415  -4.68328  -0.57688  -9.53097  -9.26537  -36.576  11.4372  -2.86056  -2.94766  -25.3234  65.0555  -41.7977  -2.48655  -1.3126  -1.31768  15.4893  
-0.465007  -3.11769  -70.573  -7.92937  4.33659  22.3694  -0.684138  1.7483  2.7642  -4.16577  0.809406  17.9931  -3.02995  2.68158  19.562  0.719748  8.62628  37.8083  0.724239  24.1531  1.27637  14.3123  3.30954  -0.318321  21.7396  -0.0195651  1.3173  -10.2846  0.722702  -0.435123  -8.12365  28.8751  -12.2276  -0.931312  7.68995  -1.05656  56.4933  -8.3129  -0.389919  0.122338  15.2468  13.9241  
0.693206  11.0765  -32.3251  -7.97215  6.93604  12.5633  0.529216  -4.77895  3.44659  4.32252  6.95098  15.1683  0.938356  3.54826  62.8876  -0.27202  -8.26788  19.9879  -0.8356  -1.9694  1.73822  13.4142  -0.618073  -7.44264  4.95502  1.71103  4.06176  -9.21742  2.54328  4.24635  -2.6065  75.9203  -29.6659  3.37007  6.88253  28.25  33.9645  39.8745  2.72959  -0.405592  14.1387  12.8011  
1.41723  18.0041  3.9195  -7.26204  2.06646  -1.02821  1.41234  -3.62999  2.54176  7.89363  3.7042  8.42218  2.29112  4.01614  87.1848  -0.627642  -22.3744  -9.8768  1.62878  -10.9571  1.77826  6.93398  -2.9171  -10.2778  -6.41099  2.31042  13.2352  0.845318  2.52557  0.7255  3.856  78.3218  -15.5422  2.72554  -0.57307  35.131  5.96477  54.7984  2.38836  0.631716  -2.69273  12.4356  
1.2944  14.2934  25.3725  -5.52553  -4.65244  -5.92703  1.38818  3.16902  0.641992  5.00469  -3.70895  12.4906  2.2734  3.45083  106.145  1.08185  -17.6711  -33.9857  -3.95328  -8.8452  2.46134  -4.02474  -2.23304  -5.86183  -7.88366  2.65764  16.8947  8.69587  0.105639  -4.88742  6.68996  48.0576  17.9466  -3.84162  -3.0051  15.1476  -23.303  21.9906  -1.60427  3.84146  -13.4709  8.43293  
0.594115  12.9485  30.2211  0.227353  -5.21784  -2.05745  0.671147  6.73554  -1.42733  -0.629502  -6.01614  18.676  2.74267  1.55331  100.111  3.87931  -1.6071  -37.2943  -17.4385  -16.8561  2.01756  -13.3714  -0.772938  -3.17636  -5.81031  3.25853  8.81222  6.18056  -2.3652  -4.41134  3.79893  21.1092  36.0543  -8.57959  1.8243  -11.9703  -48.7403  -21.0359  -4.75836  6.25946  -8.32497  -2.66833  
0.162179  23.0327  22.7097  7.12003  0.831626  1.77266  0.202955  2.1658  -2.43785  -3.97368  -1.70338  11.1566  3.60254  -0.748211  56.4337  5.62615  5.36675  -22.9136  -19.2806  -44.3081  -0.51367  -15.3509  -1.60837  -9.6088  -7.02958  3.18359  -2.98542  -1.91895  -2.57466  2.87962  -2.49978  21.2767  23.0208  -5.56931  5.23291  -26.5113  -54.9667  -29.2605  -3.70231  5.48477  -1.58895  -16.7871  
0.608177  31.7387  12.6694  8.61644  6.60249  0.712091  0.689044  -3.83055  -1.67823  -2.33273  0.818071  -5.64733  3.35554  -1.70363  -5.15225  4.64325  -2.72475  -8.85987  1.38566  -78.1813  -2.95505  -11.1231  -2.71412  -20.4398  -8.09208  1.02551  -6.31167  -7.88289  -0.544629  9.54828  -5.72758  47.1228  -1.80469  0.949771  1.50726  -22.3351  -29.0429  -2.88923  0.90066  2.58908  -7.25594  -23.1409  
1.48039  21.1368  9.07417  4.0134  5.94277  -1.68939  1.64473  -3.7088  0.0851402  2.48371  -3.79033  -4.25587  1.77727  -0.241993  -36.7864  1.23546  -11.1521  -8.73635  22.3447  -101.675  -2.00186  -7.21766  -0.97185  -26.3264  -0.0963043  -2.11019  -3.10349  -11.4762  1.55954  8.09527  -1.70716  70.9003  -12.8349  3.00956  -4.19203  -8.23726  15.8029  19.3365  4.6073  -0.00755584  -16.5197  -18.2855  
1.61272  -5.14989  7.65646  1.17459  0.112891  -2.29498  1.8038  0.928898  1.00028  5.73352  -9.47732  15.2391  0.257012  2.14997  -30.5437  -2.33328  -6.61738  -15.0867  16.7399  -103.858  1.81579  -5.97115  2.72185  -27.0832  14.5657  -3.69704  -6.19213  -11.5513  1.97945  -0.51622  6.43217  63.0316  -9.20039  -0.505008  -3.80739  -2.62125  39.1612  16.5777  4.12041  -1.29446  -10.2385  -8.18023  
0.494395  -25.9622  -0.283953  4.40359  -4.22906  -2.7596  0.629227  2.01695  0.427542  3.90895  -6.58458  21.4503  0.0679124  2.23822  -19.8921  -3.8547  5.82212  -10.6621  -8.95917  -85.9435  4.29388  -3.23772  3.95355  -31.1088  22.284  -2.87222  -17.9734  -2.65861  0.797083  -7.8597  10.9004  31.2042  -5.08491  -3.09962  1.85173  -10.6768  18.7461  9.5261  0.434547  -1.90101  8.15585  -2.67236  
-0.888133  -29.4175  -9.71558  9.23589  -2.80997  -4.21692  -0.83704  -2.8934  -0.56034  -1.01187  3.76242  4.90084  0.843451  -0.623499  -33.7811  -2.87845  13.2002  9.43897  -22.6345  -55.3017  2.80992  3.93276  0.4489  -38.2823  15.8035  -1.72021  -24.5965  19.3653  -0.142084  -6.77065  7.59926  7.46111  -3.19988  -0.770028  5.20277  -17.1255  -23.7582  19.7398  -1.90252  -2.18745  14.6333  -1.99022  
-1.03583  -21.3747  -6.5116  8.96291  2.64316  -4.2566  -1.05101  -6.26524  -0.759359  -3.79216  10.5709  12.6116  1.75814  -2.93048  -62.1614  -0.65147  12.479  30.1755  -11.2644  -19.1779  -0.131401  11.2136  -3.75894  -35.4734  2.28136  -2.17936  -15.2503  47.0605  0.65585  1.12304  0.264188  -6.75579  7.30171  3.62472  2.72387  -2.79797  -44.945  30.5423  0.136343  -1.85866  -2.5138  1.22913  
0.349856  -12.8619  7.21339  5.32846  7.58072  -0.356533  0.267743  -1.94524  -0.0760268  -1.44919  5.91409  84.4149  2.4634  -0.87199  -86.1103  1.49197  9.98941  33.6478  1.82595  13.9929  -0.708898  13.073  -2.01274  -11.7312  -5.39112  -2.97528  1.13633  62.3303  2.59488  7.59626  -4.89719  -41.9812  28.0103  5.19648  -1.36775  25.2967  -28.5108  11.24  4.61637  -0.911507  -21.7861  11.3708  
1.93688  -3.24724  9.33117  4.86368  9.06914  4.60895  1.78241  4.47179  0.409634  3.2179  -5.74131  170.395  2.9651  4.0239  -80.5285  3.43279  7.77644  18.8006  -2.21373  37.0079  1.41563  10.3865  5.79348  23.412  -4.31944  -1.73898  4.93912  55.1074  3.65015  6.76234  -6.04888  -105.89  43.1061  3.36773  -2.44972  38.5295  0.960737  -27.4975  6.52462  -0.0060777  -16.935  21.2472  
2.19098  9.05529  -10.458  9.65422  6.9378  6.40747  2.01098  5.20647  0.255414  5.23064  -12.4209  160.949  2.43065  6.12487  -25.475  4.9522  1.09387  -1.38213  -9.29579  45.1607  2.93982  8.20651  10.7404  47.3465  1.6016  1.08267  -5.20824  31.936  2.35083  0.112682  -5.397  -145.408  37.088  0.154749  -1.58976  21.0844  11.9441  -38.6832  3.14853  0.250044  11.4893  20.499  
1.03698  17.3987  -27.9275  13.7845  2.52033  4.30969  0.929614  1.37021  0.0303712  2.52493  -9.55779  25.5417  0.485353  2.2697  67.1822  4.7147  -10.7429  -14.5877  1.73909  47.3916  1.60747  7.22021  4.01189  48.4053  11.0274  2.00562  -11.8906  7.95077  -0.293019  -5.38269  -4.52889  -105.332  14.7637  -2.30894  -1.37342  -1.41092  1.43895  -1.62579  -2.51439  -0.169888  35.3726  9.03668  
-0.2741  14.6895  -13.8437  11.2491  -2.59789  0.918504  -0.250437  1.31037  0.374108  -2.03187  -3.416  -125.143  -1.87122  -3.85168  138.673  1.54604  -19.2452  -17.3843  22.9651  53.8606  -1.49028  3.18503  -12.8359  35.3853  23.5729  -0.32357  -4.71547  -6.07112  -2.15112  -5.23829  -1.95155  -19.9233  -6.88461  -2.44723  -0.524626  8.88655  -9.03758  43.9638  -4.76324  -0.668352  33.9871  -2.3485  
-0.73754  7.55591  23.9509  1.40232  -6.57383  -2.52305  -0.632424  6.66448  0.766898  -4.33407  -1.04386  -154.237  -3.19565  -6.06975  108.97  -2.95195  -16.5302  -10.2762  29.7299  68.3159  -3.87541  -3.47385  -27.0152  23.9236  30.2175  -2.87668  5.57821  -12.8873  -2.33946  -0.865763  2.82282  14.8652  -17.9557  0.583366  3.54537  49.973  -10.0141  43.341  -2.72321  -0.242384  11.2834  -4.488  
-0.573437  9.28236  43.1441  -9.26173  -8.33157  -6.59914  -0.494  7.78434  0.128775  -2.89137  -0.734107  -54.424  -2.93533  -3.17547  -19.8824  -5.19521  -4.94319  5.13773  16.7335  84.6911  -4.34455  -5.56297  -25.9052  19.7695  18.9229  -1.99701  6.47634  -23.5484  -1.61586  2.73337  6.07845  -24.3287  -21.1359  4.61545  8.09597  71.9453  -10.5638  -5.00801  -1.71174  1.6775  -12.2419  1.37842  
-0.528411  18.4437  18.5747  -12.4991  -7.51127  -10.2164  -0.526947  0.143763  -1.42334  0.387949  4.58747  46.6163  -1.82697  0.264731  -132.665  -3.23588  6.06721  20.5149  4.81887  89.5769  -3.31481  0.726087  -9.78198  17.4557  -8.21394  1.13834  0.790828  -43.3959  -1.23031  2.37709  4.63917  -56.6727  -20.2826  5.44198  7.1156  35.4917  -13.9519  -42.8443  -6.59094  4.06906  -18.7938  6.04167  
-0.699488  19.9235  -27.6463  -5.20733  -4.38602  -9.80635  -0.745433  -8.68723  -1.89448  3.02889  14.6314  40.2224  -0.911276  0.348387  -112.992  0.814613  9.93335  21.1922  2.34931  72.7949  -1.44831  8.06525  8.19373  12.0615  -28.9821  2.18914  0.146991  -62.3304  -1.28537  -0.169765  1.04832  -14.5585  -16.1922  2.53885  -0.00650442  -37.0287  -7.87156  -25.0844  -13.4326  4.73723  -5.53835  3.36067  
-0.572213  4.06129  -51.2037  6.17223  0.835935  -3.96077  -0.618639  -9.28624  0.0343078  3.7855  19.8504  -49.0342  -0.13464  -1.45513  11.6815  2.8817  7.72021  0.364425  -5.9111  34.3991  0.877816  6.85071  15.3666  4.87807  -26.0022  -0.229828  1.54807  -58.2419  -0.992673  -1.27617  0.212385  67.6841  -10.4298  0.747721  -5.50433  -89.2339  13.4072  23.1537  -14.3145  2.26558  13.6536  -6.90748  
-0.029731  -17.5956  -37.2384  10.7041  6.52578  2.73915  -0.0654994  -4.84926  2.95174  2.66635  11.6797  -122.731  1.45859  -1.67238  88.3091  1.40978  4.76185  -27.3358  -27.6595  -16.0762  2.8013  -2.69466  10.6368  1.11844  -6.74929  -2.98285  -6.10711  -25.9609  0.0545649  0.837296  1.69413  99.2598  -6.15216  2.98179  -2.8296  -88.0224  27.7194  39.1698  -9.56793  -2.12572  17.4532  -18.9195  
0.378599  -25.8423  -11.0227  4.10328  9.03214  4.45481  0.35238  -5.02573  3.66613  0.229794  -5.86073  -132.014  4.28202  -0.195454  13.6976  -1.10581  5.00904  -36.7044  -37.1351  -61.239  3.36927  -9.72883  3.10479  2.8191  5.32796  -2.97369  -21.6909  10.72  1.48244  4.09086  0.0462674  62.9921  -4.14764  5.71658  5.36342  -53.4875  12.0825  3.46028  -8.99488  -5.83285  -3.12836  -25.3112  
0.260637  -16.9138  -2.19703  -4.94177  4.83012  1.01957  0.264516  -10.0197  0.891283  -2.47546  -19.0707  -106.546  7.29466  0.356678  -126.873  -1.29535  7.4168  -19.4536  -10.5581  -85.3346  2.508  -6.47916  1.70308  7.71791  3.4048  -1.65636  -27.4042  19.2087  2.33866  5.59696  -7.01025  18.032  -0.516252  3.94307  10.7496  -20.044  -16.7439  -38.8204  -15.7353  -6.50376  -29.36  -19.4735  
0.0239127  -4.21983  -10.3518  -5.86099  -4.46648  -1.52735  0.0843441  -10.7295  -3.11207  -4.02784  -19.0374  -87.928  8.20864  -0.987593  -159.391  1.10471  7.47824  6.30819  30.5597  -82.0726  0.793026  3.36292  6.69511  12.0258  1.13468  -2.14757  -14.0143  -4.07726  1.87968  3.95792  -12.9689  3.92353  5.48821  -0.574899  8.07101  0.0470608  -18.9494  -36.0728  -16.7461  -3.498  -31.4252  -3.05105  
0.218061  -0.353814  -9.34951  1.37982  -11.9135  1.13501  0.300534  -2.3102  -4.74697  -3.30766  -8.32526  -85.101  6.37831  -1.67015  -31.8426  3.51034  2.13233  17.3618  37.8125  -66.0527  -0.70786  10.3946  12.2027  14.2041  9.78964  -3.96701  6.14972  -31.6994  0.372442  -0.284854  -9.66513  9.88583  9.63478  -1.78671  -0.806758  11.8674  16.3168  3.98684  1.94422  1.60796  -2.64947  12.0572  
0.614206  -5.11326  12.0853  6.62033  -11.2972  6.39794  0.629373  8.34386  -3.07636  -0.732212  2.7045  -85.7489  3.28742  0.396439  131.367  3.64125  -5.73562  11.3425  -0.444083  -62.7677  -1.42915  9.45751  13.0902  15.7133  18.8427  -3.87566  17.2786  -35.8937  -0.904333  -5.18481  2.44524  13.9856  8.64579  1.55214  -9.94726  11.9297  51.6805  32.3118  31.7245  5.06187  26.2361  13.8026  
0.559334  -9.71737  34.6529  3.00729  -3.54539  7.83401  0.4436  13.1633  -0.0839505  2.33328  7.093  -88.0624  0.96642  3.49386  194.44  1.59203  -9.75127  5.99683  -38.1678  -75.0163  -0.810389  3.84267  8.53297  17.4248  12.945  -0.64047  18.8988  -19.2205  -0.718631  -6.99814  13.5724  22.6624  6.79233  3.18893  -13.2329  -0.315971  44.6559  27.5021  45.8041  3.52557  22.8516  2.86534  
0.0499259  -8.16381  31.5315  -5.75927  4.27177  3.58509  -0.152349  11.7172  1.55336  3.73832  5.74442  -94.4885  -0.906883  4.48474  146.857  -0.814738  -7.10172  12.1373  -25.9235  -75.1427  1.14171  0.883123  0.67552  17.4969  -4.81483  2.67926  17.2418  1.24404  0.696359  -3.1168  15.1425  35.6038  7.89181  -0.974719  -8.44588  -11.7043  7.97396  12.2162  30.3815  -1.69578  -5.45352  -6.88682  
-0.253876  -1.42892  5.87216  -11.0546  6.61767  -2.52499  -0.421429  7.46579  1.4107  2.31366  3.35922  -92.5375  -3.54302  2.94416  68.4456  -2.10124  -1.46182  20.0168  23.8857  -33.1698  2.79293  3.10503  -6.68276  14.2089  -14.9668  2.72613  11.5203  15.3509  1.88492  4.06376  7.22671  31.3153  10.6816  -7.61511  -0.808824  -6.58128  -14.3322  11.2625  1.60228  -5.09665  -21.263  -3.68233  
-0.0754556  7.46697  -11.5277  -8.24934  4.74778  -5.63952  -0.137197  2.61808  1.20637  -1.59702  2.23892  -66.472  -6.25622  1.55819  1.90653  -1.8256  2.66465  15.9641  54.1681  39.5746  1.88023  6.05761  -9.28647  9.97766  -7.90409  -0.0649269  -3.00181  26.3061  1.37315  7.85275  -2.04785  -3.60614  10.2206  -10.1871  1.42276  10.6831  -5.6373  13.9538  -14.7748  -2.70462  -5.73524  8.5461  
0.0794043  15.2971  -4.68715  0.534419  3.43742  -5.36276  0.0686931  -0.64727  2.47034  -5.54228  0.581529  -21.065  -6.39348  1.9071  -62.8006  -0.445073  4.57252  0.87476  28.816  92.6294  -1.65533  4.8581  -5.12115  9.58592  4.99919  -2.15773  -17.099  35.0794  -0.511181  4.46637  -4.99051  -44.2953  5.49014  -7.82573  -2.86601  21.5147  8.44756  1.35589  -12.2628  2.85925  16.6283  16.6476  
-0.202217  18.4966  8.02941  8.76977  5.13312  -3.72339  -0.267139  0.464772  4.01151  -6.55861  -3.42341  6.82556  -3.6599  2.38055  -114.912  1.14184  5.96164  -11.1751  -25.3561  91.4311  -4.44194  1.60558  2.35624  12.8208  8.66777  -1.54952  -14.2521  37.768  -1.93139  -1.73864  -0.400269  -44.4141  -1.00057  -5.064  -4.91249  16.9908  0.731138  -14.1908  -4.97414  5.37585  14.7614  13.2199  
-0.571958  14.6593  -1.17474  11.089  7.96762  -1.72544  -0.70549  5.08926  3.29771  -3.7203  -7.22902  -14.1667  -1.90466  0.270978  -110.675  1.63218  6.72295  -12.4475  -52.4738  48.2581  -3.3987  3.85518  5.49329  14.4429  2.32003  0.297866  4.72578  35.2011  -1.52915  -3.35682  6.08514  -7.78305  -7.83824  -4.4033  1.04167  4.8161  -17.3045  -6.76168  -4.80864  3.19504  -6.85681  4.27819  
-0.634281  7.00347  -23.9273  7.12669  8.96045  1.10007  -0.741823  6.67073  -0.498906  0.411946  -7.70324  -64.0534  -3.76226  -3.99354  -40.1796  0.843749  5.32326  -8.58127  -29.0403  3.81807  0.534265  12.9429  1.28254  11.2345  -3.62361  0.721851  17.5215  34.6212  -0.194242  -0.0402135  7.10529  17.3211  -13.7562  -3.65533  7.6815  -8.34117  -13.4315  26.4528  -8.99492  0.134797  -18.1968  -1.5978  
-0.612998  2.17246  -26.2314  4.70051  5.87125  3.58657  -0.606425  1.27441  -4.68528  2.23048  -5.19133  -92.3211  -6.48036  -6.93846  36.5012  -0.238427  2.45615  -7.82962  17.4508  -14.7225  3.07311  18.0303  -5.39799  6.78846  -0.519168  -0.666444  8.20848  34.9533  0.233487  1.64542  0.575767  -11.181  -15.8815  -0.184332  4.1168  -24.1854  12.2688  52.427  -9.65466  -0.471967  -5.09466  -3.30943  
-0.83662  4.49127  3.51586  10.5358  -1.48786  3.40336  -0.732928  -5.90014  -5.75947  1.0749  -2.49682  -71.0555  -5.12819  -6.21309  41.3964  -0.405923  1.1171  -11.4432  40.6512  -14.1389  1.77054  8.32817  -6.01652  5.51408  11.31  -2.38626  -13.2626  27.5208  -0.648164  -1.71411  -7.02548  -73.9879  -11.9092  4.4749  -6.47298  -35.1419  27.6448  44.4231  -4.80931  -0.0722715  11.5358  -4.40623  
-0.965407  10.4166  35.7745  18.5187  -10.2544  0.360588  -0.847424  -6.16284  -3.2528  -0.380942  -1.49092  -28.7009  0.135388  -3.28606  -21.0016  0.329436  2.48225  -15.808  26.7968  -12.4405  -1.04291  -11.2297  1.21383  6.13093  24.6926  -3.58212  -22.7741  10.7594  -1.47675  -5.26229  -7.39033  -110.321  -4.42255  6.80893  -8.69288  -26.2922  16.4817  10.199  1.44382  -1.30072  8.56444  -4.22912  
-0.567058  11.8645  35.902  16.2708  -14.8408  -1.92988  -0.490762  0.511444  -0.175094  0.537172  0.733694  -10.5881  4.17397  -1.10634  -72.6095  0.701508  4.62973  -17.4351  -4.37932  -11.1385  -1.77301  -23.7472  9.44475  5.36779  27.8315  -5.40236  -12.6689  -3.51671  -0.916281  -3.4002  -0.810371  -77.0315  0.0708693  5.89153  2.89142  4.09246  1.1563  -24.0935  5.81515  -3.7959  -10.6508  -0.780915  
-0.0173343  5.27755  10.8574  1.04647  -10.9809  0.206433  0.0141069  5.75868  0.928475  3.01727  4.93535  -22.4462  4.13457  -0.223551  -56.068  0.183305  4.80393  -13.8091  -22.7071  -6.46527  -0.678102  -20.0136  9.6155  4.8771  11.4971  -9.25955  3.45235  -3.98033  0.163878  1.35718  3.63793  8.65791  0.11961  3.69142  14.3844  30.5966  11.3475  -40.6312  6.68713  -5.60011  -23.738  2.61022  
0.0947457  -4.52264  -5.83296  -13.1359  -1.65686  5.48674  0.0978757  4.8374  0.749981  4.14204  9.03476  -29.152  3.12233  1.0808  2.36833  -0.523465  2.95909  -3.42152  -17.3534  3.63701  -0.260394  -8.16668  2.41198  9.44776  -16.3986  -13.5703  9.16442  2.38009  0.330732  2.4496  -1.85422  91.4612  0.561538  1.75004  10.4513  30.129  45.8418  -37.8194  3.01978  -5.86158  -16.8191  -1.28367  
0.1778  -9.59937  0.437255  -11.9826  4.99154  8.02746  0.169899  1.4318  1.44414  2.08897  9.47237  -15.0105  4.61386  3.52856  30.8975  -0.3216  2.34973  11.8578  1.80215  13.4269  -0.427947  -0.473104  -3.66721  16.3323  -34.9553  -13.8198  3.09346  0.145293  -0.220454  -0.472714  -12.5355  117.153  3.69636  0.397632  -4.34179  10.8401  74.8548  -23.5175  -2.17455  -4.48917  2.5598  -11.1004  
1.21442  -8.08532  11.4541  1.97866  4.24007  3.69847  1.22523  0.705763  3.30607  -2.25893  6.38415  -2.90355  7.6119  5.37317  6.49589  0.978119  6.05081  23.1424  13.8937  21.7044  1.90055  1.22147  -1.57193  16.2434  -28.0027  -7.45396  -4.26777  -16.2691  -0.168883  -1.81254  -14.1276  74.4045  5.71902  -0.248888  -12.7577  2.24303  70.4202  -9.21232  -3.30253  -1.24914  16.1575  -14.1847  
2.9251  -4.44435  7.91552  11.585  0.385175  -4.42206  2.97701  1.02194  4.58021  -5.97981  2.98241  -15.3055  8.13922  4.80554  -18.4237  2.33655  12.0389  22.0078  8.98587  27.9437  6.68414  2.076  4.995  5.02487  -5.44129  2.76868  -3.75829  -36.942  0.717401  0.0407475  -0.292658  -6.89955  2.70593  0.687306  -7.80183  14.7123  36.5999  -2.69241  1.0324  2.68709  13.8805  -2.76898  
3.53721  -3.15996  -3.84414  4.65566  0.288093  -9.20986  3.60104  -1.28989  4.09442  -6.19394  0.250607  -34.489  5.39252  2.53283  12.4392  2.60416  13.6698  9.62928  -11.6437  33.1762  8.32069  2.96186  6.50659  -7.57997  8.61831  10.7082  3.80169  -48.1317  1.05374  1.21406  17.2936  -72.5773  -2.29911  2.13182  0.750251  25.8961  -5.75047  0.993611  5.27228  3.88441  0.165855  14.5759  
1.97422  -4.01469  -9.20127  -12.2039  4.02381  -6.56108  1.97683  -3.64969  2.62713  -2.31739  -3.01699  -34.2413  2.14501  0.600079  72.7541  1.46728  6.52481  -2.28055  -34.3687  34.2039  2.57472  -0.0750716  -1.81786  -9.1902  6.18981  13.0646  9.87173  -47.6348  0.448222  -0.450031  20.3022  -86.8575  -2.41853  2.04817  2.06262  13.9765  -31.012  12.3177  4.3355  0.915474  -9.94516  20.8041  
-0.462992  -4.57625  -7.28142  -21.4623  5.63974  0.204308  -0.564596  -1.90297  1.28276  2.50437  -6.58577  -22.9879  0.80438  0.482259  80.0534  0.109705  -4.64945  -5.8175  -41.5894  29.2016  -6.36426  -6.44638  -13.0286  -0.141725  2.65734  11.5011  5.48679  -38.7631  0.345051  -0.945198  6.14661  -58.9368  3.77806  -0.0458251  -2.72838  -13.5109  -28.4533  27.0181  0.552719  -2.67726  -4.16256  12.5267  
-1.6146  -3.89234  -5.18536  -12.915  1.15204  3.6409  -1.77728  2.85914  0.0674894  3.83435  -8.76638  -37.6074  0.271569  2.23468  16.6885  0.0361344  -10.3315  -5.21972  -28.0775  19.3897  -9.58559  -9.77388  -16.5367  7.35145  14.47  8.96797  -11.6031  -26.2667  1.57045  2.16363  -7.18397  -26.5904  10.276  -1.55527  -5.1984  -33.7689  -8.92514  23.6152  -0.924286  -2.49539  15.716  3.00391  
-1.0089  -5.01005  -0.750206  4.95044  -5.54777  0.801374  -1.1344  4.77229  -1.56959  0.504309  -8.61064  -82.3054  -1.13339  4.79871  -35.9492  1.60802  -8.93021  -10.3222  -4.63146  6.63922  -4.37128  -5.23975  -10.7473  5.15894  30.915  6.04991  -31.6344  -10.5663  2.23482  3.26559  -2.22129  -10.8225  12.1368  -0.165847  -2.45575  -40.2125  6.60844  -4.00326  -0.649142  0.661553  33.6221  2.25147  
-0.0794173  -7.80913  9.85932  14.0758  -7.95082  -4.39509  -0.104815  2.10161  -3.23898  -3.24891  -7.73877  -108.019  -3.35131  6.29033  -19.2737  3.44571  -9.91468  -21.5517  6.45929  -6.13799  2.27332  4.17743  -3.04242  -1.98133  28.9678  2.17982  -39.1488  7.97727  0.543383  -2.57822  15.8389  7.14538  10.0343  2.01475  1.68732  -38.1534  10.4484  -28.024  -2.70307  1.93192  33.6978  3.41399  
-0.0666757  -8.25781  16.8892  5.63514  -4.02032  -6.49638  -0.0174666  -1.16707  -3.76165  -2.54063  -6.43966  -79.9266  -4.69211  4.41703  15.1681  3.66799  -19.7044  -28.8798  -4.8688  -11.5308  2.77727  11.9176  -0.0460537  -3.68943  4.77072  -1.38507  -27.9998  26.6576  -2.07387  -9.71694  25.5785  54.7773  6.46576  0.790242  4.17744  -31.7403  7.52092  -17.6279  -6.2571  0.00888394  11.9943  -3.30729  
-0.62425  -3.91139  7.21211  -10.4477  2.40713  -5.04272  -0.574301  -0.751402  -2.80872  1.82828  -2.64652  -25.1971  -4.35888  -1.25532  -15.9787  2.09768  -28.6883  -23.0683  -19.0827  -6.66459  -1.73744  13.5963  -0.196198  2.18689  -18.5121  -2.39364  -6.08794  39.6202  -2.1384  -7.90718  16.3422  120.663  -0.0926903  -4.15014  5.10003  -21.716  7.79199  22.0943  -5.67192  -1.24164  -19.2849  -14.4672  
-0.66998  2.728  -9.99988  -16.1209  6.1683  -3.88346  -0.656399  0.924821  -1.06535  4.39593  4.07758  -0.0487276  -2.76275  -7.74227  -93.4806  0.156388  -21.0231  -3.87655  -11.0179  -2.17079  -3.95218  8.88777  1.57131  8.27729  -17.8798  -0.862976  11.8493  44.3165  1.00222  2.17165  -0.44417  154.359  -10.4365  -8.35537  5.62234  -14.2985  13.5421  47.3332  -1.26505  1.15511  -39.3275  -16.1048  
0.108955  4.95015  -3.69828  -6.13692  5.18617  -4.85168  0.131746  -0.140603  0.368679  2.13479  7.66924  -19.5016  -0.31806  -10.7266  -104.663  -1.11639  3.46081  20.1709  18.2253  -1.74478  -0.225319  2.03273  5.47526  7.81072  0.388567  0.192264  18.5562  41.1842  3.82833  8.25235  -8.01784  127.237  -17.9788  -7.70752  4.82362  -16.7959  17.85  26.3291  -1.57391  4.3457  -34.5555  -4.89429  
0.968704  -0.665536  30.694  7.09265  1.60801  -4.31746  1.06355  -2.80968  0.916293  -1.68487  3.64861  -44.3088  2.4699  -8.71263  -3.94025  -2.04695  25.4624  34.1368  38.5727  2.43383  4.99237  -1.52672  7.67019  1.57374  10.9062  -0.752182  17.7929  33.0915  2.99387  2.88427  -4.72403  60.3127  -13.9074  -2.53582  2.27813  -22.1335  15.2551  -21.8214  -11.1429  4.08482  -8.98055  5.34098  
1.05527  -7.5335  53.7452  10.0323  -0.175795  1.14864  1.20287  -3.84794  0.457775  -2.27863  -4.8732  -42.1889  4.37485  -4.42726  112.615  -3.15172  28.3424  25.43  25.8151  18.5921  5.45508  0.607069  6.42592  -3.5081  2.25585  -1.75098  15.8211  24.7141  -0.579529  -5.77324  -1.92385  3.68935  -0.703529  2.72152  -0.636704  -12.648  6.47192  -48.4526  -20.5144  0.431654  16.0888  4.57423  
0.283901  -9.31756  27.4113  3.34634  1.93803  8.99592  0.376695  -2.33519  -0.371164  -0.187167  -8.78483  -31.1466  4.08941  -0.995339  129.587  -4.0117  16.9812  -3.28824  -0.228594  34.3973  -0.157627  4.38642  2.73603  -2.35657  -11.7759  -0.612313  16.1813  15.7696  -3.07947  -5.72576  -5.55845  -16.4394  7.00315  4.80314  -1.80458  11.8605  -3.56686  -29.0973  -16.5309  -3.08851  20.3978  -2.0532  
-0.679734  -5.72438  -26.6075  -2.43371  5.16595  12.6677  -0.721885  0.0741267  -0.773868  0.280899  -3.90618  -47.4664  1.55142  0.638569  57.8363  -3.71919  8.59497  -25.1784  -2.26434  22.8897  -6.61793  3.85006  -1.19288  3.66309  -13.5826  1.49133  17.7152  6.13601  -2.66574  2.26604  -9.35279  -9.91313  0.383912  3.48952  -1.06111  26.0073  -12.3035  17.301  0.203222  -4.03904  5.05003  -2.43199  
-1.1267  -1.75387  -45.3076  -2.30731  3.78165  10.0524  -1.25892  2.33662  -0.249996  -2.40833  2.06761  -87.6413  -1.57149  1.39027  6.03309  -2.44744  9.24626  -13.0101  24.3548  -14.6748  -8.12184  -0.89582  -4.90381  9.32912  -3.92494  1.94204  17.0154  -6.88433  -0.948644  6.69921  -5.7877  -1.72573  -12.3499  0.23478  -1.62241  11.4158  -10.828  50.071  14.7792  -2.74113  -6.38366  4.71954  
-0.947672  2.08466  -7.50925  -0.309868  -3.41907  5.47389  -1.0472  4.05357  0.502864  -4.4481  0.344545  -110.009  -2.75452  1.68862  33.0619  -0.964331  7.82759  22.9496  41.2325  -43.6258  -4.46615  -3.98738  -7.1309  10.7193  4.55289  0.705185  12.5354  -24.2523  -0.421237  1.14141  3.18809  -2.86644  -15.9589  -2.22071  -5.85723  -12.1334  4.82357  41.5118  16.004  -0.472453  1.82009  9.13666  
-0.546264  9.61699  34.4769  -1.049  -9.86371  2.54559  -0.543155  4.33766  0.478598  -2.03216  -7.78277  -81.0242  -2.27763  1.01325  78.4897  0.580159  -6.54037  37.8966  17.3866  -30.4989  -0.437081  -1.64877  -6.29614  8.25727  5.04353  0.305123  5.68113  -43.3879  -1.44554  -7.17453  9.31206  -20.607  -7.77013  -1.92836  -12.2117  -17.2003  26.9513  0.263163  9.04403  1.79338  20.9447  6.45961  
-0.243064  19.9852  25.0467  -3.00035  -7.68658  -0.540456  -0.175445  2.34768  -0.524212  2.93178  -12.1506  -22.5841  -2.22474  -0.626085  46.3379  2.63425  -28.4574  6.47687  -27.1673  11.3055  -0.152171  3.02006  -3.0206  5.66899  2.60728  2.05513  0.0230832  -52.2667  -2.60113  -7.32335  7.29417  -46.9975  0.304909  0.57105  -14.4158  -5.36961  35.9472  -40.0666  5.46104  3.23125  26.7102  3.33684  
0.0312661  24.6912  -21.0114  -3.27196  1.94562  -6.9207  0.0882292  -0.128351  -1.48315  5.08748  -5.73575  14.5699  -3.52329  -1.98088  -69.1449  4.49883  -40.7213  -37.6638  -50.5332  38.8377  -2.02734  5.85635  0.220223  4.96589  1.0301  3.52699  -2.43802  -39.6139  -2.71033  2.13085  0.376273  -71.4251  -0.554058  1.44302  -8.00167  -2.04775  17.9007  -42.975  7.51676  3.06655  10.5848  4.70244  
0.382119  19.2477  -41.5241  -1.7536  8.65189  -13.3105  0.381456  -0.985707  -1.27772  2.352  7.48231  0.924767  -3.59683  -1.16816  -168.134  4.48207  -32.1254  -39.1282  -39.4408  37.7165  -0.867145  6.50703  1.82649  5.45021  -1.41676  2.44728  -6.27053  -5.10566  -1.65227  11.7913  -3.10304  -67.6905  -5.83685  -2.28777  3.47036  -20.8175  -18.0032  -6.01559  8.03503  1.48499  -9.33466  5.66888  
0.580498  10.487  -13.4998  -0.783642  5.34761  -13.7333  0.516217  -0.0811944  0.219178  -1.89489  16.1742  -41.0565  0.718598  1.64239  -151.545  1.83056  -9.01314  4.22867  -17.6724  34.73  4.69691  6.62352  2.32975  5.69925  -6.03486  -0.267373  -17.4177  34.6905  0.136483  12.137  1.438  -38.7826  -7.79621  -7.67994  11.4989  -40.8146  -41.8387  36.8764  2.0881  -0.648894  -12.5977  -0.719272  
0.385468  3.81858  19.6597  -1.56286  -3.02241  -6.68993  0.278512  2.0806  1.90683  -3.35695  13.5642  -55.8771  7.51792  4.20175  -33.0801  -1.52101  10.9219  35.0127  -5.82382  41.9558  9.45881  6.31676  2.94867  5.44577  -8.34978  -2.07751  -31.7654  57.1777  1.89963  2.57145  9.25592  -5.82844  -6.64265  -8.25925  11.9106  -36.1795  -29.0018  46.141  -6.02253  -2.80635  0.524602  -9.91976  
0.0561723  -3.60093  13.7099  -2.05684  -5.28641  2.03896  -0.0470168  5.76262  2.45485  -1.83734  3.63647  -19.328  10.4924  4.28063  74.3579  -2.48616  15.7579  12.851  3.15045  36.7804  7.56394  4.83958  3.71763  5.54928  -4.20149  -2.44048  -34.0055  50.1637  2.4287  -8.83841  11.1503  9.27383  -7.08708  -2.64504  8.80356  -12.4883  7.02916  19.081  -9.06757  -4.38128  9.43519  -10.4916  
0.103495  -17.9647  -18.467  0.974195  1.73009  6.41147  0.0567056  9.09177  1.39239  -0.118545  -2.34508  26.6038  5.71889  2.26679  71.1052  -0.737621  10.3161  -32.5722  17.9909  -2.68882  0.282843  3.20191  3.55128  5.91212  4.23759  -3.07136  -14.3843  20.7679  1.35241  -12.616  3.80103  17.6371  -7.38098  2.54526  7.47808  6.72037  28.2517  -13.4125  -5.89443  -4.2172  -1.24717  -0.193313  
0.579001  -31.6221  -34.7478  6.78862  9.51813  6.08669  0.595636  7.35935  -0.386915  0.00857844  2.49591  11.6247  -3.07476  0.317273  -23.7597  1.31885  9.03211  -42.1381  28.3717  -46.1549  -5.10575  2.59878  2.06083  6.15674  12.2345  -4.98567  16.9347  -12.0911  0.361528  -6.48427  -5.45819  36.3383  0.16431  0.644777  7.3006  8.47827  13.7622  -25.782  -1.07134  -2.14664  -23.3149  9.15763  
0.954076  -28.9706  -25.4548  10.3474  8.49068  3.75815  0.99688  0.30983  -1.29055  -0.665349  12.325  -70.8819  -8.8054  -0.770367  -104.542  1.41178  16.8097  -6.93668  20.0888  -42.9427  -3.73239  1.93406  -0.361167  5.86569  19.5481  -6.89469  35.035  -28.2347  1.08308  3.04381  -7.19873  56.8438  16.5989  -4.79445  4.3908  5.41967  -12.8055  -22.502  0.838687  -0.0553832  -36.1293  6.01112  
0.749674  -7.84746  -14.9049  8.17569  -0.726765  1.53688  0.800615  -6.77464  -0.693313  -1.37084  14.9061  -145.547  -8.01646  -2.28054  -84.139  -0.0333459  21.5516  27.6648  1.49082  15.7965  1.43764  -0.168979  -2.04068  5.25569  24.7523  -7.82355  28.2981  -25.8224  2.55776  7.06524  -1.02851  42.1618  30.6924  -4.63485  -0.827169  11.9337  -8.58107  -18.8087  -1.09204  0.103855  -28.8144  -5.73715  
0.0987805  13.3682  -18.8135  1.39338  -9.02107  -0.42039  0.189497  -6.23989  0.452552  -2.8253  4.66381  -147.223  -3.50676  -4.32657  17.765  -1.06249  10.3663  25.8396  -5.02421  74.7417  3.8476  -2.11856  -1.87283  4.46699  23.0919  -8.40463  11.5413  -17.6878  1.95586  2.34422  5.11322  -6.7775  31.8482  2.27596  -3.9993  25.0843  30.8658  -13.9716  -4.48049  -0.871055  -8.71056  -10.7506  
-0.540035  15.6193  -22.5448  -4.20779  -10.0345  -1.18319  -0.388663  -0.753694  0.616147  -5.13418  -9.45722  -107.721  0.0905717  -4.57936  113.038  -1.17194  -11.3667  2.60135  2.90936  76.761  1.56754  -0.816571  0.173757  3.59084  9.03228  -9.33471  5.54866  -18.0505  -1.26997  -5.48844  5.77545  -42.8456  21.5005  6.07846  -3.88452  32.2065  63.9344  -1.67517  -6.22393  -0.158836  8.21033  -1.23428  
-0.896854  2.66562  -11.2307  -4.45282  -6.41273  -0.0881405  -0.739408  1.89425  -0.45971  -6.18842  -14.0884  -115.69  0.882494  -1.72422  137.205  -1.37252  -24.0378  -9.05121  8.71648  26.9623  -1.38351  4.29737  1.41749  2.4658  -13.4775  -9.25634  10.9851  -28.3461  -3.5897  -8.49711  2.69431  -30.2338  8.80224  -0.446305  -3.71024  26.4947  48.8043  6.68778  -4.45941  2.35171  16.4486  15.0099  
-0.864221  -7.10987  6.20856  0.253209  -4.30415  1.79687  -0.791459  -1.68229  -1.64561  -4.03077  -6.31911  -197.882  0.501417  2.16536  96.1245  -1.64669  -17.7795  -2.33872  2.6905  -30.206  -0.684174  9.5264  -0.410293  1.54918  -31.149  -6.14605  11.3437  -41.2143  -1.86605  -4.32208  -1.20443  3.71841  -2.0391  -9.65514  -4.34874  14.1192  -4.49116  -7.90095  -0.623991  3.25738  22.1295  23.7199  
-0.345362  -5.09938  11.5784  5.70318  -5.32077  2.11626  -0.376734  -5.348  -2.01831  -0.102717  3.24621  -259.55  0.472267  3.37181  38.3689  -0.771883  -3.5713  5.70815  -4.05162  -51.6614  2.94756  11.2862  -4.15499  2.12635  -32.5246  -0.0495562  -0.968043  -50.7476  2.28407  3.11551  -5.11638  3.89833  -13.5513  -8.15369  -2.37388  1.91227  -44.7708  -34.3537  1.64591  -0.256377  29.3082  18.2418  
0.548836  -1.065  3.46031  8.4609  -5.04495  0.322201  0.470742  -3.4808  -1.5396  2.65855  3.02789  -174.38  0.731159  1.61625  -4.73127  1.85965  3.17789  5.21152  -4.03613  -34.8897  5.34269  11.3158  -5.12433  5.10015  -18.6873  6.5147  -14.688  -53.5169  3.75711  8.41968  -7.1245  -24.3606  -24.317  4.52731  3.11387  -9.64559  -39.4146  -36.7342  -0.517686  -5.81998  31.1612  4.38103  
1.24844  -5.75256  -2.95962  6.61876  0.230336  -1.90907  1.17478  2.14684  -0.81091  2.89109  -6.09895  72.4124  0.280598  -0.355533  -25.251  4.51808  1.34114  1.55316  -5.88654  3.25448  4.15028  13.6586  -1.43804  8.9889  -2.22141  10.4599  -17.9065  -41.7691  0.835773  9.36319  -2.36032  -21.2123  -26.2067  14.1296  6.40768  -17.7761  -6.16622  -1.15235  -6.39759  -8.38154  19.6063  -9.22477  
1.16546  -15.9415  1.61647  1.36285  8.05029  -2.80651  1.08059  4.44571  0.118231  2.47214  -13.6433  311.04  -1.01895  -0.879029  -23.0753  5.01084  0.709178  0.833892  -17.0589  36.9681  1.28672  18.1154  4.09459  10.8244  5.32688  10.2525  -13.2373  -6.03429  -2.58362  6.89028  9.65642  38.5365  -16.4201  9.60921  2.7892  -16.1676  13.9684  38.9612  -11.1284  -5.50069  -3.80434  -17.2832  
0.445616  -19.3716  10.583  -4.72573  12.2345  -3.09021  0.325527  1.1066  1.04057  2.73788  -11.2623  302.776  -2.08575  -0.722665  1.07271  3.45465  5.25194  2.69889  -23.9794  46.7837  -0.613294  17.0758  6.54104  9.18737  4.95682  6.313  -8.11517  40.6213  -2.25132  3.42588  20.0347  92.8027  -5.35918  -2.59758  -3.07951  -1.05604  7.72888  40.4012  -10.0676  0.324544  -26.3453  -18.1719  
-0.151826  -11.7837  12.7896  -8.35052  9.13602  -3.76707  -0.273513  -3.53824  1.50843  3.02033  -1.54081  -9.65835  -1.58648  -0.925709  19.146  1.7058  9.06858  6.16767  -7.02154  32.1422  -1.15783  3.52465  3.6489  6.28085  8.16056  1.28576  1.89049  63.6571  0.762291  0.610326  18.4681  66.5761  -4.60124  -7.78328  -3.12803  20.6871  3.79891  6.87275  -2.0433  4.92004  -36.0923  -11.9461  
-0.331053  -0.211172  6.61963  -8.51924  1.25726  -4.48645  -0.392021  -5.52729  1.16361  2.01395  7.34336  -346.676  0.682423  -0.634813  -2.56874  0.459956  7.61211  8.19796  22.6698  9.28585  -1.89287  -18.8758  -0.892386  4.02457  17.6864  -0.996041  21.5777  38.9843  1.88862  -0.662901  4.81227  -18.335  -10.2285  -1.82108  1.58873  34.2673  28.228  -21.0319  6.55113  6.54011  -28.3296  -2.32515  
-0.586725  7.93045  -1.74748  -7.59279  -5.19581  -3.19238  -0.568185  -3.79139  0.321492  0.337383  9.62091  -319.873  2.38411  0.536544  -64.8025  -1.4864  4.68736  1.16575  34.0379  4.31209  -3.52351  -35.6417  -1.49883  1.88859  23.1239  0.864883  40.3328  -11.6762  -0.767666  -0.434195  -10.7185  -69.2762  -6.58516  5.0719  0.910004  39.1941  68.7702  -17.5365  7.05788  6.28924  -7.89386  4.37239  
-1.13614  8.04936  -7.78699  -6.85752  -6.66941  0.422509  -1.06749  -0.249588  -0.396073  -0.38159  7.60789  128.617  2.04149  1.58029  -118.308  -4.82271  5.70106  -18.7975  13.6663  24.8613  -5.26443  -35.1628  3.46142  -0.835368  13.0603  4.27848  40.2241  -39.7139  -3.74621  -0.51466  -19.4672  -47.1156  11.087  3.95767  -9.36821  46.6685  89.8211  -6.59398  -1.49658  6.03287  13.0688  4.04468  
-1.13568  0.282454  -12.342  -4.22412  -4.05061  3.65499  -1.02837  4.10749  -0.702871  0.153585  7.30181  584.368  0.0619662  1.20386  -106.843  -7.74918  9.53373  -36.5846  -12.7634  60.3412  -7.26929  -20.7384  9.3523  -1.58827  -7.12158  4.6554  24.1782  -21.638  -2.7162  -2.9521  -22.0577  -30.0767  27.4681  -1.73175  -19.3103  65.9176  69.1832  -25.6393  -8.9927  6.45554  19.0102  0.0117765  
0.135785  -12.4602  -17.3281  1.69705  -0.787824  4.25855  0.296692  7.2122  -0.813275  0.697118  10.7  618.846  -1.65258  0.0484119  -29.1963  -7.88979  10.8118  -33.2915  -12.9993  86.9121  -9.19248  -5.83471  10.6752  2.87581  -19.7432  0.757553  11.8296  19.1402  2.18155  -7.35508  -22.0444  -90.7833  26.2434  -3.22319  -17.3858  86.0554  23.0118  -74.3473  -5.88937  6.93646  4.33286  -0.654751  
1.72964  -21.6363  -20.3222  7.97627  1.04872  2.29985  1.921  8.01223  -0.900887  0.177744  13.1445  295.402  -1.76115  -0.66117  47.7236  -5.15463  7.10271  -11.4058  6.67434  86.6963  -9.45815  0.862877  6.84227  9.49411  -17.679  -3.51405  10.6026  45.682  6.31717  -9.68988  -19.127  -171.06  10.5134  0.30797  -5.66272  83.357  -13.3343  -104.348  3.73103  6.26876  -16.0255  2.38009  
1.71456  -18.0742  -16.9746  8.19951  1.86798  0.274548  1.83197  5.53868  -0.696756  -1.16534  9.11365  47.7565  -1.03027  -0.501061  56.0779  -1.70565  0.831547  6.94616  15.1153  56.5173  -5.93626  0.75161  1.56366  10.7084  -8.57366  -3.10412  6.78447  40.219  5.35534  -5.85647  -9.05235  -142.944  -1.77801  1.75494  2.92325  43.558  -18.12  -73.2286  6.9211  3.64819  -19.3568  4.31357  
-0.26515  -1.87225  -6.11472  1.84028  2.54093  -0.377628  -0.332605  0.795709  -0.0896443  -2.48533  -1.57285  74.8443  -0.240448  0.162742  -0.709736  1.1012  -5.38919  10.7282  -1.34431  4.56054  1.28556  -1.18529  -2.90769  4.71602  -0.97749  2.28061  -8.82121  13.923  -0.29137  3.3998  8.21833  19.6656  -2.69383  -2.34335  2.99087  -24.6602  2.09038  12.9003  -0.752961  -0.353344  -1.93706  2.91917  
