0.313751  2.18148  0.0788591  0.880177  -2.20523  1.10293  -1.66586  -2.19526  15.3665  2.31498  3.85723  -0.393969  0.487817  -0.563941  -12.4239  8.50759  0.0680141  3.45061  4.78282  -4.29707  309.476  2.29353  2.48504  0.381387  1.48965  -1.36317  -2.37976  -2.11598  -89.1742  0.920336  -2.28053  2.37317  -1.81951  -5.22388  15.3599  -1.33928  2.63365  1.72969  -10.2147  5.0348  1.66678  7.73891  
0.177217  -4.21628  3.0072  -0.230194  2.71978  -9.03087  3.49509  5.43866  -78.269  0.273397  -4.58415  10.5684  -6.6746  -3.58899  -33.7159  -23.923  1.41971  -18.987  10.1952  -3.55939  -200.932  1.47016  5.31897  0.495224  -1.15792  -6.90798  5.19652  -16.6375  130.874  0.9809  5.27894  -15.4456  -1.76472  11.3048  -49.35  8.83271  27.0807  -17.8727  -68.6813  -14.9064  5.40834  -11.3989  
0.211544  -14.1612  3.09295  0.154618  7.72802  -7.4536  2.56267  16.1676  -99.9354  -2.37748  -8.2625  17.5322  -11.3064  -3.90006  -16.4259  -28.8646  1.88455  -34.9858  14.1313  -1.74732  -1247.01  1.31159  7.67279  0.527109  -1.70448  -6.4451  10.3667  -18.3682  279.28  6.23343  10.5615  -8.38932  -3.39468  20.2861  -95.4382  10.726  33.2391  -22.0168  -48.3265  -20.2691  2.39899  -19.8323  
0.468994  -36.194  0.90117  1.1574  10.0092  0.708711  -3.05441  21.7669  -49.3511  -3.32102  -9.12287  17.3753  -9.6014  -1.13693  24.7448  -8.16303  1.43105  -39.3528  10.7635  0.0721959  -2218.29  1.61249  8.05109  0.511624  -0.474872  0.628751  11.28  -7.53968  317.873  9.49383  13.3576  13.3626  -3.6698  19.9431  -103.83  4.21302  19.6735  -18.3538  33.6591  -12.4723  -4.5071  -14.3542  
0.802026  -64.4279  -0.581031  1.03506  6.76188  3.07129  -8.03761  12.9068  10.937  -1.06667  -11.5628  10.7192  -0.852966  2.40751  40.3359  14.0168  0.698044  -29.3529  0.233341  -0.692978  -2116.23  0.988032  6.38475  0.531747  0.158697  9.10932  8.18189  2.9173  280.428  1.10227  14.8266  23.2888  0.0329701  14.0796  -76.8183  -1.86441  1.99814  -25.7804  85.3256  -3.47675  -6.29315  -3.0856  
0.945491  -71.9275  0.862304  -0.671072  -0.824391  -0.858209  -10.8162  -3.45596  29.1999  1.31913  -12.9195  3.09867  8.61729  4.7767  9.19345  20.5021  0.157478  -8.95007  -8.68715  -3.9238  -872.519  -0.582395  4.60841  0.565339  -0.409643  12.9087  2.78064  2.95806  209.209  -12.3875  15.241  18.5076  2.78591  7.1541  -46.5171  -0.693643  -6.29326  -44.4381  56.0751  1.11635  0.629791  1.75013  
0.792231  -36.9648  4.08746  -2.16424  -6.41104  -1.12377  -13.0917  -10.2402  9.96463  0.852767  -6.7825  -0.0216828  9.72651  5.94245  -30.7126  16.435  -0.225933  8.7803  -6.06755  -6.47359  437.408  -1.45725  4.44549  0.516801  -1.12301  10.7394  -1.45124  -4.60491  131.014  -13.0211  13.32  17.4723  -2.82014  1.79259  -39.5715  5.9525  -2.72971  -49.8698  -1.74507  5.36009  9.07756  -4.01792  
0.543786  23.2666  6.04846  -2.58163  -4.26052  3.93971  -13.6056  -2.23076  -9.4091  -0.412663  6.42077  1.35211  1.75805  7.22252  -22.8085  12.6586  -0.390555  11.5058  4.25192  -5.16715  860.89  -0.300504  4.40591  0.38693  -0.786114  6.35203  -1.89127  -8.08309  25.3514  3.69326  8.41674  22.8446  -13.0144  -0.0887059  -38.205  9.23496  3.13717  -25.147  -5.422  12.318  10.0276  -12.2031  
0.485929  58.6925  5.23612  -1.86059  4.20714  5.34613  -8.49142  7.11247  -9.69136  0.938233  15.0191  2.78714  -5.89589  7.61505  28.4035  9.40713  0.0496187  1.93941  9.51637  -1.39784  533.83  2.10889  2.3161  0.316359  -0.0461572  3.68759  0.965797  -5.19253  -79.7507  19.0047  1.94876  15.1239  -13.2549  1.16945  -6.80222  3.10804  3.25382  10.7864  48.9229  17.3528  2.91074  -10.8685  
0.658874  37.9227  3.22351  -0.301676  10.9408  0.295045  1.46869  6.16836  0.794797  2.87958  10.4326  1.50077  -4.82487  4.58011  59.5938  -2.14766  1.25516  -1.15448  3.58323  1.34236  180.843  3.14044  -0.384554  0.417119  0.593859  3.09851  3.36106  -4.16782  -130.57  11.0686  -3.80347  -9.66298  2.94926  2.07846  43.7666  -8.98884  -3.31473  22.1085  90.2619  15.3303  -4.29873  0.0468917  
0.795648  -12.9002  2.18987  1.30478  9.57736  -1.05405  9.21805  0.0999699  11.6712  1.12923  -0.979333  -0.926891  0.72968  -1.7959  33.6086  -22.0884  2.56112  10.2348  -5.32931  1.13997  179.557  1.82869  -0.75027  0.573112  1.2163  2.59342  2.48035  -7.59163  -103.257  -12.4021  -8.12862  -29.2312  21.4984  -0.317045  55.9788  -19.4886  -10.411  1.08198  74.7399  8.67621  -6.37874  10.1514  
0.676786  -37.8274  2.26788  1.8233  0.359266  7.63812  9.63939  -1.31854  21.1009  -2.94643  -3.0063  -1.85877  0.0321963  -6.32013  -13.8951  -39.1208  3.24215  18.2757  -6.95276  0.146518  404.682  -0.0502886  0.822241  0.564196  1.61327  1.32451  -0.35392  -5.03983  -55.8197  -23.8785  -11.2837  -21.8355  23.0297  -4.05353  12.5837  -24.1419  -10.8376  -19.4564  32.2463  4.72691  -4.18916  11.0386  
0.398474  -14.689  2.19318  0.379147  -9.96925  14.8125  6.1784  1.18182  22.2088  -3.44442  7.6303  -1.1104  -8.08905  -3.97778  -21.5832  -40.118  3.11605  1.95828  -0.949927  1.5638  679.522  -0.255633  0.688769  0.336467  0.886622  0.448722  -1.43382  10.6012  -53.2927  -8.47931  -11.9886  1.16485  7.41848  -3.53574  -27.0092  -22.9931  -4.01917  -5.1939  0.837573  6.47931  -0.688495  5.31178  
0.223262  23.8696  1.10608  -1.78656  -14.2564  5.29894  6.2327  0.202902  4.54763  1.0397  17.8118  -0.295397  -11.6644  3.75541  11.2444  -20.9064  2.15135  -28.2732  4.25059  5.18391  1016.77  1.38827  -1.48651  0.0733974  -0.667953  0.804478  0.426796  25.0801  -63.7711  16.0258  -9.00517  15.737  -5.87842  3.01648  -7.201  -15.6983  3.76246  32.8743  -28.7803  9.62673  4.13714  0.412884  
0.239017  28.9676  -0.190081  -2.62579  -10.2761  -15.3082  11.8879  -4.15572  -22.2194  3.85354  12.0546  0.0381842  -2.99775  9.65797  31.643  8.49306  -0.232019  -36.6063  5.07511  6.80947  1340.84  3.28277  -1.73447  -0.0330822  -0.740173  1.64026  0.702624  19.406  -36.3427  25.4783  -3.27384  16.2848  -4.02161  9.15867  44.7496  -1.51422  5.50641  47.029  -69.7483  9.27481  8.3479  -2.30874  
0.354726  -7.918  -0.618783  -1.80531  -1.13745  -25.9026  17.8917  -4.31938  -26.0065  0.764797  -5.8628  0.516273  8.90667  8.93045  7.13102  33.8341  -4.55075  -6.11639  4.68329  2.74557  1276.16  4.45945  2.12403  0.0589132  1.88444  2.09145  -3.55823  -3.39009  11.4343  16.1246  2.13523  14.6392  3.6744  7.57698  51.1678  14.0102  0.807976  11.5688  -97.3765  6.89354  6.84358  -7.13819  
0.49734  -44.7157  -0.187738  -0.477278  6.26007  -16.9563  17.456  0.368446  8.67938  -3.48325  -17.7892  1.36886  9.07443  3.91292  -40.3342  41.0361  -9.16147  32.956  9.7678  -5.74994  559.675  5.26816  5.37654  0.278609  5.07381  2.40675  -9.8163  -19.138  -4.86047  3.5404  5.80231  14.0273  1.69813  -1.15273  -5.57622  22.9591  -4.8076  -40.5759  -78.8014  7.73652  -1.35913  -12.8891  
0.691232  -38.7052  0.344403  0.533687  6.71191  -1.57487  9.11679  3.60255  50.978  -1.30604  -13.0529  1.81896  -2.62655  0.831659  -73.393  27.9635  -10.6506  33.6534  18.3883  -12.6369  -522.707  5.15996  3.20424  0.555989  5.60003  3.09167  -11.5147  -12.1589  -79.7005  -4.31663  8.51387  5.76333  -8.96326  -8.37719  -58.369  21.4396  -4.9563  -52.2613  -28.3702  12.1299  -9.33642  -12.135  
0.883096  -1.24739  0.427537  0.456121  0.936363  3.67363  -2.47728  3.84321  53.339  6.31866  1.09406  1.58777  -11.3101  1.47185  -85.0208  8.46378  -7.34579  -7.75604  20.7169  -12.7295  -1260.35  3.51552  -1.98899  0.807604  3.34543  3.34791  -6.22872  5.00538  -110.482  -8.99719  10.0111  -12.8198  -13.7172  -7.89737  -55.2736  14.837  2.09898  -10.6211  21.8333  13.5953  -7.54014  -1.40274  
0.914522  16.3138  0.378094  -0.555859  -4.47042  -0.987333  -9.80699  6.80861  7.24309  10.6186  8.33923  1.15796  -7.08269  2.14387  -77.5269  0.958166  -2.09347  -43.2695  8.53988  -7.09651  -1187.93  0.774685  -3.63243  0.916248  1.588  2.06774  0.660292  7.78134  -39.8131  -8.71873  8.49888  -26.4987  -6.08483  -3.03644  -13.9886  10.5285  12.4516  33.7365  61.1969  7.95598  1.77896  10.8437  
0.738343  -13.1898  0.608638  -2.28049  -3.49519  -3.77703  -8.52706  12.3366  -42.9378  6.30706  3.97064  1.07215  3.04336  -0.647647  -41.6573  10.2414  0.785368  -32.8152  -11.5103  -2.96834  -563.658  -1.24617  0.100696  0.842536  1.68616  -0.47243  3.35882  -10.7293  54.7607  4.19801  4.83768  -24.3467  4.3481  -1.21839  14.3896  9.79327  18.2755  27.2957  70.8406  1.08308  6.63867  11.6931  
0.539101  -50.1344  1.02883  -3.08409  3.03292  0.964279  -1.23426  9.81857  -46.9371  -1.08583  -2.9833  1.36877  5.84828  -4.71243  24.8981  19.6855  0.941333  8.72734  -22.0323  -3.44047  9.84644  -1.56971  3.88073  0.702343  1.1209  -2.59382  1.94946  -33.2519  81.6641  21.641  2.23739  -9.53617  6.92169  -3.75457  17.8068  8.3434  12.0686  -22.7677  4.78386  1.31283  0.288047  1.98723  
0.495122  -36.4945  0.932785  -1.44801  9.43143  8.8443  4.55946  -4.25449  -3.91977  -2.4173  -2.58389  1.61447  -1.03545  -4.64629  86.6487  10.3189  1.75348  28.4992  -13.9059  -4.08291  326.178  -1.38348  2.09946  0.631404  -2.11688  -3.12787  0.275117  -37.1402  54.7586  21.991  2.60372  9.39813  2.63701  -5.07081  25.663  2.79693  -5.07482  -57.286  -133.035  6.32059  -9.4728  -6.15518  
0.565879  21.3723  0.447215  1.38483  11.2682  13.9488  3.69608  -15.733  45.9874  3.47859  4.70476  1.58835  -8.77182  -0.250014  86.4992  -11.9817  4.55766  3.09606  0.757424  2.45684  540.011  -1.5753  -3.47495  0.641974  -5.30938  -2.42879  -0.168815  -20.7315  32.8308  -3.30256  3.35647  26.4104  -0.0508663  -0.718472  48.303  -3.73515  -20.0855  -35.5622  -228.884  5.11761  -10.3475  -4.21406  
0.554509  54.2724  0.0304276  2.63438  8.99936  13.6863  -2.01304  -9.21356  63.7597  7.57479  11.0307  1.42892  -10.0183  1.57122  16.3225  -22.5354  6.1054  -34.9377  4.51517  14.493  670.113  -1.30021  -5.52615  0.617349  -4.4278  -1.39434  -0.727867  -5.85725  32.367  -32.3125  1.78185  33.5361  1.58144  5.50479  61.633  -6.9614  -17.31  19.5444  -161.948  -4.93431  -0.997556  2.4571  
0.391982  17.3699  0.562823  0.870185  4.60848  7.88012  -6.83169  8.78106  45.2098  1.93177  10.8793  1.11633  -5.34266  -4.89539  -61.5709  -11.683  4.12397  -39.9976  -3.87163  20.1302  363.649  0.378222  -1.08979  0.490223  0.732912  -0.510205  -1.67156  -13.0417  40.6457  -35.4097  -1.26578  21.7713  3.7011  6.76046  47.101  -6.0929  0.230004  53.3685  28.1665  -11.2513  7.74536  4.59373  
0.240717  -46.8247  1.8134  -1.39719  -2.39411  -0.210651  -7.0926  16.0817  11.6943  -7.92968  5.51747  0.608142  1.52494  -14.4656  -77.767  3.0655  1.82773  -9.1655  -8.18329  12.8386  -456.777  2.61057  4.43588  0.340641  5.59832  0.219287  -0.2128  -31.7191  62.4749  -12.1251  -3.20844  -8.11223  2.54028  2.08532  11.0325  -4.97029  14.1816  40.1333  163.241  -2.93162  5.44826  2.80344  
0.278306  -57.2797  2.62473  -1.1568  -11.831  -5.09775  -3.36338  6.07555  -18.5374  -8.09481  -1.19026  -0.198482  6.60764  -14.6691  -25.5425  1.61977  3.21669  19.2885  2.27596  0.811408  -1254.47  3.77214  4.01361  0.290656  5.86468  0.51032  3.44656  -24.1506  100.078  13.2282  -4.51041  -33.7346  -1.08942  -2.08665  -21.1634  -7.72006  7.28731  4.52698  142.685  13.4684  -3.7765  4.99874  
0.481058  -5.01257  2.41321  1.27691  -18.7398  -3.84324  1.22156  -5.4755  -42.7924  6.7364  -6.90123  -0.993074  5.42644  -0.907052  29.4048  -8.32021  5.697  20.317  17.5419  -1.95071  -1312.8  3.67554  -2.18028  0.365328  1.94157  0.0787521  4.40531  26.2828  111.901  19.0365  -6.04681  -30.8688  -4.71272  -1.68276  -20.8217  -13.4312  -11.7056  -11.9239  44.8956  22.3429  -8.57033  13.1909  
0.61589  38.586  2.00866  2.66844  -16.9965  -0.647347  3.11466  -3.45113  -61.2515  23.595  -10.0417  -1.31924  -3.26491  15.3833  22.2519  -2.08395  2.38072  7.02694  20.7327  4.77123  -664.316  3.75918  -6.67395  0.441428  -2.18495  -0.682343  -0.764435  81.7052  45.2068  8.3014  -5.92349  -4.05018  -6.05477  -0.416167  23.1053  -15.1552  -20.7926  5.36109  -9.3401  19.1586  -4.42575  19.9511  
0.496473  19.8071  2.25302  1.16662  -7.43809  -1.02496  0.304644  4.76442  -70.0614  24.9309  -9.09464  -0.890294  -12.7905  18.0141  -34.8215  20.2008  -7.45618  2.15281  10.5982  7.67027  27.7122  4.20019  -4.09512  0.39079  -3.21628  -0.843703  -7.54041  85.3101  -67.3679  -3.47133  -1.42363  15.9883  -3.46319  -3.95415  82.6566  -8.02173  -8.48195  33.9015  -9.36571  12.8286  2.34782  18.2317  
0.184221  -28.7938  2.73959  -0.473902  2.90994  -2.47858  -5.01147  3.4757  -61.4056  8.80472  -3.85137  -0.0882808  -13.5227  4.63332  -69.2934  30.2274  -15.1927  5.77089  -0.695598  -1.60341  257.492  3.36534  2.5647  0.212758  -1.18866  -0.030282  -6.53904  29.5703  -119.753  -9.16092  5.28259  5.85682  2.25783  -9.96367  96.8641  3.27038  10.6171  36.6504  -10.1219  10.4065  4.0914  8.41085  
-0.0594207  -37.2371  2.66371  0.937661  8.86304  0.218381  -7.2018  -5.71378  -36.0114  -9.70943  3.74087  0.491019  -4.87759  -11.2178  -31.123  8.83545  -12.7058  2.3995  -5.43075  -13.3682  185.093  0.519907  6.53476  0.0475071  2.4282  0.973229  4.36031  -28.9213  -65.1513  -9.98031  8.05113  -19.9768  6.3457  -10.0826  29.8337  8.20678  16.6751  0.145119  -15.5506  9.18667  2.0928  -3.82096  
-0.0512805  9.3674  1.55993  4.36791  12.1465  5.18177  -3.66841  -7.65575  -6.46443  -16.473  9.27058  0.779452  2.50497  -16.3126  40.3429  -22.6059  -2.84784  -6.84517  -8.70443  -12.6319  281.443  -2.29898  6.63252  0.0313932  6.01507  1.03615  15.0058  -40.7285  29.6463  -5.02798  4.72111  -24.5554  4.00406  -1.2053  -65.7606  3.87478  7.78956  -48.4986  5.26713  5.65582  1.96862  -14.041  
0.135265  54.5336  -0.0523453  5.28797  15.365  5.00203  1.02151  1.97528  12.9273  -11.8278  9.486  1.11413  0.451195  -11.8249  63.893  -29.8679  3.90907  -4.07514  -14.4287  0.217519  520.126  -2.17006  5.62495  0.159143  7.39832  0.17182  13.2209  -17.0117  49.4529  7.96017  -0.0153751  2.91442  -2.78474  9.17624  -97.3404  0.0186083  -1.15529  -62.1031  30.658  2.71305  3.75858  -17.7843  
0.284507  50.6022  -1.64984  1.73523  15.068  -0.662763  0.280852  7.60016  18.8009  -5.15206  5.33628  1.57301  -6.58502  -8.23639  23.1268  -9.9896  2.11345  11.7001  -16.0641  10.6799  592.92  1.29761  5.12692  0.313355  4.09659  -0.588445  -1.11069  -1.91698  -21.2962  23.4895  -1.55064  29.7036  -6.07909  12.3587  -40.6895  4.91938  -0.150619  -23.0181  13.2022  3.36168  3.39782  -10.4102  
0.307133  7.35019  -2.31801  -2.75803  6.94875  -2.96931  -5.76684  -1.12397  18.8486  -2.45597  0.590264  1.55085  -6.75593  -10.7957  -20.7589  8.4598  -2.99531  19.6075  -6.25274  9.71392  311.265  4.50785  3.005  0.410501  -2.91518  -0.344655  -14.1951  -7.92947  -86.0292  26.531  -0.919522  20.7423  -1.41678  8.26532  24.1167  12.2158  6.0255  32.6092  -26.0513  3.73547  -0.27022  3.52671  
0.293715  -36.043  -1.26385  -2.96565  -5.3595  1.62772  -10.9736  -13.0914  19.3895  -2.24389  -1.21202  0.450824  5.15018  -14.4642  -7.63373  8.26855  -2.86828  4.1564  7.57319  4.34014  -134.018  3.90085  -1.09107  0.466807  -8.37524  0.53621  -13.5315  -10.3049  -64.8159  12.0067  -1.91057  -19.5225  5.28407  2.99652  14.4143  8.85758  5.78133  50.294  -24.0166  -1.52544  -2.09077  11.7262  
0.31628  -56.8189  1.33436  0.703505  -11.9392  5.16607  -11.6468  -10.1063  18.002  -1.83617  0.577273  -0.983001  24.4667  -12.4667  28.5897  2.08751  3.70849  -19.8963  10.9076  5.80573  -477.006  0.56885  -4.11663  0.504908  -6.88634  0.83672  -2.18397  6.52824  21.8501  -9.3824  -4.7042  -47.3383  5.16746  -0.34326  -48.7796  -5.982  -5.49317  17.1354  14.3496  -9.93217  -0.0169361  5.58385  
0.350536  -54.6335  3.45839  3.04422  -8.69048  0.160977  -9.96383  5.7132  9.80422  -0.630109  1.7197  -1.25314  38.6394  -5.32334  13.1458  6.91912  8.96166  -27.7573  0.577451  12.6168  -629.643  -0.288833  -3.77485  0.526374  0.0263767  0.0426076  6.17121  26.5167  50.8833  -18.6108  -5.98176  -31.6424  -1.65444  -3.2159  -74.2389  -16.6359  -19.9743  -26.642  16.4575  -13.6322  1.54498  -7.7487  
0.412357  -32.1773  3.37619  1.1422  -2.4577  -7.77622  -7.92019  14.7141  -0.121593  1.98444  -2.26483  0.142917  35.8422  1.5195  -56.8758  16.0548  5.17578  -13.2055  -8.69919  14.3342  -628.229  4.26013  -2.56159  0.577072  5.56465  -1.01943  3.96602  31.0231  -50.2524  -13.7857  -4.44232  13.0088  -5.93019  -6.84863  -16.7583  -10.6544  -26.3829  -35.2366  -28.5224  -9.89158  -1.31417  -13.6683  
0.627024  4.38769  2.52197  -1.54756  -1.25052  -8.83643  -3.30021  6.0075  -1.88614  7.09186  -9.82244  1.68757  11.941  5.10203  -96.5352  12.4323  -5.8504  8.07021  -3.5874  7.76513  -419.535  10.4337  -2.62867  0.759296  5.59308  -1.30969  -2.8195  25.5222  -165.113  -9.40178  -1.76784  44.2896  -1.27607  -8.13195  63.5006  4.9721  -17.9034  -5.51611  -32.3314  -4.14208  -5.65096  -6.91242  
1.01491  34.4578  3.17468  -1.08096  -3.78708  -4.06894  5.32139  -7.9509  2.73241  12.4475  -12.7453  1.83187  -21.0065  6.72011  -53.513  -3.04714  -13.8634  19.7209  9.23862  0.310846  8.25139  11.7979  -2.41953  1.06143  2.98387  -0.770361  -4.47052  19.9545  -130.285  -15.7085  0.587778  36.2353  7.7078  -4.96355  85.4598  13.5006  2.81897  29.9296  56.0689  -1.8691  -4.83406  3.21097  
1.32077  36.7978  4.8664  1.94237  -2.37325  -3.10196  13.3896  -8.5205  3.15494  12.1744  -6.133  0.896932  -38.2932  8.04985  13.1994  -10.957  -11.0377  20.709  13.7127  -1.51636  511.274  7.74497  0.106966  1.26051  1.80724  -0.28801  -0.547966  8.86009  66.3395  -22.7591  3.25859  5.11065  11.0254  1.18269  54.0504  9.83089  21.7572  42.3168  148.176  -2.38515  1.78094  7.37301  
1.25015  18.0588  4.14448  3.36107  4.73098  -8.6624  15.0481  6.0796  -4.71696  3.91299  4.24368  0.515316  -26.569  8.46191  11.0808  -2.47783  -0.873921  16.2933  6.20559  -2.51366  798.962  3.91999  3.73722  1.13773  1.29119  -0.346478  2.36297  -14.6943  219.032  -11.9078  5.47064  -13.8005  4.90004  6.11828  35.7781  3.41499  25.6211  28.0949  124.657  -2.14822  7.7274  7.79807  
0.851586  5.48962  -0.432506  2.14956  9.85098  -11.0833  11.5994  19.0904  -7.31697  -6.09302  6.58434  1.30061  0.152261  7.1186  -46.7263  11.186  6.31216  10.3378  -1.19172  -9.17206  779.829  3.84102  4.7218  0.760443  -1.12138  -0.500351  1.30344  -37.6329  177.779  14.4336  4.72307  -2.09723  -4.27314  7.13334  66.5042  4.37058  13.7744  -1.36515  4.79391  -0.499883  5.77771  11.701  
0.499694  14.6244  -5.29857  1.13305  6.249  -1.79676  10.0455  15.2575  7.12635  -8.40563  -1.15318  1.95179  14.1098  4.04123  -55.2737  17.3112  5.60976  5.52457  1.77684  -17.5738  535.862  3.03265  2.64274  0.440882  -4.25957  -0.129972  -0.203953  -34.723  7.35334  34.0317  0.293875  21.846  -7.36594  3.80837  94.6511  9.57674  -0.856929  -30.6124  -80.8541  0.418042  -2.53575  17.6553  
0.44682  31.2294  -5.66446  1.69632  -2.51497  13.394  13.5411  -1.55567  23.7884  -2.22937  -8.56757  1.26036  3.68606  -0.00118923  44.2617  16.937  1.99658  5.47417  6.16675  -16.5962  160.149  -4.04315  0.270077  0.375533  -3.96337  0.565949  0.680563  -4.37005  -79.0562  28.6342  -4.1538  25.6581  -2.89602  -2.49205  60.7439  10.5032  -5.84387  -40.475  -60.1443  -0.27516  -8.21601  17.5161  
0.558598  32.1534  -2.14595  2.60857  -6.71762  20.6095  16.3739  -14.7635  23.4376  3.74394  -5.69747  0.012112  -15.8758  -4.15551  170.629  17.7735  2.45687  11.4255  -0.613159  -4.98652  -278.504  -14.3966  -0.0106095  0.466403  -0.183301  0.82377  1.839  27.9313  -24.9347  3.65914  -5.02322  -0.958306  0.639543  -8.83363  -23.9619  3.34598  -4.46737  -18.8899  1.00582  -1.08087  -5.19352  8.68243  
0.565542  13.0607  0.16909  2.48789  -3.2448  14.18  11.3769  -13.1631  10.4602  2.23753  3.60028  -0.144881  -23.4324  -6.60128  202.598  16.1157  6.19487  20.3906  -14.0725  7.15978  -634.328  -18.845  1.52484  0.524151  1.86757  0.418711  0.272979  35.7572  46.5954  -20.0091  -3.01885  -33.5225  -4.85395  -11.405  -88.263  -9.01762  -5.08844  19.9868  8.6089  -0.823117  2.93228  0.105569  
0.394128  -14.6185  -2.31053  1.81862  0.0252088  2.76438  -0.318636  -1.60004  7.65502  -3.48252  6.75064  1.03822  -14.4674  -5.24179  124.772  2.50881  6.41894  25.4011  -16.8562  10.3776  -720.661  -13.5864  3.5302  0.486304  -0.895417  -0.224917  -2.50474  18.1907  35.1019  -23.6887  -1.59994  -42.7709  -14.8165  -7.55547  -84.091  -20.8629  -10.8478  40.3772  -33.9126  -0.549993  5.97156  -0.363298  
0.164934  -32.3563  -7.17192  0.390433  -5.60937  -1.36946  -10.0488  6.11708  20.2048  -5.04036  -0.330872  2.07264  0.0788422  -0.512889  22.0934  -21.0715  0.0617899  17.8306  -2.60311  7.72324  -405.464  -4.98247  4.70102  0.376548  -3.92044  -0.642702  -3.0566  -6.52702  -7.00606  -8.71471  -0.730685  -29.7836  -13.919  1.47648  -33.7258  -26.0116  -14.1173  22.3815  -53.1138  -1.61534  0.589624  2.58515  
-0.0459691  -29.6504  -8.9145  -3.25846  -17.0532  4.93199  -11.9793  3.9879  25.4692  -0.837726  -9.24841  1.47869  10.0671  3.98398  -28.3755  -36.3408  -7.44783  -5.08057  13.6757  7.46029  103.316  -0.324909  2.78149  0.177152  -1.05594  -0.939623  -1.68324  -20.3355  12.7218  6.70318  1.31122  -17.9528  4.51284  9.86912  3.94792  -20.6711  -7.62071  -12.5722  -17.9846  -3.30173  -5.17363  -0.721985  
-0.148916  -8.86422  -5.73292  -7.11148  -20.0363  13.3643  -9.49995  -1.5713  5.99719  2.56693  -10.5079  -0.407847  12.6714  5.28054  -41.5043  -28.1838  -9.26073  -32.9719  15.3334  8.82169  411.635  0.438682  -1.74438  0.00477901  6.94997  -1.28487  -1.73138  -17.8477  88.6556  5.45114  3.86394  -16.3763  25.9703  10.615  0.414985  -7.50886  6.55201  -23.9508  25.9683  -3.42662  -2.50956  -12.5202  
0.0704454  14.1669  -1.01705  -6.32521  -6.63227  12.4798  -9.00226  -1.42031  -20.7046  0.70036  -5.52201  -1.55897  9.37286  4.85126  -66.9006  -4.14718  -5.62592  -44.6776  5.31747  4.28479  330.018  1.71754  -4.76803  0.186275  12.5803  -1.47287  -3.08008  -8.79557  133.677  -8.95548  3.10896  -8.51868  29.0557  2.10271  -18.0175  4.95778  18.9039  0.890075  32.532  -1.37312  4.86185  -21.5519  
0.71034  16.6163  0.702475  -0.360465  14.1436  0.372705  -10.1495  4.18108  -25.8601  -2.55136  -1.13609  -0.200748  2.28153  6.28062  -97.3986  13.8642  -2.44314  -27.1657  -1.52288  -6.19849  30.7788  4.80319  -1.57892  0.863368  10.2751  -1.3129  -1.92831  -6.16075  94.6854  -14.1989  -1.02087  16.5054  11.4402  -7.82117  -12.8465  9.18028  20.9493  33.8584  15.5542  0.705097  6.32002  -17.7442  
1.43522  -1.66898  -0.878243  3.69526  23.4763  -12.7163  -6.79746  7.93203  -8.67997  -1.4391  -0.0766099  2.81864  -3.62976  9.43753  -72.5943  14.8789  -2.56097  4.34174  -0.150475  -10.5415  -72.0592  6.89236  5.47384  1.6235  2.58518  -1.09598  4.00342  -13.9142  12.3159  2.05187  -3.62363  39.5995  -7.68658  -9.52218  21.0012  8.25911  10.1766  39.4077  15.2854  0.298253  -1.03959  -4.48113  
1.75577  -15.5953  -2.35954  0.515037  14.6223  -13.8918  1.80331  5.25908  3.15199  2.77666  0.307303  3.94396  -3.59847  9.65949  24.9708  7.48281  -2.31531  17.8509  0.494124  -0.492137  109.844  6.43112  8.4159  1.91293  -3.57396  -1.18834  10.3037  -19.474  -82.2444  22.7117  -2.17521  35.2657  -12.8602  -2.70477  51.15  10.4746  -9.90475  11.0408  35.6221  -2.31007  -6.97761  6.96409  
1.73358  -4.92849  -0.931466  -5.02439  -0.0478288  -2.53139  6.93678  -0.340059  -5.91544  4.43351  2.35295  1.3445  1.80472  4.03581  123.253  4.1631  1.95287  3.15607  -5.93378  15.6036  288.212  4.80116  2.79927  1.85871  -4.84819  -1.3939  9.718  -5.29039  -151.135  21.9416  -0.922706  6.60567  -7.84487  3.68171  42.311  15.8068  -24.1213  -27.7381  43.8602  -4.15243  -3.55904  9.45931  
2.01591  19.4783  1.82023  -3.59755  -3.61191  8.35152  1.92565  -2.97003  -19.9177  1.88449  4.21236  -1.49826  7.63437  -3.5204  126.584  4.75588  7.37606  -16.3439  -13.6477  21.9986  201.282  3.53928  -4.8401  2.20156  -3.58287  -1.07523  1.98217  27.6901  -161.188  0.5053  -4.27209  -14.2201  -4.13929  3.81838  1.61572  15.5216  -19.397  -48.0145  21.1697  -2.84847  4.36952  7.5117  
2.80755  31.7618  2.38084  5.4273  6.31733  5.64544  -6.23338  -1.28918  -16.4229  -0.402623  4.75555  0.849973  10.4313  -6.40501  21.0674  1.64816  7.97535  -9.96385  -12.0929  14.5503  -54.5653  1.71357  -5.01623  3.08834  -2.79244  -0.229735  -5.04461  52.4339  -97.2653  -13.4904  -8.46373  -7.33363  -1.727  2.01671  -21.5036  5.50925  0.236716  -37.2352  -9.93081  0.417387  6.90127  8.41892  
3.18556  24.0971  -0.0572701  11.9145  16.4699  -7.80471  -4.52555  0.585006  0.559944  1.44245  5.0794  8.02744  11.0551  -2.98711  -96.5899  -4.85541  3.12617  19.6305  -0.277472  4.75713  -133.708  -1.46448  2.13016  3.42373  -1.80585  0.267504  -4.22512  42.7666  -34.9236  -7.91459  -6.15897  11.4545  6.51014  3.24542  4.5806  -5.91487  15.2746  -3.49534  -22.4647  1.87738  2.39896  16.0487  
1.99136  16.7123  -2.77795  8.34285  14.0386  -17.0513  7.61744  -1.48452  8.75549  5.12363  6.7618  12.1561  10.6787  1.61033  -115.679  -3.39009  -2.16079  38.9134  12.8808  2.47202  88.6189  -4.83625  7.34153  2.0091  1.38386  -0.267718  2.86114  2.28599  -35.8176  -0.595772  2.55733  15.0278  18.0517  4.76005  52.8195  -9.38318  11.9953  32.0482  -17.4155  -0.580084  -1.97788  25.892  
-0.57921  19.7282  -3.09379  -1.18439  1.14662  -14.1668  16.1293  -6.1763  1.65165  5.56076  7.6968  7.13425  8.48481  2.84543  -27.1252  10.7124  -4.81461  27.8975  17.7604  4.26828  284.049  -6.24476  4.36406  -0.784569  5.66083  -1.17324  7.94086  -33.6388  -77.8876  -11.3391  8.54241  -4.06122  20.5886  2.16449  67.5837  -7.12869  -1.5901  48.0107  -12.8459  -4.67886  -2.34377  31.7087  
-2.90492  16.643  -1.55575  -7.37638  -9.96923  -6.71022  10.6225  -8.14238  -5.80327  2.08237  4.12254  -2.66131  2.70316  1.92099  69.8132  25.5291  -7.40454  1.26242  12.1932  1.19531  75.2597  -5.63086  -3.01165  -3.14422  6.39219  -1.33808  4.89103  -34.8743  -59.6891  -29.8638  5.11095  -28.4133  9.60325  -1.54353  24.4474  -8.99115  -5.74662  37.1316  -10.7135  -6.28291  -2.09911  26.6702  
-3.5958  -7.09654  -0.790178  -6.86003  -11.6157  -5.32444  -1.18574  -4.43157  -2.24946  -1.25589  -3.80773  -7.05487  -3.82348  2.33027  72.4503  23.5886  -11.7974  -15.4108  2.18123  -7.38107  -429.025  -4.52359  -7.27868  -3.70904  1.0181  -0.674718  -2.95088  -7.34503  34.397  -31.8154  -3.44846  -35.1619  -3.71689  -1.07352  -37.2558  -15.6898  1.83309  8.58926  -2.79413  -4.37209  -4.7171  10.9646  
-2.87783  -33.3225  -1.8645  -3.79141  -7.76256  -8.50322  -4.68771  2.06183  4.13988  -1.09537  -10.4042  -3.17921  -6.37241  3.1207  -11.7144  1.57969  -13.7096  -16.0584  -1.87212  -13.6429  -713.548  -3.79591  -6.82085  -2.88907  -6.86868  -0.233321  -8.21268  16.2123  111.004  -14.7513  -7.63897  -14.8603  -6.72335  0.862291  -67.4533  -17.3022  5.98029  -18.5035  3.60417  -2.07457  -8.78701  -7.2382  
-1.99494  -29.2628  -3.46204  -2.67856  -6.99325  -7.28114  2.3793  5.8146  1.6102  0.54775  -10.2443  1.27146  -3.45268  0.342442  -89.8255  -24.3078  -8.14043  -9.71942  3.29114  -12.8225  -424.176  -2.92853  -5.40352  -2.02432  -10.6725  -0.623966  -8.01373  11.7748  90.476  3.70733  -4.43847  22.2996  -0.572927  -2.9381  -58.3748  -8.19708  -4.87639  -27.4924  -3.14535  -2.36717  -9.65238  -17.7904  
-1.6668  5.08136  -4.23638  -3.08106  -10.5776  1.04381  8.69808  4.55109  -3.70505  -0.415049  -4.04625  -0.853791  -0.646323  -6.11233  -88.1805  -33.4171  2.26754  1.11308  9.647  -8.94762  169.582  -1.34704  -4.75601  -1.75426  -7.8506  -1.33391  -5.05935  -13.5455  8.00249  12.3264  0.99275  48.4774  3.77655  -10.1821  -33.8092  3.0532  -21.2586  -10.8179  -15.4483  -4.21554  -5.86155  -18.0336  
-1.58238  28.0814  -3.69023  -1.92779  -12.3316  8.98612  5.99824  1.47989  4.71898  -4.02025  2.14461  -6.91348  -4.58278  -9.98769  -26.0277  -18.3495  9.06358  15.6216  6.46793  -7.48237  449.212  -0.48692  -3.81785  -1.65978  -2.43677  -1.70216  -3.8656  -32.8014  -33.4698  12.1717  3.51218  42.8886  0.855857  -11.0124  -10.6272  6.72686  -25.1518  22.1299  -13.0836  -4.16128  0.869509  -15.883  
-1.18845  13.2237  -2.56163  1.90801  -6.5433  9.91084  -1.22294  1.25657  23.7126  -5.44726  2.10111  -9.3643  -12.9585  -6.28267  25.8832  7.94704  8.13268  21.5816  -4.7287  -8.56814  -24.0144  -2.19579  -1.03951  -1.19252  0.00690588  -1.82382  -4.03645  -28.7725  -15.6253  7.10271  3.19553  15.6384  -3.75659  -3.51409  6.29516  4.88489  -12.4021  47.8165  -2.42946  -1.48822  6.58055  -19.0646  
-0.515875  -19.7422  -1.13222  5.81828  5.27147  6.97407  -4.1238  4.7942  30.4215  -1.35709  -3.19186  -6.61438  -16.2698  2.19825  42.4832  25.9226  4.04062  5.85785  -13.193  -7.64264  -878.643  -6.03948  2.98846  -0.476711  -1.09376  -1.86502  -2.1485  -7.84619  -16.1229  -3.29824  2.82751  2.39061  -3.4722  2.33158  18.0971  5.91972  6.24307  44.4284  -9.41287  0.721131  7.85338  -26.0819  
-0.0311494  -28.7286  0.103721  6.52264  15.672  6.50834  -1.68883  7.99476  9.60435  5.15528  -7.24934  -3.66773  -8.14515  7.27386  49.2333  24.2028  3.33447  -19.1608  -11.109  -3.91419  -1228.85  -7.96874  6.76881  -0.0240342  -1.67982  -1.56677  2.91278  8.37438  -65.9082  -9.89376  2.45823  17.1071  0.357716  0.499162  12.7539  11.4467  16.023  11.1857  -25.4334  0.139319  4.4377  -27.735  
-0.0391978  -4.6063  0.515455  2.97957  17.5288  7.12863  0.0809718  6.44635  -21.2958  7.65779  -5.36575  -3.62283  5.73771  4.78541  65.2933  7.33729  6.6363  -24.9451  -3.2277  1.50953  -517.303  -5.05163  8.38325  -0.0805093  1.63822  -0.967695  6.88874  6.96658  -84.472  -1.79566  -0.0897595  31.3159  0.782051  -2.51681  -1.99189  12.949  12.9592  -30.125  2.24253  -1.72653  -0.316469  -18.3776  
-0.434107  23.4683  -0.404411  -1.20071  9.35365  3.69961  -2.9947  -0.369178  -36.5857  4.09406  0.315994  -3.95184  13.3147  -1.71716  74.4153  -9.98018  9.14347  -2.4715  0.567295  7.02354  681.919  0.104057  6.05857  -0.442329  6.58057  -1.059  4.85503  -6.59258  -8.3514  14.4061  -4.61304  8.27143  -3.99935  0.125323  1.27489  5.81357  3.81354  -52.4953  83.7115  -2.14415  -1.82264  -1.37803  
-0.889444  23.4899  -2.12401  -2.60632  -4.27362  -2.41427  -9.02839  -7.67543  -29.3444  -1.76482  5.00803  -1.97336  10.0019  -5.96997  56.0051  -12.9126  7.19825  20.3735  -1.74246  11.7088  1121.41  1.76473  -1.16594  -0.766652  8.22835  -2.28238  -1.69956  -14.6157  112.834  20.3414  -7.15756  -38.8939  -8.18234  2.7028  32.9585  -2.62948  0.100963  -45.7512  137.292  -1.36723  0.8143  14.5661  
-1.08565  -3.17368  -3.31511  -1.46492  -14.4315  -4.2128  -13.4591  -9.9282  -15.0292  -4.94543  6.35317  0.024861  2.88605  -5.17109  19.6488  -1.2746  1.99806  21.4539  -6.03664  13.8363  319.667  -1.53097  -9.15373  -0.850853  4.84632  -2.94703  -6.25879  -4.63195  162.868  9.90521  -4.00549  -60.6403  -5.80232  -3.40982  60.3351  -3.8228  5.05103  -19.2105  76.0124  -1.7162  3.48464  22.3877  
-0.863824  -29.0938  -3.73239  -1.27671  -14.7835  0.391278  -13.1992  -5.85244  -5.15305  -4.62402  7.23363  -1.52697  0.00999024  -1.36273  -8.34535  13.5563  -2.67144  12.6613  -8.90274  11.8747  -795.172  -4.08231  -11.7905  -0.681447  -0.551156  -0.722073  -3.97189  21.0352  91.4078  -3.48262  3.20662  -34.256  0.305805  -13.3591  39.2904  0.618841  10.4903  7.8028  -64.1607  -3.32782  1.55934  20.4477  
-0.36597  -35.0462  -3.65689  -2.92935  -7.38214  4.84758  -8.51882  0.0808317  4.90039  -2.80365  8.55642  -5.79086  0.075644  2.08835  -20.9129  17.975  -4.56075  14.4919  -6.79311  6.59105  -811.121  -0.647666  -7.3568  -0.39185  -3.38364  3.69545  1.51669  44.2068  -50.7748  -6.15509  7.86692  3.13742  1.65955  -13.0942  -18.8804  2.1582  6.78357  17.576  -146.207  -3.65788  -3.34536  12.2375  
0.0282527  -24.8171  -3.92677  -3.78178  -0.879369  3.11315  -3.5408  3.20002  18.9441  -0.655383  7.69122  -8.55369  -2.99461  2.88549  -31.46  6.8336  -4.08961  19.5009  0.484983  1.19948  383.179  4.97929  -0.548802  -0.160035  -2.38444  6.34941  2.84111  44.7565  -155.972  -2.42788  5.75423  9.40655  -3.99347  0.220606  -59.1921  -2.42759  -4.28855  6.09558  -94.4448  -1.5189  -5.19809  4.16005  
0.0152134  -8.04882  -4.68121  -1.95801  0.0475003  -0.941935  -3.14767  2.42902  27.7157  1.83031  2.39986  -8.0371  -9.41983  1.22087  -39.7523  -9.01691  -2.7414  2.79499  10.0982  -1.49503  1352.02  4.27045  2.75011  -0.116587  0.378017  4.54278  -2.35619  16.8564  -155.408  -1.83051  -0.447211  -10.4584  -9.05333  12.6166  -42.4656  -7.56295  -11.7235  -11.4354  14.42  0.597854  -0.450941  0.0886786  
-0.311963  9.95695  -5.44909  0.681646  -0.640653  0.0179898  -6.75886  0.807474  19.4468  3.76583  -5.18014  -6.81632  -11.0586  -0.806964  -31.256  -14.9129  -1.43211  -29.9258  13.4319  -1.74634  786.033  -3.82492  2.07599  -0.246576  2.14273  0.191757  -8.25887  -21.8876  -55.5381  -1.67611  -4.14975  -18.3096  -5.47496  11.9825  6.92332  -8.64397  -12.1071  -11.7042  60.6441  0.237956  6.64585  -1.16524  
-0.547729  21.5783  -5.03048  0.7588  2.78765  4.51392  -6.61634  0.791758  -3.51225  2.9647  -9.12511  -7.4929  -2.13357  -1.46593  -4.58307  -6.08501  -0.603503  -42.5393  6.5328  -2.60373  -765.119  -11.241  -0.204717  -0.392568  2.533  -2.43204  -7.6193  -43.9388  76.5597  2.11618  -1.91564  0.535388  4.76471  2.69312  38.4489  -6.97638  -9.71772  12.3159  25.217  -1.65067  8.12989  -2.82414  
-0.458927  13.7962  -2.46895  -1.25902  8.61408  4.31148  2.49865  1.7539  -22.0466  -1.26971  -6.29595  -8.78009  12.0701  -0.873576  12.2147  6.51927  -0.523864  -16.2111  -1.25256  -5.52178  -1601.38  -12.1919  -1.87613  -0.413591  2.90004  -2.09709  0.755362  -34.6956  140.615  3.98828  3.45071  21.5929  11.4387  -2.0025  26.5698  -5.53312  -8.69816  38.2565  -14.3789  -2.26149  1.49577  -3.62682  
-0.315521  -12.7502  1.12245  -1.25785  9.8948  -2.60398  13.6895  1.99083  -24.9215  -5.73716  -0.135856  -7.52821  18.9787  -0.873696  0.149835  8.31049  -0.930313  20.6673  2.19125  -7.26247  -873.273  -11.2931  -2.61726  -0.397483  3.61438  -1.41161  9.04321  -10.7451  109.262  -2.71178  6.89962  23.6183  8.40521  1.21853  -8.26347  -3.71825  -4.01366  35.5113  -5.56323  -1.27819  -6.28463  0.639972  
-0.546271  -35.7171  3.46617  2.06174  4.38639  -8.8551  14.2988  1.52846  -17.8962  -6.19558  2.65534  -3.2492  13.8038  -2.24403  -20.8362  -0.505278  -0.762919  25.8152  12.7126  -2.7384  347.564  -14.6884  -2.01664  -0.57663  3.0317  -2.62353  9.9188  1.06548  55.0572  -10.5365  5.88762  13.565  0.764711  4.67463  -35.7372  0.510578  6.20715  0.646509  22.9504  -1.06268  -7.49671  9.76931  
-1.11426  -32.336  2.45326  4.36505  -2.24855  -7.91801  3.15297  1.38106  -12.4726  -2.23989  -0.603716  0.888088  3.47567  -3.38365  -13.6443  -8.05912  0.364666  -3.43167  14.8308  7.33782  578.051  -17.2826  0.172458  -0.985435  -0.76977  -4.46769  4.21993  -8.64148  43.9868  -6.03532  1.75918  9.25776  -2.0093  2.32416  -34.3144  4.73026  15.335  -33.1836  32.8729  -2.59977  -1.32716  17.3322  
-1.44888  -10.7736  -0.361515  1.756  -4.93098  -2.02254  -6.11367  0.993841  -10.3148  1.72185  -5.69788  1.90348  -3.09365  -2.35699  28.4109  -4.46863  1.49917  -28.8287  2.11422  14.214  -189.709  -7.27254  2.83218  -1.28711  -6.55065  -4.51064  -0.742007  -20.9146  46.4669  8.07296  -2.69931  11.8634  2.27907  -1.32085  -7.84597  3.77822  16.4353  -28.7838  26.7102  -3.82618  5.32274  17.7264  
-1.24986  1.07296  -1.57985  -3.69139  -4.55431  2.21214  -2.91328  0.190547  -2.70581  1.23268  -5.73955  0.344662  -5.88552  0.0358799  65.828  4.39268  1.60165  -19.7298  -11.8  9.76415  -691.98  16.2956  3.69146  -1.24078  -10.3205  -3.03031  0.861239  -12.3738  -22.1353  14.4297  -5.21033  15.4137  6.50483  -0.354472  28.7983  -2.44094  13.574  13.3701  23.6987  -2.67244  4.15433  14.7205  
-1.01555  -6.78804  -0.373215  -5.58736  -2.24102  1.7266  4.81647  -1.03029  10.7623  -2.58014  0.543538  -1.07774  -9.71885  1.54264  55.6843  7.21317  1.32464  13.4588  -12.4494  -3.55795  -302.479  36.316  2.15298  -1.13593  -9.28334  -2.64739  4.64741  16.2492  -151.472  6.4231  -5.54096  16.7857  3.24528  2.87938  52.3579  -6.59167  13.6611  50.2735  17.9533  -0.0120617  -4.8765  13.9474  
-1.37251  -13.808  0.711314  -1.85442  3.12331  -2.20029  2.36438  -1.77429  20.0989  -4.38728  6.83378  -0.929163  -11.8143  1.42627  1.48117  0.677961  1.97958  35.1443  -4.08943  -13.901  162.288  34.9125  0.0699714  -1.41883  -4.90562  -4.21345  2.28797  41.3672  -225.119  -3.88487  -6.30176  13.5533  -5.94595  1.24457  55.8533  -3.29816  12.2441  40.6599  1.05947  1.41878  -13.9061  13.2656  
-1.97426  -2.68777  -0.680487  2.51767  10.7234  -8.47618  -9.09323  -2.27865  14.1706  -1.34159  6.07647  -0.729844  -4.80784  1.16117  -57.3013  -4.46437  3.45761  24.0853  -0.248067  -13.618  -45.307  13.316  -1.03387  -1.85368  -1.0156  -4.99359  -7.30182  40.5924  -152.362  -6.10071  -9.03132  -0.309256  -11.9294  -4.96585  50.4672  3.71683  -0.463763  -8.26417  -11.9358  0.347969  -13.2303  5.38927  
-1.65588  16.8961  -3.04701  1.84986  13.5345  -14.0621  -12.5298  -3.11985  0.00474596  3.40713  -1.04163  -2.17947  10.7283  2.24936  -73.0794  0.582546  4.7231  -6.17753  -3.39901  -7.72004  -498.305  -9.36665  -1.72015  -1.5315  0.863494  -2.22682  -15.3074  14.7715  -28.488  -2.64613  -11.3874  -22.0195  -8.53069  -6.73395  40.8973  5.25579  -20.5196  -45.5272  -10.7989  -1.8426  -1.71973  -7.02854  
0.0175439  21.3803  -3.47408  -2.60021  5.59993  -11.834  0.291985  -2.69831  -6.19159  4.3276  -6.4936  -4.74859  21.6143  3.76372  -39.6001  12.0832  5.71952  -23.3198  -1.75326  -6.33797  -423.336  -16.7983  -2.88206  -0.0725633  2.76911  3.03562  -13.2734  -19.9853  30.9585  -1.40861  -8.19542  -33.3034  1.01726  0.534615  19.6543  -2.3604  -30.3345  -31.9901  -11.0825  -2.97312  10.0902  -12.4141  
1.85354  11.596  -1.33896  -4.63904  -7.85654  0.912541  15.4967  0.82943  4.47637  0.297063  -4.61934  -6.34668  18.0031  3.58135  10.9464  17.3337  6.65263  -11.4654  9.05926  -9.26292  -138.594  -9.62056  -3.76578  1.55715  6.84991  6.65715  -3.62224  -47.781  25.9294  -3.76364  0.6538  -19.1314  7.73391  8.5397  -19.2402  -10.245  -20.5779  14.7866  -29.4616  -2.32031  11.0313  -4.4351  
2.22163  3.25449  0.978455  -1.6711  -14.6117  14.8527  14.5525  4.59539  24.9834  -4.50753  1.53162  -6.08321  6.9497  0.8184  38.6711  8.02929  5.75561  16.5752  16.2144  -8.15567  -587.12  0.434268  -2.7607  1.95317  11.3006  6.14175  5.08852  -59.8163  40.0959  -7.59634  7.99988  5.29754  6.96721  6.24754  -53.8015  -9.5376  -3.03171  42.5038  -44.9323  -1.16125  2.41252  7.20962  
0.967582  4.70437  1.54668  2.67885  -10.773  15.7876  -1.10106  3.08553  40.3425  -5.2086  4.82168  -5.17795  3.39863  -2.63587  27.2402  -9.2975  0.995888  31.4455  8.54014  0.231055  -1624.88  4.94923  -0.344078  0.918925  11.5756  3.07715  7.14333  -53.6709  66.9048  -12.4476  7.21413  11.0222  1.83229  -5.25155  -55.7813  0.391425  4.62679  24.8781  -31.6916  -1.35863  -3.86338  8.53973  
-0.451566  11.2806  1.15504  4.08851  -6.09634  4.18846  -12.0741  -3.64369  39.8528  -1.36149  3.27259  -4.98419  8.86858  -3.78345  4.8163  -20.8996  -5.30399  18.7787  -6.97492  8.84729  -1748.24  5.06179  1.90885  -0.33257  5.41334  0.56088  5.26242  -29.0489  28.2166  -15.7071  1.4397  -6.25499  -0.741215  -13.4574  -29.9577  10.7152  -0.0523165  -11.1565  -7.15794  -3.05098  0.547223  -0.103287  
-0.735269  16.1967  0.921874  2.71191  -8.78784  -4.00742  -6.21283  -7.93986  23.6932  3.19468  0.509651  -5.17647  9.48113  -1.00151  6.93302  -17.6662  -7.28471  -7.27563  -15.0728  9.6466  -183.62  4.93765  2.27879  -0.655347  -3.64347  -0.136241  4.44721  4.07449  -59.6777  -8.96031  -0.199066  -18.1267  1.7489  -10.7428  -8.78416  14.8128  -2.9287  -22.2162  -4.7622  -4.52945  9.73708  -7.4903  
-0.18306  20.5006  0.0409668  0.798258  -13.2102  1.44899  7.96441  -4.62337  4.66146  3.86589  0.07073  -4.69999  -5.08812  4.32721  25.6339  -3.66654  -3.29593  -18.0369  -9.43659  3.25825  1771.89  4.21667  0.540139  -0.252486  -9.47559  -0.177096  6.10779  30.0787  -77.2421  8.44202  4.82119  -0.993192  4.77142  -2.91001  -11.8817  12.3358  4.24938  -1.31072  -13.9959  -4.05131  12.2524  -8.62449  
0.00206773  20.2734  -2.30221  -1.15111  -7.38412  11.0228  13.8587  1.53965  -1.80588  -0.197667  0.90526  -3.54028  -26.4553  8.19971  20.0389  11.4579  0.295672  -0.926092  0.614576  -3.05305  2215.29  0.489215  -1.96486  -0.126063  -9.07609  -0.67007  6.91535  38.8731  37.1804  20.5842  9.00869  32.0806  2.2932  0.916726  -26.543  6.99938  15.3199  21.6387  7.69435  -2.0207  3.9797  -9.46854  
-0.660749  12.3047  -4.88667  -3.25826  10.0936  9.45417  7.17184  2.45964  7.51297  -5.08903  1.30502  -2.8729  -36.7873  7.203  -18.4258  20.8347  -2.80173  25.5232  3.60253  -4.07253  1013.13  -5.10623  -3.67007  -0.698649  -4.83331  -1.31729  3.48462  33.3964  139.279  12.2612  6.09204  49.643  -5.53245  0.156083  -27.7255  2.57807  16.7469  20.7556  54.6485  -0.377737  -7.692  -15.5409  
-1.47065  3.40606  -5.41252  -4.5401  25.444  -1.7427  -2.40922  -1.56957  16.9763  -5.32672  1.28725  -3.34705  -28.5715  0.499018  -42.6498  23.0778  -9.35231  34.0184  -1.66818  -0.436547  -261.053  -7.03094  -3.47864  -1.38685  -1.13237  -1.54398  -3.66703  21.5464  64.3602  -8.4626  0.188346  38.009  -12.1824  0.309222  -11.6508  -0.103461  4.11821  1.18887  70.9005  -0.171882  -13.388  -21.5805  
-1.64112  3.23675  -3.70816  -3.07  25.4262  -7.9051  -5.78229  -3.80654  10.1891  -0.0483352  -0.188915  -4.06448  -11.2432  -8.62198  -12.3599  20.2122  -10.1659  21.2558  -9.25985  4.89037  -296.886  -2.6798  -1.3363  -1.53187  -0.0381133  -1.4722  -9.76198  9.36978  -127.879  -15.7731  -0.401897  14.6143  -12.3227  2.69433  6.09749  0.673801  -12.1083  -16.778  27.4431  -0.520234  -9.7176  -19.3832  
-1.29425  10.0721  -2.58886  -0.0897177  11.5657  -3.76433  -3.64664  -1.79881  -11.7853  5.24315  -6.47715  -3.81705  1.49056  -14.821  40.8677  13.7426  -2.66204  8.50851  -13.3694  8.96735  540.208  2.80337  1.05548  -1.25345  -0.938147  -1.32568  -9.44016  -0.198374  -233.82  -0.156988  3.49469  0.765042  -8.00985  3.63405  14.9563  4.30906  -19.2439  -26.0847  -24.5579  -0.133403  -0.535969  -9.06442  
-1.10386  10.7079  -3.62688  1.4342  -3.08766  -0.0676271  -1.36902  1.10485  -31.0104  4.33839  -17.8624  -2.64756  5.65417  -14.5138  44.1336  5.24598  5.36611  10.4121  -12.0839  8.40583  1037.69  2.71761  2.23524  -1.14345  -2.11716  -0.765857  -3.34241  -2.107  -157.532  19.0034  3.01568  1.36041  -4.63358  1.12441  12.9411  7.33595  -15.3793  -30.8133  -29.263  0.932672  7.82341  2.01928  
-1.25098  5.3514  -4.77113  0.721189  -8.14585  -4.0454  0.222155  2.35341  -30.6391  -1.55182  -25.3199  -1.75221  7.20818  -8.89497  -18.7579  -5.21137  6.38958  13.1296  -4.96314  2.06959  497.11  -3.19376  1.61239  -1.33931  -2.85737  0.201732  2.66123  4.59626  -11.0978  18.0703  -5.12103  4.46029  -2.46431  -1.87139  1.33168  6.46184  -6.82659  -28.6945  -3.96833  1.7989  10.0166  9.07264  
-1.21001  3.51899  -2.70391  0.258562  -5.34269  -6.77917  3.75961  3.4327  -12.2611  -4.90507  -17.9172  -2.07461  12.1579  -2.3587  -72.0736  -17.0288  2.80763  -2.14599  6.80808  -5.94412  -638.553  -8.16437  0.764514  -1.32479  -2.32602  0.433982  4.799  10.4365  45.8693  0.0330278  -11.6461  -2.76594  2.20186  -2.53441  -8.80507  2.35829  0.415875  -8.11197  -12.1236  1.68121  6.41187  14.2721  
-0.529146  8.34078  2.51658  1.81396  -3.90875  1.73618  8.42311  4.50552  9.25589  -1.83333  1.81952  -3.14213  17.884  1.40171  -54.5484  -26.5655  1.95294  -21.6862  17.4635  -10.0837  -1263.38  -7.685  0.747344  -0.631918  -0.396005  -0.966774  4.51077  3.09573  2.70302  -10.5474  -7.28563  -19.0093  8.92836  -1.14172  -3.3155  -1.19318  7.29089  26.8476  -62.1598  0.0537355  2.48785  18.5973  
0.457971  11.0843  6.67496  3.4862  -8.68847  13.079  8.52186  3.56436  19.7144  2.5804  17.68  -3.91297  19.3162  2.14797  6.85513  -28.2824  4.74143  -11.6707  19.5547  -8.69837  -647.393  -4.02177  1.85257  0.443438  2.58144  -2.81334  4.93518  -15.1402  -51.9529  -0.581421  2.86323  -31.0445  11.66  0.601795  15.4623  -2.0364  14.4009  47.1664  -95.1319  -2.92353  3.18951  20.5409  
0.984622  9.41579  5.97292  2.42932  -14.6069  10.2205  0.824582  0.462651  12.3795  1.18473  17.0747  -3.89839  14.3335  1.16291  35.6149  -17.7544  4.48187  29.7021  8.80059  -5.80609  928.801  -2.00748  2.49505  1.11264  5.16895  -2.49688  5.11294  -28.7304  -62.295  15.1789  5.12199  -30.7576  6.36124  1.60902  23.9371  -1.35331  15.6188  27.8269  -63.8838  -5.84533  7.17731  17.2652  
0.75578  15.6536  1.72576  -1.15305  -12.7839  -7.41474  -9.68488  -0.629992  -6.98111  -4.74726  5.89184  -3.83585  6.92191  -0.662316  18.664  1.0792  -2.83073  52.7152  -8.12814  -4.89351  1977.7  -1.8901  1.05787  0.979189  6.315  0.627312  2.37257  -26.8388  -32.7722  15.7535  -4.17791  -22.7034  -3.16082  1.74533  11.34  -0.842301  4.69194  -17.493  6.86479  -6.69841  7.64405  9.54776  
0.215291  31.3026  -1.22349  -3.82673  -1.18389  -20.7904  -14.0342  1.4255  -22.4992  -7.18976  0.256823  -4.32731  0.421055  -2.79049  12.8088  16.9925  -11.8333  19.3668  -16.6739  -5.18352  1207.98  -1.8519  -2.67386  0.413537  6.206  3.83531  -2.41018  -16.7638  14.4879  1.3367  -12.2522  -17.463  -9.88653  1.44758  -3.76934  0.0754496  -10.1745  -45.5884  66.3373  -5.01042  1.27298  0.756195  
-0.044681  31.4939  0.392635  -3.48249  10.7031  -16.663  -8.02324  3.0484  -19.7595  -2.27302  5.69731  -4.85494  -5.2731  -3.74326  48.2893  21.7699  -14.0323  -40.5916  -9.46726  -4.52841  -900.026  -2.34107  -6.0514  0.0442122  5.47024  3.88551  -4.96827  -11.4499  62.1399  -9.02537  -6.53777  -15.6279  -10.6368  1.37455  6.76479  2.1731  -10.0971  -30.3117  89.0811  -2.48608  -7.62056  -8.84361  
0.0712949  -2.05294  4.87416  -1.11669  12.5029  -1.79416  3.57493  1.15136  -0.470073  4.09435  11.6841  -4.40476  -9.90417  -1.60014  77.3609  15.7455  -7.31257  -55.4779  7.19555  -2.46423  -2350.77  -4.88789  -6.30468  0.0487966  4.32505  1.00821  -4.10655  -10.7017  66.4103  -3.12434  8.64673  -9.70773  -6.77324  1.93691  31.7872  2.93487  8.62331  9.00264  76.7088  -1.00137  -12.3369  -18.1992  
0.205101  -43.1117  8.45177  0.998163  3.7797  8.90436  11.4131  -1.94736  19.1421  4.54045  7.13389  -2.91563  -10.3097  3.15312  44.248  5.41818  2.59413  -6.06255  16.1777  0.31694  -1880.13  -7.24944  -3.19331  0.109527  2.86469  -1.53603  -1.62607  -5.49948  -8.8551  12.5757  17.6742  2.42736  -0.431909  1.46993  35.4876  0.346397  26.3199  31.3279  34.9341  -0.660629  -11.2191  -25.4688  
0.0828299  -48.0167  9.01074  1.95226  -5.10165  10.775  9.78277  -3.67378  25.6622  -0.17971  -3.82674  -1.51198  -4.70637  7.2303  -29.057  -2.18297  8.62808  45.0213  9.33742  3.98003  -347.69  -5.58683  0.10074  -0.0397735  1.93988  -1.58922  1.01738  4.63156  -109.682  19.4767  13.0157  10.5784  5.64172  -1.45471  7.69054  -4.31976  20.0958  18.5402  -17.4066  -0.395584  -8.60208  -26.8326  
-0.234891  -8.33277  7.01489  2.33474  -6.41075  8.95869  1.61756  -4.40164  21.9514  -3.32258  -7.44304  -1.12878  2.44564  7.44393  -67.7746  -5.0359  8.46963  33.04  -3.66412  8.10527  444.279  -1.18827  0.304031  -0.317418  2.00387  -0.589823  4.46856  8.92719  -113.81  8.25704  1.73388  8.78181  7.99081  -4.93792  -16.7346  -7.32442  -7.63451  -12.2806  -38.3212  0.0608954  -8.00937  -21.0489  
-0.520017  32.0105  3.55153  1.90621  -3.1412  6.56604  -4.33094  -5.08184  15.5367  -2.18293  1.8945  -1.85131  5.28882  3.28844  -48.1759  -3.99757  5.25992  -23.3809  -7.47143  9.98879  -66.5062  -0.287233  -2.30598  -0.499161  1.74532  -0.939076  7.27041  4.44301  3.19139  -15.0131  -5.35782  6.57674  5.51513  -5.21083  -16.4759  -5.7037  -29.8664  -34.7233  -0.540913  -0.105838  -7.43311  -10.3571  
-0.640057  31.978  -0.908577  -0.124303  -3.55613  3.20968  -2.02011  -3.73096  9.43568  -0.537868  13.4728  -3.21996  3.29524  -2.56523  -19.9708  1.36803  4.08463  -49.513  -0.892632  6.73136  -770.387  -5.03605  -3.8664  -0.526008  -0.804209  -2.75506  6.6845  3.03303  103.942  -31.0235  -5.46874  11.6188  2.07254  -2.13183  -13.1429  -1.92361  -28.55  -36.9304  58.8629  -1.16798  -3.71299  -0.0694454  
-0.622468  -1.26026  -4.47385  -2.97659  -9.78443  1.28744  4.98179  0.173731  0.461386  -1.62239  13.7855  -4.97642  1.52359  -5.41769  -28.312  11.6495  6.98107  -10.1207  2.834  -0.316796  -593.196  -8.98941  -2.36365  -0.504906  -6.20004  -4.08963  2.34557  13.0036  54.4135  -22.3221  -2.68605  13.6843  1.76823  -0.426036  -20.5837  -0.197865  -11.8615  -20.8639  64.8285  -2.21063  1.84117  5.69007  
-0.550819  -21.9016  -4.87483  -3.57168  -15.0775  4.12016  7.64222  2.4188  -10.521  -3.06237  2.79885  -6.52622  1.97768  -2.1958  -44.8388  23.3878  9.80606  50.3438  -3.30362  -6.82849  366.56  -5.18128  1.06111  -0.47985  -11.0899  -4.20527  -2.06275  22.124  -65.4245  8.29343  -0.292799  -0.119502  2.25388  -2.87282  -14.7526  -2.77336  -0.204021  7.9147  -1.55676  -2.36029  3.5175  7.34345  
-0.509516  -8.21902  -1.5135  -0.376178  -13.0931  8.32694  2.71034  0.105815  -19.1755  -1.31335  -7.54041  -7.0839  2.20754  5.67702  -15.8835  25.8551  5.89204  67.4777  -12.63  -9.27078  1291.73  3.45296  3.36807  -0.417827  -10.7635  -4.45206  -2.61518  12.1061  -86.6473  32.7977  1.39407  -22.3096  -1.36252  -5.37832  38.2112  -7.12512  -3.1214  37.5588  -70.1403  -1.76773  -0.639356  10.0524  
-0.533004  16.8699  2.314  4.00784  -4.21814  4.73624  -3.32772  -3.4954  -22.6362  1.81439  -6.86925  -7.0951  0.169565  11.5804  42.7503  10.2928  -5.7298  30.7791  -12.8426  -6.92205  1619.82  5.93117  1.88024  -0.315905  -4.66601  -5.73335  -0.729225  -15.0181  33.3281  23.9712  1.53223  -29.0641  -7.908  -1.80309  114.165  -7.72015  -10.2647  47.9861  -59.638  -1.13522  -4.4022  18.0234  
-0.563655  18.478  2.62031  4.82366  6.01127  -7.47021  -3.18743  -1.92503  -22.1636  1.62045  0.750671  -8.93857  -1.36831  9.39496  62.1253  -16.3262  -16.9742  -15.0018  -5.98624  -1.36647  1334.65  -2.81875  -2.23048  -0.2473  2.14616  -6.12765  -0.0848915  -38.4182  122.46  -12.7753  -1.02052  -12.9124  -9.27704  6.79842  148.154  -2.72006  -9.87622  25.0123  14.2465  -0.856753  -1.66454  26.3796  
-0.508738  -7.84652  -0.635325  1.48157  12.7187  -17.7239  1.13226  4.09528  -16.8807  -2.66564  5.30908  -13.7996  0.603344  1.00066  6.29631  -32.0665  -18.2728  -31.185  -1.77213  6.12898  684.112  -14.4726  -5.50954  -0.26992  4.0147  -3.04554  -1.38425  -46.1493  48.6054  -41.3471  -5.2153  8.16117  -1.83777  10.8962  111.126  4.84521  0.130723  -16.9376  47.4822  -0.856249  6.57775  24.8892  
-0.34751  -32.6551  -2.80009  -1.51968  14.6594  -16.0696  1.43616  7.47444  -6.87634  -6.18186  4.09473  -17.5316  4.13154  -5.0733  -58.9272  -23.2871  -9.08481  -17.9988  -1.96266  11.3673  170.339  -17.1767  -4.68317  -0.347071  1.13196  2.95032  -2.74749  -51.4592  -86.4318  -35.1486  -7.8545  15.4225  7.76003  3.94422  45.215  8.43912  10.9642  -40.5339  -13.6198  -0.922948  11.7563  10.9002  
-0.18461  -32.7469  -0.521775  -0.487774  13.4618  -6.54267  -4.86875  4.07687  6.08984  -4.40214  3.00318  -12.5391  4.88124  -3.93858  -46.7442  0.512671  2.04338  1.38439  0.811182  10.4144  221.62  -10.875  0.26436  -0.4124  -0.465392  7.90382  -3.13646  -62.8599  -84.2701  -4.22782  -6.30142  13.6117  9.70742  -8.82443  6.60522  4.39814  13.738  -23.6457  -95.0616  -0.8726  8.30491  -7.31357  
-0.136267  -11.2462  4.26098  2.80637  11.5092  -1.38203  -10.8602  -1.13286  12.9186  1.53012  5.854  2.46855  2.24111  -0.658429  38.0328  16.4138  7.14151  9.1786  8.89437  2.91049  679.555  -6.89835  4.43049  -0.43902  3.35809  8.5816  -3.36717  -64.8128  42.9232  21.0627  -0.359562  20.483  3.17109  -15.0267  -1.24325  -5.00341  5.6667  12.2069  -78.3552  -0.913284  -0.637431  -18.5491  
-0.175077  8.64297  6.72422  3.68789  9.94358  -5.25983  -9.58763  -2.4124  8.13803  6.54196  7.56634  15.0034  -0.570241  -2.33203  96.9246  14.7993  6.21018  5.41693  13.5864  -4.97491  862.094  -12.0641  3.6656  -0.402825  9.05531  5.74704  -4.08133  -31.5294  80.9207  26.6593  6.80638  37.3764  -4.16685  -9.62302  -7.58237  -13.3462  -6.07029  23.3986  45.3819  -1.22916  -7.46061  -21.4225  
-0.149543  14.5986  5.35238  1.24379  6.99413  -9.23972  -3.02358  -0.413567  0.040722  7.34955  2.05734  7.79646  -0.9022  -6.5781  52.9217  8.46012  4.019  -0.605693  6.86438  -5.42858  492.226  -16.3626  -1.11757  -0.260005  9.0443  2.7629  -3.67878  34.9283  -66.5233  19.5807  10.9557  43.0069  -6.23638  -0.331132  -26.4437  -14.9772  -10.373  -3.50208  154.02  -1.6551  -8.38177  -21.6686  
0.0416746  9.31778  2.93151  -0.565407  -0.145211  -2.89066  1.94858  0.263865  0.713848  4.57436  -7.22692  -18.69  0.859319  -4.13224  -52.6972  9.44233  3.31772  -3.29932  -4.38231  1.28697  132.275  -4.35572  -4.92066  -0.0120137  1.28186  1.76132  -1.80969  96.7832  -227.551  8.97516  9.40653  19.591  -3.95326  2.47431  -38.9072  -9.6211  -2.84571  -34.5524  138.328  -1.73338  -5.04203  -21.0853  
0.296045  -1.4604  1.97378  0.408503  -10.7221  10.9868  3.5485  -2.2797  12.0366  1.12642  -10.5103  -37.5836  2.55605  5.80834  -104.242  12.7698  3.33627  -2.96775  -8.81046  6.27583  378.433  22.8049  -4.40584  0.207871  -7.65  1.88429  1.13729  115.831  -176.914  -2.93371  3.0181  -19.7781  -0.858564  -1.4383  -33.4352  -2.56572  6.68367  -29.5722  33.8027  -1.53028  -0.674899  -15.3481  
0.380972  -16.0933  1.35488  1.78986  -18.5461  18.756  5.9177  -6.41085  17.7136  -1.34425  -4.33646  -19.3808  2.82885  11.919  -44.0306  4.12779  3.26948  -8.24169  -3.25297  1.72736  881.217  44.2228  -1.93693  0.206815  -10.0281  1.29043  3.75459  88.8798  68.201  -8.87851  -4.3236  -41.9589  1.70406  -2.99192  -29.4732  0.212795  5.0249  9.65184  -36.629  -1.8123  2.92879  -3.10787  
0.181282  -25.2586  -0.739063  0.0694159  -17.3424  12.9081  10.1733  -11.2428  9.74972  -3.20456  4.35358  30.8407  1.57289  5.89713  60.4678  -21.6534  3.7455  -23.1411  0.907188  -9.71636  800.562  41.4375  -1.71711  -0.0484826  -6.00397  -0.269799  4.81268  45.8317  254.656  -2.18304  -9.64845  -34.5448  3.34236  2.3506  -52.8202  -0.619299  -6.55286  44.1586  -25.9277  -2.51484  5.31377  8.08607  
-0.181583  -8.44095  -3.22902  -3.47046  -7.43007  1.7422  10.1569  -16.3514  -1.16792  -5.60689  6.89396  71.6698  -0.411906  -4.30516  92.2506  -51.2444  5.00084  -39.0926  -6.19602  -16.9477  138.962  19.3638  -3.61725  -0.369121  -3.08283  -1.43905  3.14497  16.4381  215.127  8.58182  -12.9489  -20.6869  2.00891  8.48034  -93.8521  1.0788  -12.0124  45.5229  -14.8777  -2.23771  6.7958  8.64742  
-0.465652  37.8181  -3.52904  -4.21716  3.91107  -2.49166  1.4061  -20.4067  2.48391  -8.3879  2.75199  68.5294  -2.23043  -5.02855  20.7021  -66.8633  5.80445  -41.36  -21.864  -13.2366  -385.569  -1.29531  -4.46278  -0.52069  -6.14497  -1.24444  -1.00988  9.12798  16.4858  6.03936  -15.1449  -25.3913  -3.21265  7.18499  -118.408  8.56264  -1.05055  22.2257  -77.6481  -0.0265418  7.07171  -0.792785  
-0.526638  78.3003  -1.47587  -1.56907  9.54549  0.956598  -9.23255  -19.6966  15.5642  -9.5222  -2.53962  33.2013  -2.61789  3.32127  -70.6233  -59.0586  4.66972  -28.1139  -30.637  -3.40207  -311.929  -7.70264  -2.97289  -0.457195  -11.1083  -0.267858  -4.91283  12.1543  -143.711  -7.46695  -14.3629  -38.3388  -8.46185  0.20956  -100.733  15.5016  15.156  -0.163593  -159.454  2.39405  5.95263  -10.1208  
-0.396171  67.6636  0.32604  1.03182  7.59124  2.14277  -9.72396  -11.9026  17.3411  -6.91677  -4.32434  6.31388  -1.45167  7.15679  -80.6079  -30.3254  1.38484  -8.99878  -20.6036  2.35951  -24.6496  -3.3501  -1.2584  -0.314558  -9.43755  0.244041  -4.70043  11.0263  -146.461  -9.5693  -7.84608  -26.9635  -7.90687  -3.50578  -45.6974  13.0064  14.9363  -8.2849  -134.314  1.94238  2.69336  -10.4343  
-0.179643  3.321  0.369859  1.56518  0.904392  -3.90315  1.85624  1.14201  -1.26488  -0.902635  -2.77921  4.2761  0.474354  0.398216  0.198018  10.7378  -3.07973  7.57188  5.35009  1.4053  77.0406  3.4553  -1.0567  -0.199861  0.141419  -0.0291769  -0.0348275  2.02396  -20.1527  8.70502  3.80117  18.0336  -1.05457  -0.195074  26.3286  0.547719  -6.44791  -5.78914  20.0101  -1.83325  -2.34601  -2.45884  
