-0.588  -1.64019  -1.03443  0.366141  1.22447  3.99988  1.40536  -4.39517  2.6693  0.645563  -1.88167  -0.751163  0.980224  -0.737909  -1.21366  2.52646  -0.2452  6.88472  4.20842  0.0551986  -3.73522  -1.99507  0.911577  6.31564  2.46722  -0.65451  -26.9779  518.006  -2.32807  -7.33455  8.65676  8.40067  -8.72694  2.45622  -3.90982  -2.28894  3.58525  2.1019  1.00579  0.943844  0.00999146  -2.01225  
-2.24023  0.478355  34.06  -2.2075  -2.23914  -125.323  1.43711  -177.785  -22.865  -4.38499  -0.0778327  22.9633  12.425  0.178685  2.27314  -7.60031  0.00404048  -32.5617  10.3522  4.0316  -2.87163  -0.529125  -5.65486  -7.58372  -0.399142  -2.20428  -70.8862  66.4233  2.5516  14.3625  -13.918  -132.052  3.24367  -15.7565  8.01165  -0.296531  -26.1262  -17.5563  -5.12971  -14.123  2.32187  3.62722  
-2.15804  1.61268  27.7298  -2.71809  -0.565372  -148.524  5.17682  -203.196  -27.8686  -3.90337  -6.04496  46.6854  17.0958  -1.85018  0.00342275  -9.62799  -0.0594063  -51.8121  15.424  5.36436  -5.78145  1.41424  -3.32419  -6.22376  1.88192  -2.09393  -43.0323  284.453  6.82847  28.0997  -15.5019  -174.076  10.603  -18.5228  13.8397  3.46669  -33.8217  -22.4103  -4.80591  -19.1321  12.0853  4.11917  
-0.229351  2.32779  -10.6946  -0.961854  4.70324  -106.514  10.8828  -64.2749  -12.3905  0.944462  -11.428  58.0106  10.3219  -4.99993  -5.99884  -4.19437  -0.363552  -50.7946  14.8805  3.85086  -10.7733  2.33775  5.21031  15.4265  4.68372  -0.158233  30.6176  1163.14  9.97317  29.5603  -0.77141  -114.435  22.054  -6.80092  14.2825  7.17818  -20.3648  -13.3305  0.480161  -15.1643  24.0476  0.969474  
2.05963  4.20221  -36.5626  1.02657  7.9559  -101.834  13.4151  104.873  5.5542  4.15053  -6.00959  45.4544  -5.50196  -5.35108  -8.59388  1.37637  -0.557837  -45.2034  7.78909  2.01494  -12.8172  0.230231  10.1307  45.7489  1.06078  2.20289  55.6305  1596.1  10.7502  21.4416  9.83882  -29.7534  33.6553  4.99165  13.8254  7.24011  -3.96776  -4.55693  3.97413  -9.7286  24.9789  -0.444325  
3.13232  7.82694  -23.4571  1.85252  6.30735  -133.171  11.0476  135.513  10.4061  2.24495  4.23619  18.8353  -18.554  -2.95594  -6.14726  2.53914  -0.430374  -44.2447  0.757934  1.54211  -8.7524  -4.1278  8.03982  66.6906  -4.17186  3.36824  3.80693  727.458  8.30419  11.61  6.15018  23.332  17.1151  6.92902  13.3797  3.22507  0.0276772  -4.97663  2.64998  -5.53636  12.0993  1.8978  
2.75394  9.16228  7.38332  1.54812  2.12872  -92.0095  8.2219  19.1694  2.77068  -1.49023  2.57959  0.713901  -16.8816  -0.888058  -3.59419  2.30912  -0.0804536  -42.0312  1.02769  1.57388  -0.576067  -5.75279  3.85481  80.1505  -1.04082  2.968  -59.2585  -1162.08  3.32875  8.16703  -0.546951  40.7475  -37.3722  2.8294  10.6378  -1.22467  -6.39497  -7.7242  0.349035  -0.377986  -1.80204  4.68865  
1.87938  3.90262  18.933  1.5585  -0.743062  50.4198  9.28232  -88.6199  -6.03872  -1.87651  -9.88134  0.64073  -2.41889  -0.225231  -2.86546  3.74631  0.153256  -28.5939  5.25215  0.174885  7.41902  -0.946343  1.7595  105.244  9.97875  1.9386  -75.7503  -2335.43  -1.41648  10.9551  1.82871  42.4516  -73.2961  1.91556  4.7527  -2.78373  -10.749  -1.62474  1.02419  5.41114  -2.39825  4.31004  
1.39225  -5.75704  -1.44676  2.81288  -1.07705  166.792  11.7367  -59.5033  -7.24471  1.29353  -14.8178  7.25036  11.4267  0.911767  1.28778  4.50461  -0.131531  -2.35665  4.82607  -2.18195  12.536  5.78976  1.21586  138.179  14.1217  1.32455  -63.8729  -1629.72  -3.7253  12.2832  9.6262  36.9114  -20.9615  6.03172  -1.3748  -2.92181  -5.92373  10.0729  2.97492  7.72623  8.89865  1.13263  
1.31185  -10.6548  -34.0954  4.25026  0.225098  137.106  9.264  49.829  0.00484771  3.39989  -0.804052  7.23643  13.0519  3.11551  12.6692  0.108795  -1.02378  27.6582  -2.31253  -3.20322  13.5673  5.2291  0.848743  127.556  2.49864  1.29798  -67.1193  18.1499  -3.88025  5.35773  9.5077  27.7031  89.8178  8.58578  -5.04499  -5.70418  4.13231  11.9731  2.24662  4.95356  17.5372  -2.05147  
1.20082  -4.46686  -51.2164  4.8221  1.97916  10.3559  0.962086  95.7186  9.68157  1.729  17.0767  1.43257  5.94131  4.23157  22.6071  -7.73136  -2.02966  48.1125  -8.00816  -1.11701  10.9522  -5.3633  0.846167  27.1742  -15.2167  1.36943  -72.9659  965.382  -3.94492  -8.19952  -0.963365  21.1743  134.149  3.86925  -6.08162  -11.8282  10.5374  -1.37202  -0.772905  0.801345  13.5705  -3.56617  
0.898472  6.55089  -40.6645  4.78108  2.18013  -68.2987  -6.83994  54.6586  12.9268  -1.28614  16.3418  -1.6022  3.61448  2.29992  18.5636  -11.8611  -2.41317  47.802  -6.17514  1.69548  6.27784  -16.3327  0.957055  -123.626  -23.5788  1.19087  -39.6083  813.169  -4.81137  -18.9666  -10.6708  27.2125  42.291  -5.64573  -5.53567  -15.7263  9.76342  -13.5898  -2.31453  -0.404738  0.296337  -3.24738  
0.589981  9.73285  -22.0894  5.53795  -0.343818  -54.9696  -9.42009  14.5561  5.06523  -1.8902  0.31234  0.589137  9.99871  -1.65134  0.538565  -8.86178  -2.02241  25.1163  -0.930426  1.6998  1.98742  -15.2815  -0.105899  -206.925  -20.7158  0.854722  26.0494  333.746  -5.44967  -18.1197  -8.24245  34.8501  -94.9821  -12.2102  -3.61203  -11.2624  5.01106  -7.23494  -1.71234  1.44169  -11.0217  -1.19706  
0.406946  1.49933  -22.995  6.40024  -4.28812  -34.518  -9.92335  16.4061  -8.49774  -0.0492907  -9.41101  3.36222  11.7964  -5.29755  -14.9609  -2.45384  -1.34911  -6.261  -0.820352  -1.53596  -0.321882  -2.15161  -1.96407  -142.233  -18.3658  0.575014  66.5499  43.9926  -4.3303  -4.82763  3.75637  13.8474  -126.523  -11.4139  -0.386211  0.467424  2.74145  10.6138  -1.59954  3.20292  -13.5311  1.89781  
0.329644  -7.39231  -47.3867  4.33098  -6.62794  -59.6658  -13.3456  10.7539  -14.5338  1.33066  1.14776  3.61148  -1.65649  -7.17783  -14.5535  1.67861  -0.593954  -22.5786  -5.03946  -3.3373  -1.10691  10.1909  -1.21829  10.145  -22.491  0.431418  37.0597  -151.695  -1.52002  10.7534  14.4674  -52.4775  -33.8019  -6.2288  2.80003  11.8372  2.44892  15.1508  -1.67522  2.67806  -6.44405  4.11054  
0.401001  -5.4582  -61.9291  -1.5484  -4.74497  -73.8996  -18.0509  -20.8167  -5.40389  1.14587  21.0194  2.5237  -19.8586  -6.83911  -3.94039  3.9974  0.886359  -8.06031  -4.34254  0.503659  -2.55268  11.522  2.64833  103.18  -23.7914  0.433788  -17.3091  -223.823  1.5877  15.1842  14.7929  -131.463  54.1972  -3.2743  4.14653  15.7333  -0.488385  -1.4787  1.79484  1.17185  5.69822  3.96231  
0.682405  4.97549  -31.9975  -7.57778  0.000309888  -18.6306  -17.6535  -18.5878  10.654  1.15797  29.8199  2.00046  -18.5888  -3.81576  3.28412  6.73538  3.43071  24.2808  6.50593  7.51057  -6.26388  4.95215  6.16722  62.8603  -9.8861  0.561221  -39.7744  233.039  3.02111  4.48876  6.17492  -160.25  33.8178  -5.16587  3.56569  13.0121  -6.38432  -17.2905  8.29273  1.92216  14.4913  2.21383  
0.991198  11.0155  29.7244  -7.81443  4.57192  68.1339  -10.4909  20.8796  17.6019  2.59619  21.0633  2.20581  1.77049  1.11732  2.52393  8.38158  5.75322  42.4978  17.8119  10.4861  -10.9997  0.365587  6.35043  -37.8358  19.3251  0.682986  -16.7356  1128.28  1.39353  -12.1213  -2.75915  -106.465  -49.4415  -8.2233  2.25719  9.51647  -10.4886  -10.4821  10.9014  5.54518  13.2938  0.918907  
0.952982  6.23319  71.8606  -2.41915  6.84686  86.4531  -1.99443  7.42295  8.69409  3.66061  4.19164  3.19055  13.6028  5.83306  0.829291  5.39128  5.89192  26.27  18.141  5.89363  -13.0406  2.54076  4.08428  -76.407  48.1856  0.592772  22.1337  1678.86  -2.49932  -18.7393  -1.89563  -19.5314  -82.1363  -7.33426  1.50365  7.33649  -8.74072  8.64305  5.76607  7.76554  4.00952  0.445661  
0.458781  -2.01091  58.662  2.66019  6.46721  11.3896  2.56824  -79.8251  -7.18614  1.47565  -9.14695  4.97638  -3.21183  7.76812  1.87618  -0.279825  3.67419  -7.91732  7.2191  -1.56674  -10.0453  4.99648  2.1999  -22.8977  58.7795  0.253815  53.3952  1634.77  -5.44171  -11.0998  9.92977  15.5354  -36.5393  -2.91407  1.43962  3.72184  -3.99386  10.5079  -0.986761  3.78413  -2.15369  -0.479639  
-0.145445  -3.81005  12.2914  1.98689  3.88115  -92.4961  4.05013  -108.918  -16.2182  -3.88073  -12.8655  6.17542  -27.5197  6.29803  0.571012  -2.10471  0.916182  -22.2083  -4.88052  -3.51269  -1.96032  2.67156  1.01171  43.2178  44.6551  -0.117387  77.3547  1420.75  -4.75803  1.1913  22.0092  -18.9106  17.6024  0.457553  1.32261  -3.03892  -1.75356  -12.9827  -1.49775  -4.52134  1.16746  -2.62447  
-0.484473  0.179803  -16.6775  -2.43724  0.196177  -146.731  5.71593  24.3943  -13.0652  -8.57473  -8.65494  5.4123  -24.1991  2.34191  -7.03052  1.90333  -1.02368  0.911965  -7.2037  0.67624  8.17236  -3.81415  -1.36342  55.0057  17.7602  -0.311928  77.0314  1402.51  -0.727247  4.77637  21.8509  -48.5555  22.4166  0.159245  -0.0551574  -8.9801  -2.16628  -37.6827  2.36192  -9.61225  7.53633  -4.18006  
-0.558578  1.02433  -8.73191  -3.73469  -2.45569  -117.457  7.28834  185.93  -2.63145  -8.61723  -2.31389  3.63309  6.40416  -1.9784  -14.6239  4.84311  -2.43646  38.7372  0.271592  3.54245  16.2447  -8.52002  -4.72253  35.3546  -1.99529  -0.347841  24.2081  1408.25  3.31367  -0.866432  10.3615  -1.72657  -4.65689  -0.637299  -3.79348  -9.59755  -1.91973  -42.3713  2.3696  -8.11204  4.79088  -3.50691  
-0.597884  -5.14594  9.55389  0.287457  -1.74089  -32.2506  6.0337  158.581  6.90332  -4.46452  -1.99908  3.37783  26.2545  -3.95088  -11.3921  1.00503  -3.60225  54.8647  6.74236  -1.87255  17.2272  -7.80139  -6.52101  42.0539  -3.14008  -0.37551  -76.3825  1579.5  4.20566  -7.01332  0.997897  90.0613  -17.0904  1.44362  -8.11638  -5.32711  -0.215865  -35.2331  -2.46423  -5.10178  -7.20125  -1.405  
-0.672439  -10.8441  10.021  4.248  1.76594  45.6746  1.83131  -38.3427  9.88352  -1.10769  -11.9376  5.48726  12.9953  -2.68073  2.14978  -5.48563  -3.62971  40.4293  5.19876  -12.809  9.14753  -3.0477  -5.38436  73.5954  6.02271  -0.446544  -161.326  2710.88  2.46434  -6.12211  0.468991  134.151  -1.2761  5.40645  -9.22334  -1.21499  1.81761  -33.1937  -4.18745  -5.65302  -16.5721  -0.282259  
-0.643002  -7.21745  -1.1923  2.83114  4.5043  65.7604  -2.22371  -145.098  6.45473  -2.21851  -22.9089  7.27239  -7.94337  -0.569654  13.2279  -6.52641  -2.30906  15.4599  -2.51144  -17.8072  -4.25619  1.15539  -2.95275  71.9913  10.6564  -0.466993  -167.26  4434.36  0.737173  0.327484  -0.421468  86.7316  21.6631  7.65878  -5.29071  -0.73761  4.93535  -27.9814  1.44347  -6.51865  -13.4736  -1.03668  
-0.430647  3.89391  -1.80466  -2.85573  2.38395  48.3025  -4.51433  -20.4908  1.04292  -4.46754  -22.3198  5.76779  0.833071  -0.850035  10.2946  -1.1234  -1.56408  -4.19755  -7.82688  -11.3871  -13.4976  1.36842  -2.28034  19.6574  8.49304  -0.338318  -90.8713  4738.37  0.624391  7.26513  -9.8638  -0.509234  32.4575  7.75446  0.981861  -1.8166  9.82596  3.73524  8.06967  -2.35438  -1.66642  -2.26551  
-0.111104  10.9727  13.075  -6.05738  -2.82159  46.8514  -6.57278  140.485  -2.15563  -1.06257  -6.24218  1.46563  32.805  -3.32566  -4.1341  3.60254  -2.82261  -23.1088  -6.19662  -1.45817  -11.7926  -1.90328  -4.13207  -33.1435  10.3663  -0.0632202  -5.48499  1875.91  1.2638  10.392  -17.8304  -62.5058  24.0316  7.90657  4.52458  -0.526785  14.4161  58.9791  8.27261  4.37906  7.62783  -2.17585  
0.238761  6.65147  24.6521  -3.79053  -4.18502  73.7444  -8.58737  100.989  -3.59923  9.10294  13.6495  -1.9506  49.2496  -4.45129  -15.4617  3.55752  -3.92816  -47.2037  -0.237008  -0.141266  -2.06126  -4.0908  -6.40757  -35.6246  18.471  0.253082  22.6798  -2845.41  1.49356  8.77884  -7.58922  -86.0872  -0.79219  9.56264  3.40156  3.07125  13.7011  99.6261  3.67426  6.64625  8.88739  -0.630206  
0.584255  -3.74546  15.7119  0.185009  1.559  91.8789  -6.80463  -80.0461  -5.68317  17.5196  24.8541  -1.80629  29.3785  -3.39246  -12.2449  1.96926  -1.30553  -61.9931  5.20103  -8.12963  6.12216  -0.712093  -5.86438  0.0615696  16.6374  0.462986  -14.8636  -5913.71  1.01837  2.88316  17.3245  -94.2333  -25.5173  10.6739  0.103051  5.54552  8.46567  94.5619  0.470321  3.92676  5.56911  0.811362  
0.764738  -7.64039  -11.9482  1.02099  8.19089  64.3868  1.29655  -132.963  -8.1694  15.264  26.4997  1.23259  -6.30979  -2.87918  0.669794  1.91958  4.45567  -48.4836  10.0919  -13.3955  7.24779  5.7789  -1.90841  27.5092  -7.11648  0.4134  -62.5356  -5187.47  0.554818  -5.64477  31.7353  -95.6049  -26.7826  9.18013  -1.62454  4.17916  4.81599  54.665  -0.0713923  2.73541  2.64503  1.07095  
0.58066  -0.358309  -41.9044  -1.05508  6.62837  5.74937  10.9174  17.5008  -6.82087  3.87955  25.8784  3.70919  -26.0472  -3.77118  8.63732  0.864859  8.04181  -13.2815  14.9967  -7.09422  3.92429  8.64066  2.35947  33.4227  -37.3675  0.108142  -52.8403  -1797.59  -0.0611347  -14.51  19.763  -73.7375  1.44674  5.25399  -0.231507  0.233097  4.19521  15.9435  -1.48379  6.18484  0.826038  0.13293  
0.100433  10.0776  -57.643  -2.1252  -2.24112  -64.4501  14.0583  144.454  -0.57718  -6.21874  22.9174  3.45925  -23.3503  -2.1642  4.40951  -4.4932  5.74877  15.0339  16.1769  3.65308  0.278156  4.21004  2.55927  38.6967  -43.5886  -0.231037  19.6307  1419.53  -0.819606  -18.9449  -4.09231  -25.8539  31.234  -0.067871  3.48107  -2.67676  0.129353  -2.81822  -4.74471  9.80024  -1.60237  -0.851675  
-0.241941  11.9324  -51.4049  -0.276585  -6.75384  -125.575  9.76112  69.112  4.84774  -7.24647  14.2922  1.76426  -12.8004  3.47125  -3.98773  -10.0545  0.522539  19.227  9.89828  5.29353  -2.33836  -2.48279  -1.59969  58.2779  -18.2777  -0.312852  90.2199  2584.72  -0.980119  -15.3528  -13.754  27.1183  28.2961  -5.56068  7.30278  -3.81274  -11.2499  -8.81386  -6.50856  9.44803  -5.23382  -1.0959  
-0.116837  2.82985  -29.185  2.3657  -0.231427  -149.484  5.82589  -85.2095  4.66287  -1.68819  0.435231  1.34852  -6.13277  6.89855  -5.31486  -9.26381  -1.60973  11.3711  1.02278  -3.61622  -3.89127  -2.98273  -4.2371  83.7027  11.8544  -0.0970546  78.8111  1668.65  -0.415071  -4.89792  -2.95939  64.4469  -4.70884  -8.75366  7.92796  -4.73454  -21.9381  -11.6907  -4.54969  7.10997  -7.03963  -0.578322  
0.281114  -9.09074  -3.33327  2.8284  8.79703  -93.3592  7.75486  -84.2615  1.08853  3.14527  -10.2063  2.98868  -4.09243  1.38028  -0.590982  -2.95108  0.989785  9.46095  -2.0501  -10.641  -2.74595  3.02577  -0.923148  100.786  20.5807  0.151321  -16.3894  -96.7126  -0.38285  5.00155  11.8464  88.5867  -28.2701  -7.19235  3.54387  -6.81406  -20.9169  -8.71196  -0.558806  6.05119  -5.4283  0.52662  
0.42784  -14.4855  18.0069  0.910297  7.6661  12.3648  10.9104  56.8797  0.659886  3.43247  -11.9925  4.20937  -5.04402  -8.40977  0.0223319  1.43304  3.8624  13.953  2.28089  -6.82878  1.12215  5.7681  5.7264  103.679  16.5573  0.154884  -109.322  -1564.54  -1.17066  6.34817  15.5266  106.078  -18.349  -2.25802  -3.09497  -8.25694  -8.92691  3.27971  2.56895  4.6798  -0.786462  1.85392  
0.110821  -10.3558  37.4151  -1.35132  -2.73062  62.8359  8.38749  112.02  3.3434  1.13463  -9.73911  2.58072  -10.0118  -10.2  -6.41805  0.91981  2.36376  15.2053  5.71729  2.90811  3.98129  -0.951494  7.72936  88.2731  22.8061  -0.0515575  -98.4195  -2445.88  -1.96503  -1.41597  9.84179  101.2  1.10834  2.15144  -5.22499  -5.8765  1.12396  15.079  2.83122  -0.256022  2.85421  2.95041  
-0.310048  0.0995132  52.0509  -2.40083  -8.60124  30.6213  2.44978  -7.04132  2.31861  -0.305219  -9.52259  -0.564667  -16.6423  0.0861601  -9.76813  0.875132  -2.51145  12.8827  1.41323  8.25895  3.21163  -9.25078  1.35181  51.8583  38.8029  -0.184076  7.21155  -3272.71  -0.692709  -7.94079  4.94868  59.2353  -5.8584  4.26878  -0.263767  -0.0990857  3.34209  14.4743  -0.339151  -6.96684  3.6678  2.9042  
-0.34036  10.8523  48.7024  -2.77254  -1.48001  29.7261  1.416  -126.864  -3.55632  0.48514  -9.55473  -1.26545  -15.9988  12.217  -1.07957  5.31614  -5.22242  13.0101  -6.53711  7.88226  1.81382  -7.63347  -7.915  0.35965  42.0178  -0.0748709  106.216  -4492.45  1.72765  -3.4796  5.72207  -11.5422  -31.9319  5.85213  4.77314  5.90601  4.69181  2.37379  -4.49008  -9.93265  2.19801  1.36275  
0.0620441  15.6777  24.0619  -2.89813  10.1016  163.377  5.72037  -72.1623  -5.91947  2.43411  -1.77385  2.08919  -0.311386  14.9818  13.1227  9.692  -2.03832  11.3021  -9.41198  6.94726  3.89904  3.37923  -11.1548  -56.3983  27.4343  0.12749  108.701  -5277.08  2.36215  10.0286  8.13062  -76.6924  -32.43  7.54061  0.622258  9.05905  10.1264  -7.92717  -4.23711  -7.12602  1.12914  -0.74801  
0.480555  10.8943  4.06668  -2.54742  11.8046  311.325  5.76931  77.0777  1.58886  3.0977  11.2611  6.18628  28.4051  9.18189  17.6466  7.05325  4.50814  -3.05508  -2.93507  6.55751  7.31401  11.6068  -5.8239  -114.947  16.6909  0.195965  28.7239  -4234.85  0.437098  20.3616  7.89333  -98.1736  7.78199  6.55788  -10.1929  8.70925  11.708  -6.36811  3.23208  -2.33763  1.79215  -1.9304  
0.502087  0.78145  16.4417  -1.30261  1.71108  250.308  -3.6537  103.038  10.7378  0.456395  17.0618  6.89978  53.6342  3.97312  9.12219  -1.34281  8.11266  -25.5035  6.52251  3.1936  5.68687  9.11034  1.53629  -165.338  20.5035  0.0850659  -61.6939  -1500.74  -1.21839  17.5889  3.86809  -60.3805  46.6581  1.47668  -14.1753  5.60982  0.987508  3.40344  12.5622  0.232664  3.28366  -2.22697  
0.123242  -4.87184  40.9111  -0.376494  -7.9471  -44.6278  -14.0843  -41.1994  7.58212  -4.92825  7.48011  4.57438  52.6368  4.26931  -0.210444  -6.48707  5.45064  -32.9677  12.5982  -2.91535  -0.442718  4.20773  3.437  -180.481  15.1228  -0.0774359  -104.967  648.637  0.169161  2.84397  -2.26758  17.8761  35.1151  -4.31622  -4.62561  1.09376  -12.2912  10.1378  14.3783  0.689464  2.47927  -3.13273  
-0.306017  -1.26703  21.5311  -1.16342  -7.346  -321.538  -14.7723  -172.087  -8.3995  -9.65875  -7.61762  3.17248  20.1789  6.62266  -0.357931  -3.36626  -0.411593  -16.6846  13.6053  -5.66266  -3.54272  7.4914  -0.747653  -140.42  -20.1121  -0.169913  -93.7399  267.13  2.79706  -15.0918  -7.62439  87.0549  -17.9739  -5.87549  7.67262  -3.06714  -9.2159  6.472  6.37282  1.4268  -1.08039  -5.17596  
-0.487229  4.80296  -64.1769  -3.10002  -0.083971  -343.886  -8.07151  -114.767  -19.9403  -10.3461  -10.2279  4.74503  -23.0111  6.49686  2.6808  3.30018  -3.86972  4.68998  10.955  -3.17738  0.727393  16.3081  -3.56988  -64.944  -58.6905  -0.197453  -68.7688  -1742.48  3.68941  -24.8687  -9.12706  95.8861  -50.7892  -2.89235  6.38253  -4.70805  10.5981  -5.05699  -3.43804  3.1241  -3.39613  -6.7743  
-0.443982  3.27347  -153.965  -3.79132  3.25725  -149.167  -5.56732  81.5731  -13.3818  -6.71478  5.16284  6.62946  -43.7374  3.80555  -3.54088  5.75594  -3.10221  5.7596  6.45959  -1.53867  6.75315  17.9833  0.525689  0.218662  -54.1769  -0.226381  -57.5933  -2354.12  2.09475  -19.721  -6.16397  41.0529  -22.0743  0.536591  -7.84231  -3.46338  25.9351  -14.8348  -6.88831  4.06815  -1.42573  -6.27587  
-0.417829  -4.45055  -164.494  -1.92775  -1.80005  36.8505  -11.1204  209.409  2.59948  -1.60815  23.7953  5.33966  -32.753  1.26779  -19.7258  2.47249  -1.27065  -8.17779  0.456005  -5.29207  6.32423  7.52015  8.51929  27.3431  -7.07966  -0.308354  -52.5275  -752.904  0.838486  -1.94508  -1.45487  -22.6036  38.2448  1.43786  -17.2069  -1.23219  21.7704  -13.8539  -4.12325  3.11428  1.66028  -4.23305  
-0.510269  -7.64031  -82.2661  0.211143  -8.9569  82.3106  -15.2146  149.323  9.67016  2.14271  27.6235  1.72262  -7.20472  0.310984  -31.2794  -1.2276  -1.71899  -8.70247  -5.57289  -8.71024  0.545878  -5.08298  11.7775  27.382  28.3447  -0.409821  -26.4766  721.615  1.03863  14.42  1.14026  -35.3898  61.9151  -0.0130715  -9.59022  -0.272024  8.15449  -0.426453  -1.07568  1.38154  -0.423746  -2.49549  
-0.553506  -2.18621  18.3668  0.398042  -9.80197  43.3418  -9.36826  -12.6249  4.02671  3.30863  14.0472  -0.321725  10.4947  0.735677  -25.6994  -1.53636  -3.66168  18.0528  -7.65581  -4.32287  -3.42048  -8.98942  5.84518  22.8279  12.888  -0.422916  12.0762  -282.456  0.881821  15.2683  0.58681  0.0421314  22.7853  -1.96617  6.01377  -0.959119  4.73222  17.0147  -0.95585  0.622151  -7.25832  -1.2458  
-0.333386  2.72777  65.1476  -0.109395  -3.57289  14.747  1.74249  -105.192  -0.897117  2.01912  -1.33517  1.29285  16.2634  2.00672  -5.97698  -0.563534  -3.6218  51.8646  -2.93918  5.7358  -2.65422  -5.65628  -3.78817  24.6319  -26.3246  -0.251362  25.2066  -2501.2  -1.27633  0.862405  -1.24498  25.9852  -23.3339  -2.50187  10.9143  -1.49059  12.0617  25.6175  -2.02198  0.777516  -11.2123  1.196  
0.0755432  -1.88961  52.7693  1.0155  2.11145  4.42612  6.62867  -61.4615  5.313  -0.703266  -3.44763  4.13518  15.2446  4.04602  14.5107  -2.12307  -0.215527  62.8865  5.24176  11.3211  -1.56176  -4.94005  -8.66262  35.039  -36.3049  0.0268737  -5.1891  -2741.98  -3.38254  -10.2738  -1.7924  9.73393  -1.8812  -0.494354  0.366788  -0.669798  13.8434  18.8597  -1.9081  0.428246  -6.62996  5.18174  
0.345945  -10.437  22.8082  2.5664  1.24434  -7.03559  2.90156  20.4191  14.7929  -2.96137  8.33523  4.2292  9.88764  6.43133  24.979  -5.95109  3.97972  44.5863  9.00559  7.75478  -3.71876  -9.3419  -5.70692  48.5203  -7.54577  0.178611  -34.7847  -129.852  -2.78098  -4.81462  -1.38064  -23.1408  81.8171  2.76978  -12.4383  0.420573  -0.433991  4.76158  -0.646295  -0.938122  0.842329  8.39336  
0.312194  -10.7362  4.34887  0.89886  -2.71126  -3.62378  -0.861819  25.8235  13.4198  -2.72737  19.257  1.30353  0.330842  7.67764  24.4435  -7.45037  5.61057  12.9725  2.99615  2.1537  -6.11776  -11.5929  -0.0693674  49.0833  19.7233  0.0966263  -11.5139  2654.51  0.61657  7.41211  -2.128  -31.3551  127.161  3.79782  -13.0321  -0.413582  -19.1348  -1.09814  0.520191  -1.97595  2.92759  8.59976  
0.1592  -1.89365  1.21662  -4.37679  -1.02904  30.8362  1.69355  -38.7416  1.41628  -0.0651384  16.408  -0.522043  -8.48138  6.54562  17.2064  -4.18652  4.25796  -14.9995  -7.81533  2.10393  -4.64727  -7.14181  2.66426  9.50502  16.9009  -0.0503214  39.3053  2990.04  3.81064  5.4861  -5.78916  -24.8201  51.4297  1.35227  -1.73674  -2.96021  -24.3099  7.71272  1.11902  -1.46173  -1.19317  6.39024  
0.120824  4.03831  8.2455  -8.24513  7.85878  66.7409  5.91795  -63.7317  -8.49019  2.72101  -2.06606  2.52334  -7.6172  3.84901  7.86383  1.28307  1.95903  -33.3913  -13.023  5.68111  -0.539035  -0.881746  1.01241  -64.4658  -2.8086  -0.0426406  31.8998  1434.4  3.08637  -13.1172  -9.60224  -37.3727  -94.6024  -1.19445  8.55053  -5.06719  -13.6895  20.3051  0.879763  -0.0630924  -5.00414  3.81055  
0.0790259  0.0683314  20.54  -7.43489  15.1739  58.1324  4.31993  -3.54206  -8.47627  3.27643  -19.7508  7.9843  -0.815806  2.0596  -1.67601  4.09478  0.0909175  -39.5474  -9.41126  4.8063  1.39428  -0.550897  -2.46216  -124.241  -10.678  0.0117066  -43.2957  238.82  -1.90572  -26.463  -8.721  -68.2575  -174.435  -0.649592  8.13048  -4.44165  0.272449  21.4897  0.146519  0.667652  -4.69164  1.89916  
-0.25938  -6.10987  23.0609  -4.81441  12.1607  -4.52814  -1.22001  64.0823  -3.44129  1.64646  -16.8894  9.57596  3.16541  2.76069  -10.2212  2.79355  -1.74102  -33.0457  -5.0527  -2.49601  0.300162  -4.20599  -4.95588  -117.479  -3.0681  -0.199313  -104.947  442.857  -7.85348  -18.3873  -2.04934  -71.8014  -128.848  0.63316  -0.284614  -1.85536  5.55651  8.81911  -0.0119529  0.212156  -2.40035  -0.194482  
-0.839402  -3.59869  4.23776  -5.00212  1.24247  -73.7319  -2.55596  60.6251  -0.427226  -0.00258539  3.67886  6.04194  2.21405  3.94948  -16.0628  -0.795512  -3.65802  -20.5372  -7.41119  -10.1929  -0.388616  -2.35477  -4.27694  -50.1473  1.16232  -0.697732  -84.0412  1070.3  -9.64455  1.45305  5.97683  -22.9457  -38.4026  -2.52068  -6.0799  -0.941293  1.68396  -5.62278  1.2644  -0.492542  0.905321  -2.98868  
-1.17112  5.17645  -21.1699  -6.32801  -6.16333  -89.3534  1.81407  8.98249  0.565733  -0.164446  17.0273  4.32564  0.381382  1.29019  -15.195  -3.69995  -4.26507  -12.3035  -14.0769  -11.8703  2.33416  8.98381  0.592422  4.32902  -6.2957  -1.05416  -20.3959  941.62  -5.55136  10.6927  9.24059  28.3556  -10.34  -9.01377  -2.67135  -2.62303  -2.76621  -10.6996  2.98254  -0.45827  5.83563  -5.527  
-0.894723  9.02645  -24.037  -3.79776  -3.78683  -38.6047  3.5981  -9.42463  2.74193  0.454349  2.93207  10.6879  0.160848  -6.06342  -5.92812  -5.084  -2.67088  -8.37956  -15.45  -8.04076  6.80536  20.4699  7.38578  -18.6025  -15.9025  -0.859586  0.701249  -196.812  0.644065  3.93172  6.45509  12.6144  -33.3014  -11.4614  5.60975  -3.85639  -2.36534  -6.32429  3.10275  0.306237  10.4376  -6.68407  
-0.275928  3.31456  -2.83616  4.20116  3.07663  31.0212  -2.4511  20.1275  3.82868  0.199206  -25.4699  20.6691  -7.26657  -13.5014  5.79467  -4.3858  -0.523644  0.855825  -4.7571  -3.79219  9.19874  20.152  11.1957  -105.971  -14.775  -0.266783  -26.2286  -1729.42  2.84434  -4.00604  1.30678  -54.2815  -10.4379  -5.65292  8.63665  -1.4955  0.973151  2.01626  1.2794  1.05324  9.62933  -6.2693  
0.114942  -4.30769  17.8769  12.5928  6.00312  53.6978  -9.2312  40.7778  -0.267926  -1.37227  -33.9892  22.8937  -21.017  -15.2835  8.46308  -0.840502  0.0827145  16.7096  12.8431  -1.57325  6.58916  7.71583  8.2269  -170.502  -4.7379  0.177571  -29.7453  -2854.65  -0.635201  -1.40688  -2.01544  -74.1134  90.9266  3.07867  1.92317  2.22051  3.57722  11.0589  -0.553138  1.09047  2.33858  -4.96952  
0.10173  -5.78066  16.056  15.5437  4.20206  14.4357  -7.08364  16.4179  -6.92473  -2.86246  -7.78494  13.3112  -30.4748  -9.98381  0.323346  5.09782  0.0165469  25.9478  24.0197  -0.374263  0.0446237  -3.56781  -0.849277  -138.455  2.95176  0.173114  15.6068  -2740.95  -4.86485  6.92499  -2.06986  10.8385  179.983  6.42176  -7.74681  2.84315  5.44456  18.2484  -0.866684  0.410871  -4.30038  -3.02731  
-0.00609267  -2.87926  2.31849  12.0977  2.54171  -22.1216  1.76097  -16.1897  -9.09511  -2.75006  29.9354  0.977941  -25.6281  -0.75623  -6.3549  9.67  2.1342  18.2865  20.3548  1.1027  -5.34174  -4.11491  -10.9534  -22.9744  1.8427  -0.0900662  47.7922  -1509.98  -4.08639  10.0767  -0.173809  126.48  159.854  3.22352  -10.0363  -0.0414643  8.96156  17.981  -0.273819  -0.336765  -5.29752  -0.787178  
0.0576106  -2.5752  -3.52962  6.61079  2.99451  2.75018  4.94672  -17.0697  -4.90313  -1.31773  46.2089  -3.53491  -10.1712  8.07464  0.870183  8.70749  6.34185  1.81281  6.49256  3.1583  -4.18549  1.1591  -15.6894  87.6573  -5.35333  -0.263095  18.2378  -519.35  1.26788  6.00734  1.07211  144.261  48.5605  -0.282132  -2.58818  -1.13609  12.2917  7.66238  -0.14581  -0.463405  -3.82879  1.25807  
0.175232  -6.36131  -2.21404  2.59141  2.03739  60.267  -2.30222  -0.536679  -0.118683  0.0507392  30.8969  -1.28286  1.58842  13.5407  16.1439  2.16451  8.37307  -6.80452  -2.79044  5.66766  2.26438  0.971023  -11.0686  125.431  -8.7064  -0.229425  -38.0626  -937.936  5.75293  -0.928822  -0.930422  40.154  -46.8785  0.736899  6.50478  3.1169  10.1545  -5.43338  -0.773304  -0.179995  -5.31176  2.39205  
0.131432  -9.04645  -10.0123  -0.583983  -2.24236  52.1448  -10.3327  -3.38844  0.354072  0.299544  2.93151  -1.62241  2.98501  14.2392  21.7568  -5.38363  5.03941  -3.22971  1.7579  8.00462  6.45319  -6.83517  0.285244  99.6165  -4.09309  -0.087448  -47.1778  -2020.91  5.58544  -7.65473  -5.27265  -64.287  -59.3475  4.85089  8.22832  10.1965  2.11012  -9.48203  -1.59785  -0.348393  -9.72303  2.02414  
-0.0844051  -6.51924  -26.3672  -5.45366  -6.37108  -40.3082  -7.97116  -9.59332  -1.23087  -0.106671  -17.258  -9.05003  1.29944  10.4792  9.72669  -8.08678  -1.08248  8.97924  11.8956  8.71463  2.6384  -11.3596  10.4935  69.3423  2.52755  -0.0138395  0.251167  -1837.18  2.13437  -13.3255  -8.16618  -55.0241  -19.5208  6.94252  1.54146  13.692  -7.29077  -0.98305  -2.78764  -1.1659  -11.9172  1.07252  
-0.377073  -0.208114  -36.5782  -10.289  -6.18135  -121.576  2.81483  12.1443  -0.241607  -0.131359  -23.2943  -18.5709  8.07651  3.67892  -7.42429  -4.22447  -4.589  27.4848  12.4966  6.197  -4.75713  -4.5275  12.2281  70.5018  1.83564  -0.180942  32.4029  185.983  -1.06536  -15.6554  -6.02373  36.1106  8.85127  4.63867  -6.00794  10.8953  -11.0908  13.1378  -4.42169  -1.62973  -8.88936  1.11391  
-0.711896  6.94587  -25.3339  -8.93252  -2.88455  -94.708  10.6843  47.8305  2.97285  0.605317  -19.9923  -24.0825  20.8408  -3.59601  -13.7969  2.28165  -3.62367  44.5898  0.6315  1.49359  -6.75174  6.18803  6.75399  84.8634  -6.832  -0.625852  8.03686  2422.73  -2.17102  -13.1119  -0.155406  79.3446  2.55658  0.629705  -6.71677  3.7953  -7.35407  23.7978  -5.26765  -0.990839  -2.05526  2.858  
-0.968594  12.6436  -2.13525  0.50604  -0.675518  15.8487  9.94896  47.8748  3.34626  1.58647  -12.2603  -25.3783  26.7772  -9.2729  -9.29431  6.03644  -1.35531  41.5606  -11.0936  -2.42259  -0.813724  6.45378  2.01937  82.8197  -13.3652  -1.04197  -39.7297  3099.09  -2.26519  -6.75393  3.97105  12.3286  -17.4495  -1.12077  -0.442237  -3.44106  -0.0676888  26.9251  -3.93552  0.115005  6.86296  4.95985  
-0.927745  13.9981  17.3543  9.82561  -0.585157  101.761  5.86898  11.4142  -0.80975  2.09411  -3.53055  -25.2428  18.4121  -12.4128  -4.01626  4.70709  -1.23929  9.13011  -12.1412  -4.0913  5.22619  -6.61284  2.86742  62.5677  -9.28833  -1.00572  -49.8223  2132.82  -1.98835  0.356185  2.36138  -87.4035  -30.6954  0.477877  6.35664  -7.63516  7.61361  20.0899  -1.29122  0.460937  15.8364  4.9144  
-0.64368  7.20459  22.8947  8.4304  -0.0544646  100.183  5.32111  -8.11102  -5.6252  1.90551  4.12813  -22.998  2.73186  -12.946  -1.69187  -0.18926  -3.04501  -31.7683  -5.84989  -6.01414  4.21355  -18.9226  5.78861  41.4413  1.48267  -0.581952  -13.1335  1021.82  -0.592362  5.63651  -2.92547  -112.314  -34.6366  3.03685  7.02253  -7.85679  11.9591  2.88812  0.102586  -0.020844  19.4308  1.9042  
-0.577146  -6.25794  16.1387  -2.35156  1.44707  46.8759  7.90703  13.7474  -8.18714  0.980407  10.3887  -16.2748  -6.46893  -11.0827  1.43479  -4.7633  -3.91106  -42.6706  -3.43157  -9.99827  -2.03052  -14.6464  5.08602  28.3063  7.21393  -0.423808  32.2517  873.949  1.84453  5.05937  -7.42768  -56.2468  -28.3498  3.64892  1.96383  -5.22056  8.49623  -17.9146  -0.569358  -0.391742  13.7266  -1.82963  
-0.937901  -16.6817  4.5479  -9.00055  0.507751  -0.128038  8.78327  41.8829  -7.65699  -0.627593  14.3355  -6.10101  -6.50846  -7.42421  6.61068  -5.7831  -2.12068  -14.3145  -8.40374  -12.5406  -5.74623  3.46849  1.77798  15.2558  6.77867  -0.875051  64.7129  1552.46  3.98381  -3.09499  -7.87149  -2.05839  -7.76186  2.53078  -2.70199  -2.07746  -3.56765  -28.3575  -1.05045  -0.294411  0.92113  -3.24886  
-1.06418  -15.1169  -5.40878  -3.1977  -4.22744  -26.177  6.38774  29.1068  -4.52165  -2.11468  15.3598  1.69881  -8.25729  -2.95192  8.80817  -2.61956  1.14275  21.6249  -13.7524  -8.15977  -3.05291  17.3834  1.1205  5.36053  6.79061  -1.18799  89.56  2128.34  3.78424  -11.5309  -5.53351  -10.9048  21.3683  2.44072  -2.36954  -0.0966779  -15.5242  -19.6913  1.0013  -0.252819  -9.40723  -1.71762  
-0.126281  -2.99147  -7.65508  7.1361  -8.34623  -40.2553  3.3647  -13.3409  1.9262  -2.30199  10.1984  2.06603  -19.298  0.915449  5.58307  2.38721  3.26156  32.9948  -13.1125  1.98337  3.8432  14.07  3.33063  14.6774  8.37017  -0.32669  111.503  1912.98  1.89112  -6.69712  -2.89536  -52.602  39.8288  4.06921  1.16076  0.452831  -14.2265  0.354549  4.23793  -0.24276  -10.075  0.584038  
1.53331  8.8566  -1.19004  8.8012  -6.5841  -35.7493  1.719  -42.8629  10.5991  -0.513849  0.376527  -3.98557  -28.0223  3.01862  1.86194  5.20228  2.81826  22.8675  -6.41878  9.59711  9.87094  2.40064  2.41629  48.9304  3.93698  1.44442  102.805  509.06  0.586091  11.9206  -1.98651  -56.0351  30.0136  4.72568  2.24321  0.0663831  2.55574  13.1169  5.35412  0.622124  -4.6282  1.22454  
2.40551  12.9603  9.94119  0.800938  -0.64145  -0.59406  1.11252  -46.9185  16.6976  2.02736  -6.26399  -11.4028  -14.7182  3.60383  2.09224  3.28344  0.754502  14.8692  1.66704  8.28297  12.0104  -1.32342  -4.01985  87.3944  -7.8937  2.47476  45.7332  -1492.47  1.11651  23.7861  -1.17364  2.78134  0.169522  1.40955  -0.797753  -1.25363  19.807  8.63651  3.58478  2.3651  -2.18092  0.0932153  
1.52391  10.4572  11.7563  -5.91034  3.09603  41.4115  1.32473  -38.0786  14.218  2.89106  -5.91661  -16.5624  21.414  3.78023  3.30172  -0.811817  -0.792234  15.1951  7.35431  1.35247  10.2568  4.37572  -8.70329  100.789  -13.5798  1.61631  -32.1233  -2878.89  2.31294  12.9267  1.52162  67.4037  -25.1243  -5.12587  -3.83497  -3.48539  20.9807  -4.96317  1.2284  3.27048  -6.81083  -1.10617  
-0.247155  5.21288  -1.74251  -4.01011  1.336  51.0772  2.85918  -26.0905  2.26818  0.929168  -1.88718  -19.9875  53.2661  4.68476  0.39958  -2.04184  -0.744782  9.76069  9.33645  -3.1195  7.42924  4.68688  -3.32008  84.999  -4.2283  -0.264754  -73.5013  -2614.59  1.74194  -9.98441  5.27084  75.5837  -27.3322  -9.90535  -3.56931  -5.33272  7.96487  -11.0966  0.213377  1.91558  -12.7826  -0.846852  
-1.29438  -1.7197  -21.3666  0.970503  -2.16677  8.18959  4.01431  -13.0676  -12.2099  -2.25677  -1.12126  -23.3063  50.9414  5.99604  -4.72911  1.30272  0.155769  -7.21058  8.58078  -2.13047  6.1576  -8.62014  9.27865  62.1324  9.09641  -1.40258  -58.3525  -1035.67  -0.621993  -17.874  6.35551  29.3721  -9.87141  -9.03242  -1.96676  -4.34475  -3.5919  -3.4491  -0.110403  -0.58913  -10.5097  0.774341  
-1.17219  -8.49668  -31.0426  0.391759  -1.70522  -51.3153  1.17059  -5.13457  -19.5405  -3.69653  -5.27144  -25.7458  15.2779  6.01593  -5.72102  5.05323  0.588067  -19.954  7.38797  -0.235449  5.69484  -23.3371  15.6209  50.9311  9.12314  -1.25969  -17.8944  446.258  -2.38933  -4.12414  3.23676  -7.82129  7.91275  -4.58328  -2.1123  -0.537002  -2.70976  8.06644  -0.835702  -1.7318  -0.159236  2.52583  
-0.831003  -9.85448  -28.6657  -4.99451  3.04965  -61.7643  -5.52698  -14.5607  -15.9045  -2.14782  -8.97998  -24.6763  -20.2937  3.39415  -0.190091  4.35618  0.132842  -12.8678  7.28609  -3.01619  2.77023  -21.4237  7.9087  49.8397  -0.90085  -0.849323  -1.35858  355.609  -1.59022  9.49839  0.0822646  -2.47057  10.2714  -1.83809  -2.74949  1.9107  4.62909  8.65837  -1.47547  -0.893695  8.77521  3.17681  
-1.03618  -4.42926  -27.5004  -7.12842  6.97233  1.12135  -10.5659  -32.8793  -6.88816  0.445188  -5.86395  -20.4305  -26.3755  -1.18873  5.84058  0.396334  -0.638351  7.59096  6.79077  -9.52978  -3.44017  -5.72472  -5.86453  44.0378  -3.33341  -1.02485  -28.7896  -1186.97  -0.00887702  4.16918  0.808893  20.2731  3.01129  -3.01127  -0.0211272  -0.34988  7.56815  -5.80046  -1.21661  0.165952  9.1724  2.59692  
-1.38667  0.63653  -32.6332  -1.93426  6.56509  82.5105  -9.48475  -32.395  -0.83108  1.36783  5.83355  -16.4792  -5.98273  -5.01162  6.02195  -1.46202  -0.963587  20.3916  2.53592  -13.6963  -8.82008  5.91641  -11.4496  27.5907  5.14747  -1.38906  -63.0209  -2751.47  -0.725731  -9.66388  3.95361  24.9207  5.37151  -4.10934  5.10902  -5.45737  4.20283  -22.7013  -0.129051  0.0805278  3.28903  1.5255  
-1.22797  -1.14696  -34.8117  4.65893  2.06771  105.378  -4.98148  -0.645856  0.00549614  -0.0197808  19.49  -14.9933  12.6009  -5.85834  0.564156  1.09195  -0.676524  16.7452  -5.84527  -11.0937  -8.2069  3.95637  -6.19288  8.60228  7.80211  -1.24282  -57.2316  -2771.03  -4.41433  -12.2353  4.07007  13.129  26.1271  -0.508871  6.98377  -7.53343  -0.214888  -23.2194  0.988133  -0.251124  -0.646206  0.377413  
-0.818806  -5.19632  -23.8605  4.6725  -2.60087  49.9833  -3.07065  34.8181  1.34247  -1.63964  25.8478  -12.9388  10.7992  -3.77565  -4.59914  3.72148  -0.341816  4.73453  -12.3021  -3.05149  -1.97716  0.436653  -1.37896  0.508731  -6.92356  -0.845877  -2.87049  -1056.04  -7.60511  -2.04935  -0.159468  16.0511  45.9244  6.10789  2.17141  -4.10302  -4.12446  -1.02899  1.93383  0.512428  1.25024  -0.908915  
-0.900899  -2.22736  -7.142  -2.09193  -3.26676  -26.7821  -4.38668  49.1907  8.50889  -1.46338  15.0692  -6.85719  -6.28125  -1.10734  -4.78606  2.42128  -0.778724  -4.73191  -12.7863  4.84087  3.83423  5.87886  -5.39768  11.008  -24.8673  -0.955849  49.4542  1009.31  -6.76413  2.967  -4.64623  33.2481  37.7943  8.42673  -5.27199  0.77561  -8.43211  28.4082  2.59954  1.66907  5.4203  -2.24046  
-1.39952  6.72745  -2.10537  -7.6996  1.2892  -46.6327  -4.25314  46.9713  17.8156  0.428975  -11.5341  1.12237  -21.4291  0.470018  -0.308187  -1.13275  -1.99304  -9.42497  -8.80435  7.6802  4.71318  10.8201  -12.1729  35.2909  -24.3113  -1.47119  47.9113  1858.2  -2.2435  -3.98467  -5.07079  37.3993  2.01281  3.28204  -8.21685  1.69555  -8.11539  38.6718  2.27314  1.54081  5.61799  -2.95368  
-1.3248  10.8973  -13.1224  -5.98188  7.31642  -12.7145  0.118663  42.9061  20.0213  2.20984  -40.9321  4.07078  -21.2352  1.73066  4.30684  -2.07667  -2.8869  -11.1268  -3.72459  5.28864  3.9927  0.000960036  -9.41316  55.615  -7.12164  -1.36015  2.23843  1005.65  2.33651  -9.80877  -3.48295  18.7877  -29.7437  -3.78984  -4.63478  -1.311  1.29505  18.3809  0.705087  0.411886  0.387947  -2.87276  
-0.161557  6.33894  -26.373  -0.44132  8.0011  5.40897  5.67755  32.1551  11.5617  2.51712  -55.1255  -1.0374  -4.93245  4.05641  4.97282  0.700409  -2.73991  -9.2088  0.981993  1.79462  6.36847  -19.3878  2.78708  41.8877  7.11659  -0.107487  -32.9979  -449.674  3.98475  -3.74056  -4.65862  -2.05691  -29.0506  -5.29091  0.963852  -3.12322  15.6858  -14.5943  -1.1112  0.291423  -6.93025  -2.45204  
1.28391  1.8195  -23.5616  1.64007  0.867932  -29.8353  8.79558  -0.739824  0.227033  1.52557  -47.1513  -9.40603  19.1864  6.11406  2.14952  3.09063  -2.49538  -1.86308  6.82912  2.05595  10.8933  -23.7559  11.1202  -10.7503  7.31603  1.44251  -38.3797  -920.022  3.05894  7.45352  -8.47796  -14.3635  -4.0829  -1.14606  3.24012  -0.738693  21.8995  -28.993  -1.75677  1.5892  -9.58077  -2.29876  
1.80509  4.60212  -3.57598  -1.19543  -8.71163  -85.9217  9.84863  -38.9583  -3.99233  0.292044  -25.15  -13.4005  35.5209  4.91709  0.496047  1.9953  -3.2198  7.44524  12.5757  5.12977  11.2219  -6.23767  7.49065  -65.9062  4.20461  2.03939  -45.4971  434.764  1.5934  11.6701  -10.0711  -33.6531  12.8257  2.5412  1.51642  4.27547  13.818  -13.6138  -1.53077  2.02275  -3.74797  -1.98023  
1.24596  8.2089  16.7107  -3.36727  -11.6454  -97.9155  10.9542  -39.8169  -0.78754  -0.365415  -3.0502  -11.3491  29.9098  0.475137  3.05235  -1.58061  -3.51806  13.0412  13.5644  7.0258  4.81198  10.5763  -0.518778  -70.487  11.6576  1.46388  -57.5224  2892.27  0.731608  9.13994  -6.3516  -57.0947  5.26467  1.75263  -0.705655  7.99105  0.708719  9.17139  -1.62097  -0.00172433  6.74782  -0.508076  
0.530884  3.60457  18.9969  -1.15185  -5.05969  -53.0969  10.7939  4.36987  1.13018  -0.084088  11.7091  -8.10078  2.25203  -3.30348  6.70368  -3.98039  -0.792897  13.9949  9.1848  5.42996  -3.6903  6.53811  -1.29521  -19.9705  26.7936  0.596174  -21.3916  4365.68  1.01822  6.71592  -1.32297  -35.7019  -9.79375  -0.98555  -0.317779  8.74834  -4.43168  8.90358  -2.33236  -2.57658  12.3033  1.24025  
0.392447  -5.41428  0.623071  1.91792  4.17989  16.1082  6.29707  39.9721  -4.20006  0.850137  20.066  -8.72456  -28.8511  -3.21596  5.95151  -3.55343  4.26683  13.9271  4.27076  2.79486  -8.64207  -7.8512  3.81961  22.4751  31.9246  0.245548  94.3489  3155.13  2.33877  4.94271  -1.79409  62.5891  -5.79259  -0.955837  2.13956  7.34354  -1.67027  -16.4116  -2.94491  -2.52587  5.64799  1.54722  
0.564943  -7.35583  -22.6315  0.273483  6.8419  89.896  -2.01151  22.3317  -10.8091  1.58045  26.1957  -12.5753  -37.7749  -1.20156  0.848308  -0.964851  6.99741  13.4142  2.01223  2.93475  -11.0849  -7.29381  4.29602  -1.36369  17.8334  0.332576  200.689  -575.136  3.65369  -1.60959  -8.08247  178.653  21.7148  1.66474  3.08467  4.37417  -0.272289  -37.7079  -3.00932  0.0416424  -8.46237  0.633634  
0.44552  -0.502251  -28.0236  -4.02791  0.769571  151.219  -8.96873  -21.2217  -9.0053  1.14142  29.3662  -15.2631  -16.6307  -0.967031  -1.74699  1.84884  4.58272  9.15777  1.44939  5.47414  -15.3152  9.80267  -2.0663  -74.2716  -5.55568  0.336832  185.062  -4048.18  3.51948  -9.54193  -12.468  195.201  45.1415  3.18788  0.29312  0.690529  -3.94127  -29.3482  -2.7505  1.86542  -17.2154  0.870079  
0.0481893  4.3232  -12.4731  -5.1417  -7.15799  165.469  -9.63227  -26.7884  1.81267  -0.321674  23.6718  -14.2217  15.0709  -1.65533  0.842365  3.77442  0.65413  0.959569  0.033001  6.43525  -19.5975  20.7864  -5.45784  -122.184  -21.7579  0.0912442  57.4609  -4264.41  1.72555  -8.71882  -7.56283  69.7645  36.0021  1.26162  -3.80009  -2.12807  -7.27208  1.62164  -2.0341  1.02541  -10.8197  3.55929  
-0.152107  -0.357065  7.94494  -0.422076  -8.40385  92.2894  -5.14789  8.29847  10.404  -1.36191  5.36141  -11.1406  30.6783  0.34029  1.92345  4.73591  0.857961  -5.73255  -1.2347  3.6208  -16.0287  11.3467  -0.00999581  -101.258  -23.838  -0.167743  -55.438  -1282.64  -0.261438  2.33367  4.32154  -104.814  -5.78732  -2.76098  -5.32888  -3.0446  -4.24102  25.9997  -0.450548  -0.644803  5.55234  6.31537  
-0.0610984  -8.8223  8.76443  5.1953  -1.43102  -38.1578  -0.803605  37.5694  7.42243  -0.761081  -16.0784  -9.13715  21.1419  4.41718  -5.44296  4.83995  4.90011  -6.07751  -1.26632  -0.929261  -2.16835  -4.90203  6.34778  -51.3482  -18.5951  -0.307206  -69.8056  1516.99  -0.776386  11.7611  13.1414  -193.897  -49.5998  -5.47637  -3.54585  -3.58694  2.96555  24.7865  1.27436  -0.496967  16.182  5.77629  
-0.118155  -11.3379  -18.5156  6.67297  6.71387  -129.111  0.256235  35.4083  -2.91173  0.834431  -20.6971  -9.39708  2.03006  4.62814  -16.5683  4.3089  6.59572  -2.48481  -3.27721  -4.04416  12.9804  -8.82377  3.45109  -28.2453  -13.9455  -0.467081  -26.0031  1096.17  -0.805543  10.5177  12.2877  -158.725  -67.9454  -5.33653  -1.85082  -4.44583  7.18705  5.54674  1.15298  1.24748  10.4011  2.05172  
-0.528422  -5.83735  -56.2381  4.13071  7.9277  -112.298  -0.34489  23.3908  -8.82249  1.43835  -2.70919  -10.1653  -6.31228  -2.07566  -17.9109  2.78296  2.36116  1.32997  -11.4906  -5.17351  16.6394  -1.42103  -6.29563  -27.7807  -12.135  -0.67365  -3.00118  -1767.81  -2.42693  3.99633  4.76435  -76.949  -57.5849  -2.93841  -2.87129  -3.54947  5.1699  -12.5302  -1.61003  2.10351  -6.68865  -1.87102  
-0.831907  2.0375  -71.9779  1.45892  1.4936  -33.9852  0.551836  12.4502  -5.44889  0.130516  13.4903  -9.74146  -0.030997  -9.86456  -5.35685  -0.5054  -3.75621  4.34109  -21.2601  -5.67843  6.94375  2.06702  -11.2802  0.68807  -8.76116  -0.652197  -4.906  -3547.05  -5.57801  1.8805  -0.864669  -35.5032  -35.5013  0.0532849  -4.49846  1.35487  1.75444  -19.5026  -4.76557  0.897305  -19.0216  -3.7673  
-0.612153  6.39402  -49.0068  0.329717  -4.44215  11.2206  3.06281  -1.54444  0.981664  -1.73457  1.35448  -8.24414  5.48632  -10.6684  8.90344  -5.27711  -5.73997  3.78789  -22.9577  -6.58553  -5.53987  -3.58695  -7.15959  69.9947  -3.47638  -0.296629  0.216216  -2393.85  -7.42411  2.1519  -2.49846  -34.5438  -12.9167  2.66634  -2.9006  7.6252  2.6147  -16.9423  -4.82271  -0.92873  -16.3014  -4.10693  
-0.215174  6.56957  -11.4688  0.0738365  -3.03662  10.349  4.92414  -17.3952  4.22321  -2.25888  -30.8178  -7.60377  -1.24495  -4.11973  10.9426  -8.71835  -3.42479  -6.17888  -11.9208  -6.94774  -10.1024  -8.92636  -1.56563  120.437  3.91203  -0.0124375  25.8202  -72.0063  -6.35082  -3.31695  -3.73308  -13.0332  9.56698  5.31925  1.51241  9.25347  6.85864  -9.01597  -1.33183  -1.66725  -5.29574  -4.40821  
-0.264601  4.48319  -2.77458  -0.776203  2.85489  40.3823  4.64659  -12.4861  4.22954  -1.34237  -43.8996  -8.85868  -16.5574  3.07595  3.25303  -7.82428  -1.55687  -23.4726  1.29657  -5.55465  -6.70026  -7.29412  -1.39192  95.4802  10.9501  -0.212992  43.9177  884.302  -3.77255  -12.2515  -6.89051  56.4746  29.2198  6.68033  4.30975  4.03076  6.95213  2.36995  2.53362  -1.32001  -0.83369  -4.50001  
-0.572481  2.2799  -31.6956  -1.84316  4.13196  139.613  2.77509  2.89812  4.74803  -0.262686  -14.0032  -11.1638  -27.052  6.49807  -0.830039  -2.68575  -2.3605  -29.4546  3.73447  -2.34095  -2.48331  -1.79979  -4.09617  14.5332  16.2563  -0.541088  59.3957  670.971  -2.30259  -12.6234  -10.0839  129.92  37.292  3.93531  3.69683  -2.81969  0.182687  13.3346  3.45322  -0.834354  -7.51407  -3.30792  
-0.205857  0.5729  -49.1578  -2.40027  -2.29996  231.403  1.13529  -3.3976  3.73583  0.150095  30.5948  -12.7057  -23.9372  7.46806  4.79877  2.92994  -2.54845  -9.97509  -4.53932  1.3115  -0.3677  0.642832  -3.20369  -52.4967  18.6141  -0.137042  85.0375  1078.8  -2.06954  -0.541635  -9.93158  147.57  31.2713  -2.92365  2.5922  -4.27966  -5.59309  16.6387  2.14147  -0.433606  -15.1971  -0.93602  
1.15353  -1.99025  -14.7705  -1.25641  -8.69581  196.443  1.92918  -34.468  -2.46749  0.5898  44.6838  -13.0489  -10.8993  7.38108  10.496  5.18442  1.2898  20.9019  -10.8911  3.69653  2.62943  0.949301  1.64614  -68.8927  15.3396  1.14782  93.1423  2323.32  -0.409937  11.0218  -6.2511  112.697  19.5551  -8.53827  3.71471  -0.128969  -0.751198  8.65949  1.84471  0.310022  -11.4773  0.918577  
2.4182  -7.4226  42.5779  1.83493  -6.29395  30.831  5.77188  -45.4535  -11.5839  1.50596  19.9513  -12.4199  6.08911  4.37065  5.88525  4.31252  7.11387  31.8606  -4.7827  4.17778  7.49979  3.72961  4.482  -61.3024  8.47443  2.2176  37.312  2531.06  3.68439  6.87891  -1.85948  74.1924  5.52101  -7.36819  5.0058  4.8232  9.18631  -5.02219  3.59729  1.11183  3.61977  1.37838  
2.23135  -14.1184  61.8688  5.84045  2.81227  -144.81  8.34396  -23.5246  -15.0947  2.10852  -9.13436  -11.0283  21.4028  -1.73804  -6.59065  3.62061  9.41184  13.7912  9.00174  3.33451  8.36734  9.51608  2.14238  -61.9871  3.39568  1.90363  -68.0636  596.246  7.86333  -10.1405  0.234  57.4396  -16.2108  -1.10776  2.42146  6.24618  7.96018  -13.5532  4.51222  0.948261  17.8111  1.28938  
0.633276  -16.369  38.656  7.92603  8.08634  -210.09  2.82328  -3.63555  -9.57942  1.35332  -14.6893  -9.16898  28.9353  -6.06009  -14.4562  4.4985  5.67976  -6.51968  18.0801  1.9905  0.895272  14.305  -2.76736  -61.1305  3.06337  0.414934  -145.314  -1713.41  8.37313  -22.2116  0.26774  27.9315  -38.6869  1.95248  -2.87426  4.14393  -9.96096  -10.473  1.443  -0.460583  20.5417  2.56326  
-0.948135  -10.5095  35.1708  5.96259  3.50351  -158.464  -10.598  -12.0297  -0.987491  -0.0855719  -4.26838  -7.43652  22.1797  -4.25906  -10.9337  4.71127  -0.867894  -3.08762  14.7149  0.905  -9.5585  13.542  -6.11398  -36.1082  6.30621  -0.881115  -123.518  -2015.79  4.32846  -16.7715  0.169517  -28.7255  -35.6379  -1.45655  -5.43004  1.3025  -28.0868  0.270587  -4.71127  -1.77046  11.7822  4.81212  
-1.40808  0.49546  80.39  1.47551  -5.57256  -80.8323  -20.623  -14.705  3.12886  -0.587106  1.02108  -6.04689  3.05551  1.22657  -1.6621  1.64254  -4.95406  13.1341  2.3297  0.302677  -13.0612  6.78181  -5.72888  0.902133  9.98417  -1.1333  -16.8134  -544.418  -0.967974  0.520805  1.74185  -74.383  5.1043  -4.68498  -2.86539  -0.260536  -26.7337  8.19027  -9.62834  -1.42182  0.633957  5.72436  
-1.07843  8.43116  117.239  -1.13258  -9.1955  -38.4535  -15.9594  10.2605  2.20897  0.0959699  -3.67304  -4.29693  -17.3945  3.93574  3.82838  -3.59411  -4.61098  11.4137  -9.07659  0.478289  -7.57918  -2.31096  -1.50026  12.4157  14.4008  -0.850723  102.963  339.352  -3.32866  13.3283  3.3632  -51.1876  53.2044  -0.393489  0.177486  -0.713456  -5.04739  5.42646  -9.87433  0.359028  -5.34753  3.66087  
-0.94596  8.97299  85.3382  0.440868  -5.19084  -7.04486  -0.311083  30.2345  1.56638  0.19627  -9.35906  -3.06059  -26.7707  2.36479  1.95284  -6.36517  -2.47041  -10.2515  -12.9438  1.2863  -0.30718  -8.24215  4.87494  -8.87934  16.3147  -0.917499  154.242  -799.057  -1.7025  13.4372  1.44195  23.3414  60.6882  7.46137  -1.08718  -0.934214  16.6383  -7.24282  -6.08426  1.68197  -6.30019  0.420798  
-1.28339  4.83453  14.2022  2.98828  -0.154597  57.8993  10.1257  9.08246  2.92829  -1.05786  -11.0915  -5.29337  -23.415  0.145382  -2.70592  -3.73736  -2.31589  -23.262  -9.35872  2.66279  3.52003  -8.06595  9.54546  -32.5845  10.1725  -1.34206  111.732  -2595.4  1.1867  7.87763  -5.68186  74.9398  18.7424  8.20893  -5.01611  -1.73708  21.7921  -20.0715  -1.54154  1.29196  -6.38837  -1.20521  
-1.59839  1.53077  -18.503  1.50718  -0.879488  138.841  7.07783  -13.96  3.71133  -2.07599  -9.55659  -12.5154  -14.9825  -1.26373  -3.88144  2.04043  -4.63416  -10.4583  -3.27341  3.86001  5.58241  -4.2328  8.78652  -37.4713  -5.1127  -1.54492  13.68  -2581.55  1.93318  8.31514  -12.9938  60.3591  -31.0685  0.336522  -6.43239  -2.77072  11.516  -21.1129  1.26879  0.166425  -7.40009  -1.28376  
-1.62548  0.415605  12.2144  -4.55327  -6.29218  158.806  -0.574303  14.6705  1.75738  -1.1069  -3.10373  -20.5949  -8.93179  -4.21157  0.462393  6.2501  -5.93275  9.30775  1.84229  5.06496  7.3285  -2.22754  2.65201  -33.419  -19.0819  -1.48036  -62.9005  -299.731  0.619955  17.3101  -13.5014  18.8351  -47.9734  -5.80637  -3.98582  -2.98436  -0.511696  -7.44039  2.14348  0.103314  -6.46183  -2.27299  
-1.66068  -2.0767  53.2344  -9.63633  -9.42825  85.0633  -0.2497  61.7116  -0.638501  0.992463  9.75604  -23.1397  -4.58153  -8.67367  6.59539  6.19575  -2.73079  11.1249  6.48314  5.55042  4.71297  -4.28265  -4.59099  -33.176  -17.5292  -1.69044  -57.322  2317.58  -0.973764  21.6505  -7.04586  8.10057  -31.7543  -2.08126  -2.26074  -2.27661  -2.76833  10.4506  2.23442  1.2781  -1.05987  -5.05403  
-1.80615  -7.83692  58.5585  -8.22899  -5.99877  -17.3525  7.54199  50.197  -1.55291  1.65306  20.9517  -20.6129  1.76119  -9.08307  10.3113  2.9965  4.00137  -0.261576  11.1376  3.36339  -4.00356  -5.82997  -7.87261  -26.8224  -3.06983  -2.20283  2.34623  3160.13  -1.56567  7.76758  -0.83717  26.3166  -12.2028  5.76591  -3.83716  -1.84645  5.05677  16.3662  2.056  2.14089  4.10025  -6.43942  
-1.51858  -13.1578  42.7437  -1.38345  0.982341  -37.8798  11.9823  -29.7873  -2.48953  0.417536  20.4328  -22.5748  11.1565  -2.15797  9.76109  -0.138364  9.29247  -1.27682  12.2919  -1.991  -10.6407  -2.57314  -6.09271  -3.84635  6.54503  -2.13329  34.9912  1964.73  -0.952714  -21.3632  0.0884635  26.9243  -7.92115  6.31307  -5.3349  -2.77973  12.9682  5.4679  1.50239  1.68907  2.71284  -3.51132  
-0.339032  -12.1005  41.2788  4.14362  6.35126  37.8947  7.21692  -92.6057  -5.24045  -0.387042  8.66331  -35.5548  19.2156  6.47418  6.81051  -0.87279  9.18181  10.0636  6.24154  -8.60595  -6.26761  4.61688  -2.27904  17.7408  -2.6374  -0.803264  -3.19096  580.349  1.3631  -43.9458  -1.34324  -11.3246  -13.7631  -1.5879  -2.52801  -3.51973  8.79718  -9.77728  0.491217  0.722264  -6.36381  2.35441  
1.25014  -3.137  53.5327  3.27748  6.72209  101.628  -1.55929  -79.9933  -7.79987  0.815942  -2.22433  -48.4297  19.4409  8.49014  3.07157  1.06645  4.59862  14.7706  -4.22576  -11.8023  4.95022  10.057  0.863509  14.3341  -21.1625  1.16061  -56.7459  766.638  5.08957  -41.2497  -0.248351  -54.1605  -18.2705  -7.06618  2.30605  -1.85647  -7.90181  -13.089  -0.283758  0.559901  -13.5191  7.07439  
2.19586  8.32904  52.3207  -1.01361  4.36133  38.2819  -6.62188  -28.471  -6.6655  2.71801  -2.53979  -36.9163  11.6386  4.07303  -1.02131  4.19671  -0.367683  5.76802  -9.24323  -10.259  8.61907  11.1544  1.35847  -0.26146  -25.1473  2.39238  -42.6496  2404.62  8.15582  -16.7707  1.05195  -61.9592  -15.0853  -1.83839  2.64147  1.74654  -22.6274  -2.85435  -0.456702  1.34604  -9.94865  9.00431  
2.04282  14.8719  29.7472  -2.60821  2.89796  -121.711  -5.86949  -4.54803  -3.92142  3.12878  1.23225  7.02325  1.32123  0.651133  -4.66945  6.32644  -2.80919  -1.36265  -5.03094  -5.89194  -1.4373  11.182  -0.839314  7.24856  -5.91531  2.29019  35.741  3315.33  7.12392  7.4526  -2.81541  -38.183  -4.78164  9.18519  -2.25011  3.38882  -18.1263  7.15352  -0.567598  2.19522  2.80382  9.50503  
1.3342  12.9239  4.27146  0.250144  4.09785  -216.993  -1.93696  -4.28245  -4.57256  1.82343  1.0548  50.5626  -3.81614  1.6504  -5.44968  6.03363  -2.87061  6.1925  1.28705  -2.05078  -13.7469  12.6451  -4.10012  37.3914  19.7052  1.49616  87.8976  2160.31  2.07166  15.7226  -11.143  -24.3454  5.71625  14.403  -5.97617  0.281638  3.81177  4.80586  -0.59156  2.3951  12.9423  9.28855  
0.812112  4.41416  -11.8586  3.97287  5.90263  -142.713  1.78525  5.27779  -8.19736  0.477284  -3.87023  41.2611  -3.76409  2.16724  -1.92986  4.2752  -2.07904  14.8568  0.0947057  -0.103192  -13.0623  11.9065  -6.04871  46.0309  26.2815  0.91006  62.934  -128.338  -2.9473  10.6551  -14.9822  -34.5568  5.73009  9.37928  -2.98726  -5.57369  23.6488  -6.92183  0.684072  1.72322  11.7234  6.91433  
0.611025  -4.8745  -20.3175  3.98821  4.21612  20.5013  2.72166  20.3928  -7.07964  -0.141655  -5.85264  -29.6844  -4.62043  -2.74053  1.84465  2.45651  -1.36535  5.62849  -7.19718  0.557121  0.405697  3.29471  -5.22635  3.69238  9.49061  0.721081  12.7779  -1088.69  -4.18433  4.00064  -8.73755  -31.6391  -5.33849  0.124326  2.55639  -8.29202  25.7761  -15.172  4.12699  0.107859  1.48382  1.57447  
0.390929  -9.5666  -23.0668  1.53447  -2.69613  93.535  -0.433495  19.3038  1.78778  -0.531661  -5.73304  -93.8146  -11.4644  -8.7791  -0.261093  0.583161  -1.07004  -15.7648  -12.003  0.648693  11.1833  -11.603  -2.53946  -65.7823  -11.2947  0.552121  25.7951  -189.709  -2.45002  1.0083  0.566602  21.3013  -13.3114  -5.25451  3.00455  -4.85985  16.2661  -11.5876  6.90269  -1.94454  -7.23997  -4.63812  
-0.0186415  -7.26645  -13.843  0.0127082  -11.578  11.1391  -6.31546  17.8214  10.6947  -1.32998  -9.84225  -64.8228  -19.7233  -8.25522  -8.67691  -2.93143  -1.54785  -26.5562  -8.0256  1.29309  6.79455  -23.1643  0.543067  -114.02  -15.3505  0.190317  97.5097  804.16  -1.4091  -0.14693  3.0198  92.9828  -5.1665  -4.52598  -1.54663  1.91697  8.62244  -0.954664  4.65043  -3.0666  -7.79463  -8.24165  
-0.363719  0.00341649  7.52584  1.09037  -16.2211  -101.394  -11.8192  40.2937  13.0614  -1.91706  -21.298  56.2651  -22.0829  -1.24944  -15.2743  -8.2789  -2.84431  -21.708  -3.64103  4.27359  -7.17327  -22.0258  3.69948  -122.437  -5.17381  -0.119783  146.189  519.487  -2.90427  0.0901168  -0.883703  115.026  14.325  -1.24114  -3.52107  7.14528  3.86823  3.70418  -2.88452  -2.3244  -2.80441  -8.46842  
-0.360961  6.98206  28.8722  3.01144  -13.0964  -72.5342  -14.6806  47.1358  13.8793  -1.37944  -31.5102  163.906  -15.7777  3.16358  -11.3863  -12.5945  -4.1458  -21.9515  -8.2332  10.4186  -14.899  -9.09086  6.39045  -107.676  -2.37514  -0.095808  129.002  310.553  -4.57069  5.63535  -1.26258  71.5411  25.8074  0.476375  1.61228  8.49625  -8.59889  -7.16564  -9.59433  -0.697296  0.368889  -6.99669  
-0.0498392  9.83436  38.2527  3.73184  -4.75249  97.219  -14.7846  -13.6316  21.7817  -0.0416245  -28.901  161.585  -6.47127  -0.926418  1.94374  -12.0308  -4.38526  -39.6857  -20.6898  17.147  -8.80612  5.41815  7.49974  -89.0144  -18.506  0.213916  75.2093  1885.27  -4.24373  15.8472  7.44562  9.43263  20.4579  -0.0884131  9.25008  7.0921  -30.2441  -28.5327  -9.48534  -0.0245347  -1.71671  -5.72432  
0.272514  7.85088  34.7842  2.93736  2.6096  241.282  -12.2626  -104.5  30.2177  0.972033  -14.3988  75.0072  -0.67596  -7.9513  13.1795  -7.02111  -3.16169  -55.3532  -28.7059  18.6022  2.55196  11.6398  6.12385  -68.2425  -37.0512  0.487834  32.6249  3920.69  -2.39268  21.8646  16.5823  -18.3071  6.31484  -1.307  11.753  4.87181  -44.4687  -42.248  -3.97112  -0.557181  -5.44453  -4.37096  
0.377852  3.31308  28.7555  1.0405  4.47381  196.482  -6.46698  -109.905  23.1506  0.804291  1.12451  11.1179  0.00973923  -7.51186  11.7997  -1.35806  -0.90869  -36.5335  -19.762  10.9632  5.10534  7.5989  2.60868  -38.5603  -31.6243  0.478061  12.3505  3073.57  -1.12458  13.9908  13.0355  -4.70964  -2.44203  -1.62348  6.96195  2.14927  -32.7484  -31.4971  0.286701  -0.728616  -5.60782  -2.08989  
0.279412  -1.78917  25.5427  -0.732636  1.70617  -26.1283  2.17828  -1.03029  -3.26038  -0.358627  11.8801  14.4207  -2.61731  2.44492  -1.2432  3.013  1.75107  19.1432  4.15591  -4.16272  -3.92193  -3.02495  -1.97454  -0.273755  1.151  0.211777  -4.68295  -1392.99  -1.34768  -6.72985  -4.46775  23.7038  -1.86426  -1.18444  -2.38937  -0.987869  3.61705  1.47467  0.362511  0.299517  -0.341672  1.24472  
